12.9578293 77.56160879999993
12.9718231 77.59607619999997
12.963783 77.58667500000001
12.955591 77.56328299999996
12.95415 77.57356700000003
12.969655 77.58448299999998
12.9791593 77.55342799999994
12.9647296 77.59892070000001
12.9623213 77.59218429999999
12.963377 77.59116100000006
12.969442 77.58366699999999
12.959334 77.57545800000003
12.9789554 77.57483760000002
12.954017 77.57996700000001
12.9718879 77.53692810000007
12.9818813 77.5879109
12.958641 77.53618200000005
12.95865 77.56031699999994
12.960048 77.587583
12.9785999 77.55065560000003
12.9704721 77.60657709999998
12.980133 77.55361700000003
12.970707 77.57383600000003
12.964757 77.53524500000003
12.9774734 77.57950159999996
12.9738534 77.61246440000002
12.974347 77.57690400000001
12.9710912 77.59723150000002
12.9586268 77.56337489999999
12.9715987 77.59456269999998
12.9806822 77.55352779999998
12.975174 77.60799470000006
12.9578751 77.59225130000004
12.9725196 77.57036779999999
12.962332 77.53349200000002
12.971606 77.59437600000001
12.967699 77.52397399999995
12.9766232 77.54116249999993
12.9730772 77.60235620000003
12.9608684 77.56615690000001
12.971598 77.594562
12.964711 77.531747
12.955767 77.57826699999998
12.953383 77.57916699999998
12.951781 77.56974500000001
12.973767 77.61271699999998
12.9684486 77.57139559999996
12.9806125 77.55872909999994
12.9539237 77.56865670000002
12.9580672 77.60595349999994
12.9607708 77.59481920000007
12.9512103 77.59404949999998
12.960313 77.594965
12.965187 77.60112099999992
12.9790495 77.58784709999998
12.972017 77.57433300000002
12.96021 77.57484
12.969811 77.58444299999996
12.9753759 77.57800069999996
12.9613679 77.58933000000002
12.9806997 77.61374169999999
12.969183 77.57946700000002
12.955838 77.59178399999996
12.9753263 77.60495289999994
12.9805236 77.60445770000001
12.9752114 77.5980472
12.9756145 77.59346210000001
12.964712 77.57370330000003
12.953433 77.57791700000007
12.9613323 77.58930149999992
12.9726059 77.57831050000004
12.973533 77.60743300000001
12.9562979 77.57244319999995
12.9715987 77.59456269999998
12.9719702 77.58062789999997
12.9789554 77.57483760000002
12.9679648 77.51959729999999
12.95979 77.60272200000009
12.958189 77.57097899999997
12.975117 77.60376700000006
13.0077618 77.56355170000006
12.9729033 77.62665859999993
12.9398198 77.58276479999995
12.9642476 77.71650390000002
13.0250644 77.60648309999999
12.9392262 77.58228959999997
12.9407244 77.57013619999998
12.948193 77.59718699999996
12.9838743 77.57971999999995
12.920613 77.58612199999993
12.948707 77.597669
12.9718915 77.64115449999997
12.939236 77.577767
12.9775073 77.61877230000005
12.9243443 77.5822306
12.957068 77.64243899999997
12.9489814 77.59775960000002
13.0085444 77.566911
12.9871105 77.57875899999999
12.996161 77.61791210000001
12.986075 77.61199599999998
12.983461 77.67360800000006
13.0131161 77.57783569999992
12.9915758 77.61158269999999
13.009306 77.56629199999998
13.0010177 77.57407179999996
12.9308465 77.63314489999993
12.925392 77.57345199999997
12.992734 77.54244799999992
12.9271154 77.5744307
12.93269 77.61376199999995
12.940876 77.53867000000002
12.946376 77.596273
12.9240116 77.56706340000005
13.027346 77.59283499999992
12.99227 77.59220299999993
12.990364 77.58913400000006
12.9467316 77.60040750000007
12.978725 77.63320299999998
12.9408472 77.57040469999993
12.928607 77.56624199999999
12.9869976 77.59696129999998
12.983565 77.56076299999995
13.0047028 77.58310299999994
12.995389 77.56999900000005
12.938037 77.58544200000006
12.9965266 77.57204619999993
13.0197734 77.60692599999993
13.012583 77.67859999999996
12.9268814 77.58429049999995
13.0027236 77.5405141
12.9655617 77.71551929999998
13.0121813 77.55599110000003
12.984117 77.579433
12.9462 77.56945799999994
12.960181 77.65886499999999
12.919637 77.66769299999999
12.996848 77.6189822
12.970424 77.71187699999996
12.937254 77.56828199999995
12.9636492 77.51296660000003
13.016901 77.66670099999999
12.9365451 77.54474540000001
12.9805037 77.63479419999999
13.0059344 77.56985320000001
13.003297 77.63266099999998
13.0056581 77.56877409999993
13.0038786 77.5793142
12.946954 77.59651299999996
12.9249403 77.66562580000004
12.9900581 77.55445359999999
12.9356517 77.63041539999995
12.958973 77.70170299999995
12.99671 77.55029000000002
12.930083 77.57836700000007
13.020974 77.634364
12.9984504 77.57338700000003
12.9613987 77.64439879999998
12.9271782 77.5740687
12.972268 77.63787000000002
12.996537 77.57853720000003
12.93655 77.58263299999999
13.0100847 77.53859220000004
12.91553 77.605905
12.987111 77.57875899999999
12.9722147 77.65381070000001
12.9967207 77.63007459999994
12.934178 77.57399199999998
12.947325 77.56852800000001
12.9279203 77.57355380000001
13.0051222 77.57116380000002
13.007012 77.57109200000002
12.9834101 77.61373040000001
13.0266674 77.56136509999999
12.9489814 77.59775960000002
12.985311 77.545344
12.955768 77.63870700000007
12.948645 77.59765199999993
12.9330026 77.58759499999996
12.9226801 77.59333709999999
12.917518 77.51591600000006
12.997078 77.55379300000004
12.9764044 77.6387929
12.974426 77.61951399999998
12.9915597 77.57957920000001
12.9968342 77.62128630000007
12.924927 77.67503999999997
13.0027634 77.57981289999998
12.9924756 77.57904680000001
12.9282761 77.59614179999994
13.0016698 77.57121710000001
13.0025682 77.57146420000004
13.0044649 77.57044300000007
12.946733 77.57157000000007
12.929417 77.58396700000003
12.948981 77.597759
12.979969 77.63821299999995
12.920642 77.59251900000004
12.950609 77.57986800000003
13.023786 77.62643300000002
12.9246968 77.62019499999997
12.934134 77.61649
12.9453934 77.57123619999993
13.0092507 77.65571069999999
12.9945353 77.58064339999999
12.955421 77.64252699999997
12.9392059 77.62175890000003
12.9920217 77.59627980000005
12.9707117 77.63920340000004
12.974596 77.61939800000005
12.977732 77.64396399999998
12.979273 77.64395000000002
12.9783357 77.63328869999998
12.91001 77.59219000000007
12.903988 77.55909099999997
12.8946076 77.58780150000007
13.0505235 77.62153030000002
13.0419242 77.51504390000002
12.902916 77.71665200000007
12.910369 77.63278170000001
12.9124308 77.58553499999994
12.913981 77.62437299999999
13.0939735 77.58260569999993
12.905798 77.60296500000004
12.9065615 77.54381060000003
12.896819 77.59750800000006
13.0072538 77.76471649999996
13.077048 77.55753600000003
13.039078 77.57441900000003
13.052108 77.51361900000006
13.029074 77.55916890000003
12.9054085 77.64404739999998
12.84718 77.67171899999994
13.0825777 77.55990930000007
13.0987875 77.58067749999998
12.9093798 77.54938160000006
12.911547 77.63793199999998
12.9052325 77.54796269999997
12.9134687 77.59022089999996
12.8918398 77.59509579999997
12.9058045 77.57932989999995
13.04066 77.59479099999999
12.905982 77.5970036
12.9518239 77.64123380000001
12.9517298 77.64125089999993
12.9419129 77.6195563
12.9466155 77.64628440000001
13.1038 77.57473299999992
13.119578 77.58030499999995
13.082742 77.56010300000003
13.0951119 77.58538440000007
13.0964164 77.58838590000005
13.099197 77.59581800000001
13.099967 77.59794999999997
13.093988 77.60022800000002
13.0998 77.59776699999998
13.1131705 77.57340479999993
13.0298327 77.56096130000003
13.008321 77.59622000000002
13.0311984 77.55961550000006
13.008141 77.56480699999997
13.005421 77.65558499999997
13.0100273 77.61852859999999
13.0368549 77.56111529999998
13.0348606 77.59543869999993
13.006762 77.56236100000001
13.062064 77.58781299999998
12.9693906 77.64028619999999
12.925756 77.66513229999998
12.9786058 77.62973220000003
12.9173145 77.64915969999993
12.9137428 77.63742819999993
12.964454 77.64952100000005
12.975499 77.62580700000001
12.9758137 77.61646089999999
12.973764 77.61576000000002
12.9744759 77.64019899999994
12.933263 77.60675700000002
12.9715062 77.65504420000002
12.9144926 77.63244889999999
12.9718565 77.61792539999999
12.973544 77.616356
12.925023 77.66515299999992
12.9738325 77.6157796
12.957532 77.65952100000004
12.976159 77.61875699999996
12.9746816 77.60534510000002
12.9713494 77.627568
12.9597085 77.6455823
12.9108686 77.63288260000002
12.9475212 77.68931109999994
12.914187 77.62352299999998
12.9226193 77.68152899999995
12.9130661 77.63667940000005
12.9254186 77.68613959999993
12.9355933 77.69404910000003
12.9305126 77.6930165
12.9475127 77.68931759999998
12.9259898 77.68654370000002
12.9598616 77.64929469999993
12.9240698 77.6711378
12.9197222 77.68483579999997
12.9344613 77.61342620000005
12.850313 77.67168700000002
12.848202 77.67198699999994
12.848202 77.67204700000002
12.848229 77.67204570000001
12.8488122 77.67061469999999
12.8543194 77.6669776
12.8346251 77.68950610000002
12.8390285 77.66449160000002
12.756369 77.70242570000005
12.778596 77.76979800000004
12.7823214 77.61872070000004
12.793841 77.77883900000006
12.9601267 77.57484709999994
12.912117 77.57288300000005
12.893682 77.56381099999999
12.885148 77.65200000000004
12.9193894 77.58183650000001
12.9116819 77.59522449999997
12.9091113 77.521615
12.920674 77.58641599999999
12.8921973 77.60162430000003
12.85604 77.588303
12.8693974 77.57654639999998
12.88451 77.60355200000004
12.8904173 77.59737139999993
12.8921555 77.58218769999996
12.8991961 77.59663739999996
12.8654662 77.5809193
12.993881 77.66705000000002
12.9943757 77.66077910000001
12.9945763 77.66053520000003
12.9949127 77.66140100000007
12.9986157 77.65780560000007
12.999096 77.57348100000002
12.9847492 77.61791990000006
12.992786 77.55881999999997
12.9978062 77.5695015
12.997809 77.54457100000002
12.986294 77.57986000000005
12.9831081 77.6006003
12.996359 77.57143099999996
12.946458 77.570651
12.988458 77.59239000000002
12.988546 77.573624
12.986911 77.59493299999997
12.988953 77.57521199999996
12.9840807 77.55486100000007
12.986846 77.57679910000002
12.9844534 77.58023660000003
12.9860279 77.58117909999999
12.9714494 77.57416250000006
12.9829507 77.59650609999994
12.9898496 77.59313939999993
12.9715987 77.59456269999998
12.98803 77.5922084
12.9873369 77.59154239999998
12.989556 77.55464729999994
12.9435884 77.56162139999992
12.9427465 77.58503999999994
12.9409003 77.57031259999997
12.944517 77.579883
12.9351736 77.57527430000005
12.9419669 77.582898
12.9390448 77.57679540000004
12.939871 77.57232999999997
12.939927 77.57241599999998
12.9376009 77.5715821
12.94105 77.56431700000007
12.9392409 77.54516100000001
12.9409369 77.54256710000004
12.946605 77.56978500000002
12.932367 77.54508299999998
12.944316 77.57092699999998
12.932433 77.584833
12.935 77.53405670000006
12.926856 77.57473299999992
12.9397294 77.5537577
12.9353 77.58664999999996
12.9502689 77.5435109
12.943515 77.55968899999993
12.9392229 77.58388439999999
12.9428862 77.54838010000003
12.9375527 77.58563559999993
12.9317859 77.58348330000001
12.929954 77.55277000000001
12.940671 77.57073600000001
12.9338931 77.5811185
12.9477975 77.57944680000003
12.92525 77.58808299999998
12.9278029 77.56349
12.9231313 77.56110009999998
12.93055 77.58596699999998
12.928036 77.573126
12.926169 77.58463919999997
12.9496663 77.57698719999996
12.932031 77.58355200000005
12.9231119 77.58977589999995
12.9247154 77.55625069999996
12.92288 77.54900299999997
12.9377133 77.57892070000003
12.9367617 77.58523459999992
12.9408224 77.57126070000004
12.9307362 77.57068730000003
12.9241613 77.58973270000001
12.9267782 77.56408009999996
12.9281768 77.57736239999997
12.9282468 77.58269930000006
12.9264163 77.56964110000001
12.94223 77.574838
12.9287258 77.62891709999997
12.96219 77.59561699999995
12.9709167 77.597622
12.967117 77.60778299999993
12.9707554 77.64189329999999


 