12.969289 77.60769700000003
12.975067 77.58870000000002
12.9715987 77.59456269999998
12.968238 77.53459699999996
12.962336 77.54051900000002
12.971081 77.61206700000002
12.9706713 77.56073019999997
12.961443 77.52022899999997
12.957306 77.56727999999998
12.9691784 77.55924860000005
12.958663 77.52378399999998
12.972567 77.549083
12.9765024 77.59860609999998
12.9815194 77.55352149999999
12.9715987 77.59456269999998
12.9759 77.53698299999996
12.976333 77.52488300000005
12.9715987 77.59456269999998
12.952692 77.52867200000003
12.952183 77.52715
12.973435 77.532331
12.9518732 77.5273545
12.979717 77.54271700000004
12.9591394 77.52489519999995
12.964833 77.59251700000004
12.9673 77.545433
12.974021 77.55364699999996
12.962381 77.53655900000001
12.979734 77.55492800000002
12.9737433 77.56048179999993
12.9665759 77.54405010000005
12.969968 77.543768
12.955456 77.53059200000007
12.9614754 77.52037480000001
12.9668079 77.5439437
12.9541489 77.56489639999995
12.9798718 77.52584839999997
12.970768 77.54712199999994
12.9628 77.56631500000003
12.96666 77.60682700000007
12.955849 77.54019500000004
12.975611 77.53996000000006
12.941138 77.54048999999998
12.996748 77.60369800000001
12.992889 77.55955300000005
13.0009172 77.57094919999997
12.9769876 77.63279690000002
12.937631 77.55645400000003
12.985071 77.60402099999999
12.984494 77.60236199999997
12.9722087 77.6536423
12.9850507 77.60261579999997
12.943367 77.56593299999997
12.9745976 77.62695699999995
12.9449843 77.57025250000004
12.9432558 77.61771959999999
12.991367 77.56410000000005
12.987683 77.60361699999999
12.986183 77.60488299999997
12.975217 77.62831699999992
12.9683044 77.65271159999998
12.977167 77.63163299999997
13.000433 77.57226700000001
12.960667 77.66643299999998
12.9389771 77.55223439999997
12.998505 77.55372399999999
12.9439707 77.52695760000006
12.986683 77.56796699999995
12.985103 77.602755
13.0016189 77.56076780000001
12.96065 77.66634999999997
12.9414111 77.53885889999992
12.986551 77.56792999999993
12.997452 77.61169089999999
12.9408795 77.55347319999998
12.988354 77.50505799999996
13.000117 77.55788299999995
12.9991335 77.57898380000006
12.952791 77.61969199999999
12.991553 77.53787599999998
12.940923 77.57980700000007
12.9844643 77.55429329999993
12.93632 77.56194000000005
12.9700066 77.63115700000003
12.9885552 77.49652190000006
12.943469 77.60062500000004
12.9865323 77.51436060000003
12.972256 77.64982099999997
12.9510337 77.62281840000003
12.970802 77.49402599999996
12.985203 77.60625400000004
12.9848325 77.60214300000007
12.943891 77.60736500000007
12.985584 77.51244099999997
13.000496 77.53479000000004
12.994829 77.48916299999996
12.9433668 77.55897540000001
12.996585 77.57300600000008
12.960691 77.509906
12.99171 77.54299300000002
12.9399767 77.60913640000001
12.9933665 77.54764509999995
12.97284 77.629863
12.9884164 77.54506149999997
12.9433139 77.59468070000003
12.99423 77.49505299999998
12.9431152 77.61263940000003
12.9441537 77.60940430000005
12.974633 77.62681299999997
12.967621 77.64795800000002
12.9920195 77.56114769999999
12.9427192 77.5972332
12.9915713 77.49453040000003
12.99637 77.48594300000002
12.974927 77.62109099999998
12.985123 77.51249499999994
12.9919784 77.48590000000002
12.9645803 77.65730819999999
12.9839958 77.52668199999994
12.9590383 77.50041439999995
12.942547 77.56257800000003
12.941998 77.60065199999997
12.984333 77.55426699999998
12.959498 77.65549609999994
12.99007 77.60349799999995
12.984185 77.60361699999999
12.994976 77.49533199999996
12.9958134 77.53150060000007
13.001131 77.522785
12.969247 77.6547749
12.9844451 77.60201759999995
12.952997 77.61900100000003
13.001698 77.57952999999998
12.937532 77.56128999999999
12.9457013 77.54430780000007
12.9416719 77.59945519999997
12.977793 77.51735299999996
12.987727 77.60349199999996
12.943804 77.59409699999992
12.9436593 77.61681020000003
12.972885 77.635808
12.935492 77.61570000000006
13.0096434 77.57117990000006
12.9233902 77.56480770000007
12.9129997 77.56388449999997
13.0102261 77.58321610000007
12.9112592 77.53589499999998
13.009765 77.525396
13.0188674 77.5202064
13.024648 77.59030400000006
12.9302498 77.58410809999998
12.9341789 77.56289590000006
13.00937 77.61514999999997
13.0179727 77.65253770000004
12.974261 77.67852900000003
13.0307084 77.55353689999993
12.993833 77.67328299999997
13.004867 77.70413299999996
13.014967 77.63203299999998
13.00905 77.695017
13.011667 77.67803300000003
13.012983 77.63461899999993
12.918717 77.58366699999999
13.035383 77.554167
12.92952 77.58191
13.023564 77.59281299999998
13.007417 77.62183300000004
12.972633 77.67848300000003
13.025757 77.63713000000007
13.024433 77.59603300000003
12.930103 77.56368429999998
12.9205658 77.64891139999997
12.9353644 77.57389190000004
13.018833 77.636167
13.024233 77.596767
13.034983 77.60103300000003
13.037712 77.56520999999998
12.935342 77.62236069999994
12.919242 77.64899400000002
13.0348156 77.60594859999992
12.93007 77.53926999999999
13.0305076 77.55962350000004
12.9098281 77.55841280000004
12.9236485 77.6099441
12.917933 77.55195000000003
13.009883 77.61580000000004
13.0225014 77.55913269999996
12.9261216 77.54828180000004
12.9147076 77.55902809999998
13.008817 77.594333
13.014593 77.65698900000007
12.930953 77.5671112
13.0353615 77.56852049999998
12.9248376 77.60887830000001
13.026767 77.578933
13.025533 77.61343299999999
13.004617 77.56031699999994
13.0037582 77.56918350000001
13.024142 77.59675800000002
12.919666 77.61350240000002
12.9790176 77.67938400000003
12.9300433 77.5391975
13.020368 77.59982300000001
13.01913 77.62887799999999
13.0063309 77.52724460000002
13.02747 77.76059499999997
13.010123 77.53292999999996
13.018011 77.65231700000004
12.922297 77.61045200000001
12.920081 77.610859
13.008781 77.52772400000003
12.924189 77.54929800000002
12.910961 77.60742800000003
12.9164635 77.60287149999999
13.032099 77.59905700000002
12.910018 77.48139600000002
13.014382 77.65796899999998
13.006549 77.61858699999993
13.010246 77.50066600000002
13.0073766 77.62164869999992
13.018692 77.61861999999996
12.915371 77.60540600000002
12.957144 77.74106400000005
13.0392689 77.54994239999996
12.925389 77.61533099999997
13.0340647 77.5645283
12.927922 77.55154399999992
13.028419 77.63517200000001
13.003241 77.62148300000001
12.917653 77.56451500000003
13.00541 77.53757900000005
13.0288263 77.55893820000006
13.024249 77.59628399999997
12.964336 77.40294199999994
12.922314 77.60355099999992
13.01932 77.60787600000003
13.02255 77.55921599999999
13.039345 77.579162
13.018422 77.59882000000005
13.026215 77.61998399999993
13.02988 77.60875099999998
12.986987 77.67663199999993
12.9309488 77.60862850000001
12.9330953 77.55734970000003
12.933762 77.56822299999999
12.934527 77.54352199999994
12.9058409 77.60601139999994
12.9057092 77.64458660000003
12.8603813 77.58985849999999
13.1219383 77.62551689999998
13.065067 77.57113300000003
13.069733 77.56878299999994
13.069017 77.55719999999997
13.079667 77.55918299999996
12.89318 77.58646799999997
12.8496853 77.65516439999999
13.1376034 77.60324689999993
13.045567 77.54750000000001
12.892453 77.60673999999995
13.1096914 77.60692829999994
13.06261 77.58688600000005
13.05535 77.53456699999992
12.905 77.54313000000002
13.044383 77.55276700000002
13.089617 77.55598299999997
13.040133 77.590283
12.9061915 77.5579669
13.0482453 77.51275329999999
13.058211 77.586951
13.0405491 77.57737650000001
13.072183 77.63351699999998
13.058728 77.63287500000001
13.102647 77.56630799999994
13.1339513 77.477621
12.883531 77.57071199999996
12.890012 77.57151899999997
12.8950851 77.6352306
13.069581 77.60159440000007
12.907805 77.51966300000004
12.8906 77.57161300000007
12.9034554 77.62734189999992
12.9074478 77.62828009999998
12.9055536 77.62755549999997
12.905587 77.62274100000002
12.9296828 77.59261600000002
13.0021759 77.52464420000001
12.905365 77.60925199999997
12.898622 77.57089700000006
12.883396 77.54859399999998
12.9180059 77.60495449999996
13.002293 77.53375400000004
12.900165 77.60190999999998
12.968711 77.75633800000003
12.9141254 77.61793929999999
12.913561 77.56145400000003
12.898622 77.57089700000006
12.904411 77.58469400000001
12.913964 77.58667300000002
12.8719777 77.65497299999993
12.9017142 77.62738289999993
12.996194 77.76148
12.825726 77.67800399999999
12.8841553 77.74918530000002
12.8982699 77.57217259999993
12.919775 77.61278199999992
12.891234 77.58768499999996
12.910335 77.57826699999998
12.938879 77.74120500000004
12.9083268 77.61379940000006
12.898533 77.626308
12.9261745 77.59372680000001
12.9966709 77.67188340000007
13.0821353 77.54691389999994
13.069946 77.55594199999996
13.068436 77.55949199999998
13.0316629 77.56000270000004
13.0395019 77.49407029999998
13.042906 77.51315
13.048674 77.51807499999995
13.051113 77.62682700000005
13.081333 77.63435900000002
13.03952 77.49409100000003
13.042906 77.51315
13.034284 77.56057499999997
13.104124 77.60540400000002
13.041976 77.57224500000007
13.102229 77.59937100000002
13.028344 77.56139000000007
13.0347153 77.52860280000004
13.043028 77.51253299999996
13.014471 77.54283800000007
13.006805 77.54350599999998
13.0044397 77.55433169999992
13.01671 77.63414799999998
13.00287 77.55733199999997
13.008436 77.59607800000003
13.01291 77.63276300000007
13.015491 77.53348900000003
13.010246 77.50066600000002
13.009765 77.525396
12.924059 77.55135500000006
12.965031 77.39467000000002
 