12.971182 77.59781799999996
12.9534063 77.59440419999999
12.970183 77.597533
12.957388 77.60456199999999
12.9742357 77.59530229999996
12.956166 77.58115610000004
12.965217 77.60325899999998
12.981789 77.61202500000002
12.9715987 77.59456269999998
12.981685 77.610005
12.9743828 77.59730909999996
12.966891 77.58220800000004
12.9745001 77.6087334
12.9753334 77.60505599999999
12.961307 77.59393499999999
12.9622063 77.58411350000006
12.979967 77.57698299999993
12.9739468 77.54659100000003
12.971771 77.61256639999999
12.9581928 77.58634940000002
12.9723708 77.53758249999998
12.9744389 77.53409429999999
12.9763051 77.60379020000005
12.9746939 77.60882200000003
12.974406 77.60958699999992
12.9715987 77.59456269999998
12.97552 77.56130899999994
12.9753531 77.60680769999999
12.9811577 77.60169799999994
12.9713471 77.60670929999992
12.9582918 77.58638470000005
12.9819648 77.60925509999993
12.964383 77.58944999999994
12.968667 77.57972799999993
12.975967 77.60243300000002
12.9673964 77.58923279999999
12.950733 77.538317
12.9722473 77.55007619999992
12.9562692 77.55495109999993
12.958707 77.55597
12.982181 77.60832700000003
12.9714091 77.5964209
12.9652306 77.61189709999996
12.9691582 77.57525169999997
12.9762398 77.53154889999996
12.9711404 77.57577850000007
12.965584 77.57749130000002
12.9718231 77.59607619999997
12.9546044 77.591453
12.9706843 77.57282940000005
12.9671962 77.59749369999997
12.969867 77.58175000000006
12.969019 77.57410600000003
12.9679884 77.53607839999995
12.964863 77.53691200000003
12.9715987 77.59456269999998
12.9690506 77.52418519999992
12.973102 77.60708299999999
12.9784016 77.54336430000001
12.969629 77.54364799999996
12.9803383 77.52525839999998
12.9647718 77.59362060000001
12.9718243 77.57659660000002
12.9709273 77.55987970000001
12.9720408 77.57678080000005
12.985241 77.59611799999993
12.9890533 77.58061559999999
13.0055502 77.58168230000001
12.9897471 77.58815019999997
12.9719259 77.61807780000004
12.925942 77.58569799999998
12.969319 77.64156200000002
12.931443 77.58619199999998
12.9851 77.57917999999995
12.984762 77.61181799999997
12.917319 77.62902199999996
12.9077682 77.59333289999995
12.9752753 77.61464239999998
12.9677163 77.64114259999997
12.903659 77.58289400000001
12.9980124 77.64788520000002
12.9890322 77.59364140000002
12.9298263 77.58430479999993
12.9834522 77.59382049999999
12.928966 77.67215899999997
12.9313 77.63255400000003
12.955106 77.65029200000004
12.92186 77.58497299999999
13.006481 77.56281100000001
12.9708267 77.64801979999993
13.0192658 77.63428190000002
12.9373117 77.6430206
12.940609 77.55402400000003
13.016958 77.66924599999993
12.9125669 77.63634830000001
12.933762 77.58219000000008
12.9603609 77.72054939999998
12.926968 77.56481299999996
12.972285 77.62086199999999
12.9306817 77.58709410000006
13.019029 77.64095999999995
12.972739 77.64321300000006
12.9294659 77.57312819999993
12.967627 77.64132500000005
12.9704774 77.64145069999995
12.9157093 77.55532540000002
12.937457 77.61943799999995
12.9627813 77.6803463
12.9692 77.63629300000002
12.9967719 77.58287399999995
13.026169 77.62688300000002
13.006991 77.54956199999992
13.013913 77.69637399999999
12.960899 77.51012200000002
12.9580777 77.72094730000003
12.9142133 77.59929809999994
12.9212249 77.63315620000003
12.9849815 77.55334399999992
12.959345 77.70175199999994
12.9720993 77.75147130000005
12.95959 77.65626099999997
12.9302437 77.56050900000002
12.9481792 77.6027755
12.956555 77.709788
13.0033664 77.5711877
12.9229851 77.58179440000004
13.005265 77.56914900000004
12.9834507 77.56552420000003
12.9218254 77.58497779999993
12.9401205 77.54779669999994
12.917319 77.62902499999996
12.989796 77.71548600000006
12.9701184 77.64287530000001
12.93665 77.615092
12.9367083 77.61519199999998
12.970351 77.69793030000005
12.91088 77.57906600000001
12.9223836 77.54914689999998
12.955748 77.710824
12.9617411 77.61472690000005
12.9957817 77.62811250000004
12.9169131 77.60414930000002
12.931037 77.58528000000001
13.027767 77.60439999999994
12.998483 77.61013300000002
12.9484228 77.56835279999996
12.988464 77.55245100000002
12.9608077 77.63900939999996
12.941033 77.61660600000005
12.990867 77.57389999999998
12.9159315 77.60553359999994
12.9765149 77.64086180000004
12.9852742 77.5959024
13.003987 77.57137799999998
13.0165678 77.59413219999999
12.9251116 77.61924769999996
12.910296 77.60046799999998
12.9903328 77.55850290000001
12.988383 77.55435
12.9935158 77.592041
12.942117 77.60273299999994
12.9224733 77.59597959999996
12.9065085 77.5594059
12.9308386 77.58461399999999
13.00239 77.56537000000003
12.929666 77.58365900000001
12.975494 77.61737800000003
13.0045369 77.56660729999999
12.920726 77.51470300000005
12.9887256 77.591856
13.010833 77.61391700000001
12.989619 77.66181170000004
12.987726 77.67050700000004
12.971825 77.65556200000003
12.999183 77.57053300000007
12.933301 77.54572400000006
12.9457679 77.60265890000005
12.9420303 77.60247959999992
12.920115 77.58604400000002
12.9387526 77.55305139999996
12.9271069 77.58179270000005
12.9134939 77.6051784
12.9419219 77.55108840000003
12.9900594 77.55895169999997
12.989369 77.58891700000004
12.9244704 77.57009449999998
12.9922365 77.59365809999997
12.95581 77.72222499999998
12.9357878 77.51772089999997
12.9905011 77.59064650000005
12.9883651 77.5481916
13.009623 77.65653900000007
12.9605106 77.50714210000001
12.987425 77.67062899999996
12.923327 77.57514709999998
13.005718 77.58155299999999
12.971508 77.64492670000004
13.0090998 77.57821260000003
12.9984181 77.59872759999996
12.9522728 77.71729449999998
12.991028 77.57466840000006
12.9899443 77.54566829999999
13.025276 77.63062969999999
12.929885 77.633017
13.0060578 77.56399959999999
13.0246782 77.58877689999997
13.028003 77.57143199999996
12.9077432 77.64897470000005
12.9420653 77.58492609999996
12.9872955 77.54785140000001
12.9195822 77.5776816
12.9327529 77.56890670000007
12.9200164 77.54237139999998
12.9549204 77.69172070000002
12.9822706 77.63866080000003
12.9363803 77.56834200000003
13.0279661 77.54091560000006
12.937539 77.57398899999998
12.9600708 77.64875610000001
12.946563 77.60268999999994
12.9408184 77.58389250000005
12.9459923 77.6024198
12.958898 77.64708700000006
12.934646 77.5817869
12.9447804 77.54287320000003
12.9317664 77.63228260000005
12.9322458 77.54073679999999
12.978347 77.67535599999997
12.9768605 77.67560500000002
12.969155 77.649093
12.9422496 77.55021399999998
12.932147 77.53460270000005
12.9836482 77.60738830000003
12.9317896 77.63207669999997
12.9197242 77.59528350000005
12.9306446 77.57860959999994
12.9401666 77.55041019999999
12.8922475 77.58169670000007
12.892019 77.57963399999994
12.8920515 77.63845259999994
12.8922822 77.58167900000001
12.8965755 77.65085380000005
12.8755889 77.59532910000007
12.866947 77.57203200000004
12.909433 77.54971699999999
12.9058098 77.64417550000007
12.9060621 77.62893050000002
12.9163132 77.59420390000002
12.902324 77.51587100000006
12.917303 77.54689039999994
12.8974657 77.6510614
12.9916609 77.55622149999999
12.9899939 77.55882220000001
12.9947651 77.57118249999996
13.0065599 77.57135010000002
13.0056585 77.63837519999993
12.988385 77.47290399999997
13.020763 77.64135710000005
12.9882848 77.60626990000003
13.0035702 77.61681429999999
13.0282949 77.56142799999998
13.041153 77.567542
13.0436488 77.52044590000003
13.0352745 77.52871170000003
13.041593 77.56759299999999
13.035499 77.58988
13.0493755 77.51177819999998
13.051932 77.52880299999993
13.047741 77.51416199999994
13.049621 77.494146
13.0634817 77.58298530000002
13.0690694 77.5578117
13.0619574 77.64845430000003
13.0648997 77.58991609999998
13.038759 77.70071899999994
13.1062876 77.57611240000006
13.170686 77.63281699999993
13.0116 77.678767
13.007442 77.65546599999993
