12.965291 77.60040500000002
12.9730719 77.58033160000002
12.972267 77.58670000000006
12.9715987 77.59456269999998
12.973201 77.60941400000002
12.9572195 77.55019130000005
12.9739734 77.53851120000002
12.971617 77.60640000000001
12.9744193 77.59657779999998
12.9725 77.58113300000002
12.9671819 77.54285219999997
12.9707555 77.58056850000003
12.9689415 77.6002724
12.9570599 77.6042056
12.9727787 77.58361400000001
12.976973 77.57924000000003
12.9750646 77.55201280000006
12.9540338 77.58012610000003
12.9729405 77.60706379999999
12.981589 77.60427060000006
12.9715987 77.59456269999998
12.956749 77.58565799999997
12.9649763 77.5996652
12.971606 77.59437600000001
12.971606 77.59437600000001
12.960549 77.56950940000002
12.9739885 77.57865190000007
12.96024 77.57283000000007
12.9813913 77.60447139999997
12.9655109 77.60107149999999
12.958647 77.52628000000004
12.9753638 77.60375120000003
12.97335 77.58015
12.97422 77.57547999999997
12.975433 77.59741699999995
12.96619 77.53599469999995
12.9749566 77.60751260000006
12.9623318 77.59133670000006
12.9614954 77.58405449999998
12.9513096 77.56877970000005
12.9680139 77.5919834
12.9734427 77.59556999999995
12.9799708 77.55539369999997
12.9689282 77.60023649999994
12.958067 77.58281699999998
12.9739076 77.53067850000002
12.958883 77.58286699999996
12.9599294 77.56197529999997
12.973144 77.54125499999998
12.972817 77.61091699999997
12.979683 77.60621700000002
12.9622 77.60473300000001
12.9747421 77.53095209999992
12.971606 77.59437600000001
12.9642661 77.59691090000001
12.9600277 77.59381340000004
12.9584939 77.59341829999994
12.9733564 77.61390069999993
12.9719349 77.59570329999997
12.9726199 77.60703799999999
12.973046 77.58231999999998
12.9767409 77.5781455
12.976667 77.575783
12.9706356 77.5733841
12.969185 77.60240999999996
12.9762162 77.54545209999992
12.9740394 77.57897330000003
12.968466 77.58459399999992
12.9762947 77.54730820000009
12.9580525 77.52682460000005
12.9732 77.58064999999999
12.971383 77.60666700000002
12.97479 77.60936700000002
12.965367 77.60133300000007
12.96344 77.57954999999993
12.9666505 77.60891219999996
12.967 77.59924999999998
12.9738112 77.53726710000001
12.9607879 77.59417150000002
12.9571897 77.5672399
12.9553353 77.52819569999997
12.9685736 77.53762010000003
12.9500776 77.57210320000002
12.9620234 77.59431659999996
12.9666811 77.60908300000006
12.950213 77.57371499999999
12.9730925 77.60881930000005
12.9698442 77.60673079999992
12.9633548 77.58897819999993
12.9577953 77.5927173
12.9602774 77.56333330000007
12.9675836 77.61127599999998
12.972144 77.60190190000003
12.978817 77.54085399999997
12.9646542 77.53517929999998
12.9806252 77.60389809999992
12.9740926 77.53042819999996
12.95828 77.58254
12.967233 77.58611700000006
12.975065 77.608835
12.9621789 77.59258120000004
12.973085 77.60695599999997
12.982197 77.59950600000002
12.9655579 77.53667689999997
12.955759 77.56964590000007
12.9587104 77.52574559999994
12.9756106 77.60665819999997
12.959767 77.60270000000003
12.9579732 77.59278369999993
12.96595 77.60506699999996
12.9801557 77.55496149999999
12.9809418 77.60597210000003
12.981447 77.60914500000001
12.9732384 77.6093601
12.9773 77.55290000000002
12.9767076 77.5706649
12.9573505 77.58620610000003
12.9552675 77.56674049999992
12.9804651 77.61186129999999
12.964407 77.59656569999993
12.971606 77.59437600000001
12.9733138 77.57999810000001
12.9572694 77.5696613
12.9669454 77.54460990000007
12.9750443 77.53091519999998
12.9685762 77.52446140000006
12.973498 77.61335759999997
12.9732026 77.58303590000003
12.973314 77.54151000000002
12.9675961 77.54211809999993
12.957088 77.56283800000006
12.9784336 77.56972910000002
12.9696723 77.60666279999998
12.96921 77.57994000000008
12.9717798 77.58013030000006
12.9715987 77.59456269999998
12.972358 77.59872989999997
12.9819018 77.60944130000007
12.968667 77.53636699999993
12.9734418 77.61392890000002
12.957731 77.592987
12.9579938 77.59279140000001
12.9796549 77.54708690000007
12.973083 77.54140299999995
12.9710829 77.57019420000006
12.975069 77.53140499999995
12.9737541 77.57807439999999
12.9766658 77.57949740000004
12.960817 77.52711699999998
12.972267 77.58670000000006
12.975367 77.57888300000002
12.976786 77.57936189999998
12.9580911 77.53495799999996
12.9745069 77.53068389999999
12.9765063 77.54236949999995
12.976033 77.60846700000002
12.9799 77.60559999999998
12.9689261 77.60029179999992
12.96148 77.59845999999993
12.9543343 77.59139949999997
12.9695303 77.58355069999993
12.9685749 77.58737769999993
12.9529715 77.57984379999994
12.9659506 77.60546190000002
12.9770284 77.57768490000001
12.9598815 77.52925779999998
12.9795469 77.53888529999995
12.9731543 77.52980809999997
12.967083 77.53623300000004
12.9798911 77.55421219999994
12.981447 77.60914500000001
12.957467 77.58210000000008
12.9685017 77.57485099999997
12.968267 77.60085000000004
12.9777296 77.54953980000005
12.9696182 77.58281020000004
12.9635891 77.53780510000001
12.9748 77.60571700000003
12.9681528 77.53939939999998
12.968483 77.53784999999993
12.9787192 77.57699849999995
12.9692185 77.60860879999996
12.959967 77.52693299999999
12.9730602 77.53809109999997
12.9590099 77.55369910000002
12.961733 77.52138300000001
12.979913 77.55424240000002
12.979402 77.57508200000007
12.9784426 77.57528809999997
12.9776642 77.57231179999997
12.9811878 77.60162319999995
12.9578526 77.56214299999999
12.9773933 77.54234980000001
12.9592167 77.58280590000004
12.95805 77.53408300000001
12.970732 77.52492899999993
12.9770443 77.54229269999996
12.9634421 77.58954089999997
12.968483 77.53783299999998
12.95475 77.57403299999999
12.9600168 77.64514159999999
12.9812894 77.65715
12.934741 77.61265490000005
12.9766658 77.64656070000001
12.97391 77.64674639999998
12.9306994 77.62302360000001
12.9646534 77.64171910000005
12.942489 77.62238819999993
12.9349031 77.63001009999994
12.9847776 77.55588290000003
12.9691453 77.62926849999997
12.9596364 77.63836530000003
12.9365986 77.61803129999998
12.9880064 77.51227029999995
12.932589 77.61673799999994
12.9612653 77.51122179999993
12.9493687 77.56770370000004
12.9786 77.64279999999997
12.9872739 77.55416889999992
12.9948 77.61540000000002
12.9851811 77.66337279999993
12.9435549 77.57091689999993
12.9947705 77.6154464
12.9473291 77.56820859999993
12.9952175 77.61452469999995
12.942516 77.57104000000004
12.94439 77.57225599999992
12.9590728 77.6568231
12.9308504 77.58485610000002
12.9348627 77.61174289999997
12.9938777 77.66049870000006
12.991668 77.57061120000003
12.936383 77.62570000000005
12.9598332 77.6499129
12.970155 77.63858499999992
12.9408198 77.57338720000007
12.9357879 77.61697989999993
12.940552 77.54594999999995
12.9693821 77.64134949999993
12.978099 77.63680780000004
12.9665349 77.66119879999997
12.9338479 77.58277769999995
12.975783 77.62583300000006
12.9928209 77.60714459999997
12.9853976 77.55327680000005
12.9734451 77.6162908
12.933023 77.58235100000002
12.9592668 77.66614960000004
12.93993 77.62515699999994
12.936695 77.62059750000003
12.939558 77.58979799999997
12.9851458 77.55642769999997
12.9568701 77.6415925
12.9945638 77.5708151
12.994933 77.61613299999999
12.937534 77.62442699999997
12.9700098 77.65308019999998
12.9956932 77.54009870000004
12.959433 77.65599799999995
12.9921293 77.66004550000002
12.9601 77.64491699999996
12.9686049 77.64983889999996
12.9590305 77.65677449999998
12.9417889 77.56178439999996
12.9338695 77.61154320000003
12.9851262 77.55643039999995
12.988681 77.59222620000003
12.932125 77.62297799999999
12.9321299 77.6100189
12.9823775 77.63771880000002
12.9784444 77.62957690000007
12.9594356 77.65691670000001
12.983683 77.60604369999999
12.9786334 77.63872979999996
12.935641 77.61528999999996
12.9602598 77.63758099999995
12.9916994 77.57067559999996
12.9407632 77.56419499999993
12.9765982 77.6465316
12.9384099 77.63215450000007
12.982217 77.638733
12.9863 77.55629999999996
12.978474 77.64421100000004
12.9755424 77.64097420000007
12.991206 77.53831200000002
12.9338005 77.58282559999998
12.9413056 77.61738489999993
12.9890257 77.54672210000001
12.933006 77.62145399999997
12.9376813 77.6216819
12.979533 77.64656070000001
12.9605439 77.51250519999996
12.9702536 77.63204919999998
12.9427856 77.62813430000006
12.9679151 77.65358939999999
12.9840235 77.5797202
12.967847 77.65252320000002
12.978237 77.6329369
12.959742 77.64514199999996
12.9570047 77.61597010000003
12.9782458 77.63383950000002
12.930258 77.58979799999997
12.9390318 77.57174480000003
12.930267 77.58524999999997
12.9312673 77.60814949999997
12.930883 77.58114999999998
12.948896 77.55539499999998
12.9316556 77.62269590000005
12.990802 77.59316999999999
12.9953079 77.6667665
12.940167 77.62528299999997
12.946017 77.57053300000007
12.9370897 77.56888099999992
12.960178 77.64342499999998
12.933608 77.62310000000002
12.9366964 77.57426639999994
12.9635582 77.61485659999994
12.9711927 77.64970659999994
13.0120656 77.63514150000003
12.9163238 77.61229609999998
12.9593206 77.71631449999995
12.907912 77.57832600000006
12.9163184 77.61075449999998
12.9566 77.71471700000006
12.921272 77.61091299999998
13.0052896 77.70241540000006
12.91381 77.60851000000002
13.0144633 77.56788649999999
12.8836897 77.59612560000005
12.99615 77.61138299999993
12.906317 77.59768299999996
13.0632602 77.59175189999996
13.0023978 77.7125853
12.9913518 77.72171079999998
13.0047812 77.70393880000006
13.002922 77.56109270000002
13.0230862 77.59277199999997
12.9854254 77.70810630000005
12.9659015 77.71407720000002
12.9757243 77.67927559999998
13.010583 77.696867
12.9814988 77.75205260000007
13.0573956 77.54671989999997
13.0324154 77.59919209999998
13.0485288 77.64564419999999
13.0328491 77.57611270000007
13.0522458 77.64602049999996
13.0155199 77.54362070000002
12.9562097 77.69522660000007
13.008683 77.569433
13.0216891 77.63705260000006
12.920905 77.51321400000006
12.9213898 77.48339280000005
13.0085113 77.49959220000005
13.021683 77.63699999999994
13.005675 77.56832199999997
12.9226557 77.65148380000005
13.0491838 77.5929509
12.9088867 77.61043410000002
12.9285587 77.58245179999994
12.9013004 77.55800079999995
12.8821194 77.56611720000001
12.9660236 77.7143231
12.8851548 77.62502330000007
12.9065223 77.59083510000005
13.0144363 77.63480189999996
12.926356 77.61683240000002
13.0108932 77.64771930000006
13.0200967 77.59253569999998
13.0169605 77.63611889999993
12.9226114 77.56011039999999
12.8442553 77.67220799999996
12.9231456 77.55628780000006
12.8758667 77.59546939999996
13.0382403 77.56463499999995
12.8405008 77.65138159999992
12.9909911 77.7212786
12.9292525 77.60935569999992
13.0662068 77.50379099999998
12.9962583 77.61377130000005
13.0019757 77.56986559999996
12.8902207 77.59781420000002
13.0058409 77.563399
12.9087458 77.58758910000006
12.9254255 77.63396869999997
12.997769 77.60974369999997
12.923394 77.57374900000002
12.929937 77.68433099999993
12.906817 77.59968200000003
12.9169539 77.59843430000001
12.9271383 77.60897219999993
12.9564423 77.71472210000002
12.9145877 77.6760865
13.0348306 77.575151
12.9966756 77.69597769999996
13.026 77.67899999999997
12.9652096 77.71370639999998
13.00929 77.56277999999998
12.9200124 77.58092959999999
13.061989 77.58770240000001
12.918855 77.64303100000006
12.9071981 77.58557259999998
13.0097976 77.69775600000003
13.036276 77.57485780000002
12.8915368 77.60454349999998
12.966387 77.70308939999995
12.914388 77.58594800000003
13.012468 77.53645359999996
12.8498216 77.66284700000006
12.91995 77.58103299999993
12.884247 77.58265200000005
12.8450405 77.66559869999992
12.916017 77.60238300000003
13.032606 77.55439189999993
13.0424337 77.54967220000003
12.929039 77.58173299999999
13.02135 77.59246699999994
12.9200781 77.56009419999998
12.9252933 77.61692760000005
13.006836 77.57793400000003
13.096217 77.57858299999998
13.0766662 77.55823209999994
13.0756042 77.55843299999992
13.097783 77.596317
13.0149582 77.6656127
13.0469464 77.6206479
13.024985 77.60346000000004
13.072345 77.78919599999995
13.0661389 77.59800280000002
13.0340954 77.56420079999998
13.0188386 77.52019070000006
13.029467 77.59078299999999
13.0180112 77.65403059999994
13.022571 77.60065209999993
13.025017 77.64254269999992
13.0292206 77.56107329999998
13.0720688 77.55648670000005
13.0333709 77.569167
13.034935 77.57522560000007
13.0400432 77.55738169999995
13.0142665 77.63746519999995
13.0672473 77.63594799999998
13.0404645 77.55744909999999
13.02428 77.547326
13.0184294 77.55882829999996
13.0295 77.57079999999996
13.0807928 77.5878874
13.013262 77.64995799999997
13.0303 77.60808299999997
13.0237047 77.69061979999992
13.0233606 77.63713200000007
13.0554659 77.60329630000001
13.070777 77.55584099999999
13.097717 77.58428300000003
13.0416028 77.57992390000004
13.0162982 77.54364829999997
13.0519962 77.52867459999993
13.0347531 77.57551490000003
13.0623257 77.58727079999994
13.072961 77.56709750000005
13.0958056 77.58332799999994
13.028206 77.57298990000004
13.0990408 77.5975353
13.1110015 77.60690820000002
13.0200868 77.59262050000007
13.0295226 77.57074560000001
13.1150529 77.57864369999993
13.025813 77.55776909999997
13.0712511 77.63377400000002
13.034821 77.575153
13.023073 77.60080800000003
13.103833 77.57693300000005
13.0640346 77.65185129999998
13.0154855 77.67845680000005
13.0987535 77.58644159999994
13.031013 77.58955100000003
13.026983 77.57928300000003
13.0439022 77.62632610000003
13.023071 77.63703799999996
13.030367 77.63386700000001
13.0185327 77.5876078
13.028245 77.571417
13.01931 77.70438000000001
13.093717 77.58246699999995
13.0291294 77.5611427
13.091193 77.59677499999998
13.0154502 77.67843909999999
13.06367 77.58681000000001
13.0346449 77.55764299999998
13.030886 77.63560000000007
13.035033 77.60056699999996
13.025017 77.642517
13.121069 77.61584429999994
13.0959308 77.57892659999993
13.02567 77.65167999999994
13.0387032 77.59063919999994
13.072014 77.78824600000007
13.029364 77.61092699999995
13.0377181 77.56528500000002
13.019626 77.59776299999999
13.0631358 77.57318080000005
13.029648 77.56026500000007
13.06605 77.59841269999993
13.067332 77.63548259999993
13.019 77.6431
13.019983 77.55566699999997
13.024433 77.59603300000003
13.0196805 77.67831419999993
13.0194198 77.65624209999999
13.0219703 77.65053169999999
13.0225831 77.55287509999994
13.047317 77.57433300000002
13.0672489 77.63496620000001
13.097817 77.56619999999998
13.039104 77.59745999999996
13.1043936 77.60785910000004
13.0120146 77.66705249999995
13.0366027 77.62337830000001
13.0283148 77.5725976
13.0168681 77.58945349999999
13.0273569 77.57177509999997
13.0327 77.55430000000001
13.049598 77.54390000000001
13.0190239 77.60902579999993
13.014785 77.63418100000001
13.0407274 77.61687400000005
13.032882 77.57613600000002
13.0213 77.67869999999994
13.0456326 77.51570670000001
13.072517 77.52363300000002
13.0266329 77.58672560000002
13.043933 77.57071700000006
13.0145447 77.56788749999998
13.071229 77.55597220000004
13.024132 77.59732699999995
13.055217 77.53463299999999
13.018329 77.56453650000003
13.0206297 77.64376040000002
13.0155222 77.67844190000005
13.1080378 77.5806159
13.059917 77.50638300000003
13.040764 77.62425800000005
13.0199726 77.59498859999997
13.104608 77.60522100000003
13.0430967 77.55094689999999
13.0219067 77.65769790000002
13.029096 77.56104600000003
13.0291569 77.561061
13.0146636 77.64955940000004
13.0217456 77.65012000000002
13.0220625 77.6511524
13.0409737 77.62399719999996
13.06672 77.595869
13.038587 77.5762641
13.039516 77.57407599999999
13.0225531 77.55522580000002
13.097 77.59566700000005
13.071933 77.63104699999997
13.035055 77.55367569999999
13.0206192 77.68605389999993
13.018983 77.59224999999992
13.0152412 77.6311541
13.0221614 77.60047989999998
13.0236238 77.6957506
13.0949497 77.58009019999997
13.0214026 77.59242389999997
13.0544782 77.50740229999997
13.023617 77.61255000000006
13.0154803 77.64096689999997
13.0208078 77.63368109999999
13.0342136 77.55381690000002
13.033305 77.56796789999999
13.080213 77.55851299999995
13.1440249 77.61910560000001
13.017402 77.56040200000007
13.0331 77.63369999999998
13.0196752 77.55774599999995
13.0362567 77.5748658
13.0214176 77.60562879999998
13.020533 77.55571699999996
13.1042336 77.57452289999992
13.0267531 77.59197040000004
13.029648 77.58743299999992
13.0199913 77.65638420000005
13.0363 77.57484999999997
13.0242307 77.59815809999998
13.0195 77.59236699999997
13.0507534 77.62127550000002
13.0181916 77.54277260000003
13.0666074 77.57029179999995
13.0290422 77.56121140000005
13.0323744 77.55847119999999
13.093367 77.59411699999998
13.0262759 77.56076039999994
13.161693 77.6381394
13.1218331 77.6197909
13.0943787 77.58096320000004
13.094233 77.58111699999995
13.1039 77.57448299999999
13.0973271 77.59135409999999
13.1042029 77.58366819999992
13.096683 77.58394999999996
13.09945 77.588617
13.097783 77.57791700000007
13.0940641 77.58107189999998
13.09925 77.59767399999998
13.1174582 77.63439419999997
13.099565 77.5757678
13.188749 77.64515299999994
13.1037885 77.60224590000007
13.187404 77.637337
13.129163 77.60488699999996
13.097522 77.57811900000002
13.1041716 77.60352190000003
13.099464 77.57100200000002
13.131861 77.62403100000006
13.162483 77.62913600000002
13.09925 77.59767399999998
13.1040785 77.57039239999995
13.136615 77.56864790000009
13.1063568 77.60131990000002
13.1439416 77.61899019999998
13.1378213 77.47760459999995
13.1211202 77.61568579999994
13.1057439 77.5773997
13.103757 77.57457350000004
13.0931586 77.65316959999996
13.138794 77.47843880000005
13.097929 77.57829600000002
13.1284891 77.63185679999992
13.1748311 77.56407730000001
13.1604015 77.6362636
13.096547 77.583796
13.094267 77.58105
13.104021 77.571508
13.099667 77.58841699999994
13.1293479 77.58791550000001
13.1214524 77.61556470000005
13.138696 77.47539899999992
13.1733742 77.56412569999998
13.098457 77.58134110000003
13.1107697 77.60741110000004
13.1151 77.57690000000002
13.1218201 77.62341760000004
13.096414 77.5786766
13.0996077 77.57602930000007
13.11382 77.56690000000003
13.0992 77.58210000000008
13.1151 77.57690000000002
13.121291 77.61990200000002
13.1145685 77.77398700000003
13.099193 77.59683999999993
13.134959 77.58909500000004
13.104088 77.60238900000002
13.1039286 77.6016793
13.094329 77.57023099999992
13.0943247 77.57077549999997
13.1733163 77.56410959999994
13.0769511 77.55853139999999
13.0486212 77.56799750000005
13.072183 77.55650000000003
13.0636 77.58640000000003
13.064148 77.53069299999993
13.0507006 77.59752030000004
13.063817 77.58728300000007
13.0812935 77.55976179999993
13.0636698 77.5863736
13.076023 77.55474900000002
13.0796167 77.55912269999999
13.068036 77.62926579999998
13.0493765 77.59696669999994
13.053173 77.50764500000002
13.0824745 77.54847040000004
13.0727815 77.59670670000003
13.0551934 77.59932159999994
13.050188 77.60733600000003
13.0728891 77.55659400000002
13.050183 77.597533
13.0672499 77.6359357
13.0626 77.55899999999997
13.0685455 77.55900930000007
13.0552076 77.60130759999993
13.049433 77.602483
13.0549636 77.54097060000004
13.0690086 77.59269059999997
13.0582706 77.64308849999998
13.058267 77.58595000000003
13.073183 77.50296700000001
13.0693 77.55631700000004
13.0823312 77.54642579999995
13.081755 77.54827699999998
13.0499487 77.59749790000001
13.0775659 77.79735110000001
13.0712745 77.6335123
13.0653256 77.6490632
13.0589618 77.55913809999993
13.0600291 77.55861370000002
13.0640398 77.65188490000003
13.0514916 77.62019459999999
13.0587384 77.54589199999998
13.0600331 77.55860430000007
13.061213 77.57477790000007
13.072451 77.55635200000006
13.0781158 77.55888189999996
13.056397 77.506891
13.066258 77.59374200000002
13.0492484 77.59704839999995
13.0533072 77.76198550000004
13.0485444 77.51180309999995
13.0482293 77.56796929999996
13.0514969 77.51459720000003
13.065076 77.53053699999998
13.0777069 77.8000045
13.081753 77.54832599999997
13.074113 77.56582300000002
13.060352 77.53144099999997
13.0488417 77.51773849999995
13.0502178 77.7154961
13.0706161 77.6738173
13.0667597 77.60944289999998
13.0520294 77.51387009999996
13.04923 77.61175300000002
13.0552299 77.5344589
13.048632 77.51182549999999
13.0486768 77.46743709999998
13.0749323 77.54011450000007
13.086712 77.583936
13.0667169 77.50452629999995
13.056461 77.50392399999998
13.08402 77.56056939999996
13.0551676 77.60216709999997
13.0550761 77.51074259999996
13.051189 77.63047400000005
13.069182 77.56216459999996
13.0724416 77.56721930000003
13.0707729 77.50427719999993
13.0835582 77.48407509999993
13.0694456 77.54517450000003
13.07333 77.78258200000005
13.0836784 77.56046679999997
13.0640385 77.6518218
13.0581287 77.64377089999994
13.0836287 77.48470850000001
13.0728029 77.5463641
13.057252 77.50969699999996
13.0594582 77.57881750000001
13.0490536 77.51479040000004
13.0559457 77.6326798
13.070492 77.78898600000002
13.0574914 77.51062460000003
13.0506737 77.62120709999999
13.0485768 77.62919599999998
13.0602159 77.50523369999996
13.0704515 77.79097350000006
13.0503579 77.52539360000003
13.0506502 77.62173050000001
13.081467 77.54826700000001
13.0756508 77.60282729999994
13.066483 77.59643299999993
13.0790792 77.60693570000001
13.086891 77.55947200000003
13.084369 77.63694499999997
13.080645 77.60727999999995
13.0819211 77.54698970000004
13.0791563 77.51549550000004
13.0893629 77.63533529999995
13.08137 77.65332000000001
13.0786011 77.59276090000003
13.0243292 77.51120070000002
13.0318797 77.55904829999997
13.0262 77.53800000000001
13.0258813 77.5578577
13.028806 77.52468099999999
13.0305484 77.56010200000003
13.0205134 77.5557344
13.0437082 77.55365929999994
13.038147 77.51807699999995
13.0239077 77.54805149999993
13.0321862 77.55914140000004
13.0459012 77.50710989999993
13.0192231 77.55710729999998
13.0345579 77.55688729999997
13.043683 77.52101700000003
13.020514 77.50763899999993
13.0451512 77.55008699999996
13.018496 77.55886850000002
13.028892 77.52288099999998
13.0350884 77.55366260000005
13.0451355 77.55000110000003
13.033484 77.5310111
13.0296443 77.56069560000003
13.0194143 77.52047979999998
13.0268318 77.55812349999997
13.0429093 77.50482699999998
13.0216185 77.51680039999997
13.0193721 77.52044049999995
13.0192571 77.55788710000002
13.0190741 77.55861870000001
13.0185055 77.5315415
13.0431301 77.55089699999996
13.0297181 77.55350640000006
13.0190297 77.55779789999997
13.0297697 77.55350840000006
13.0390159 77.50440900000001
13.0225897 77.55290059999993
13.0402505 77.55733120000002
13.0234758 77.55948839999996
13.0333412 77.52848979999999
13.0238783 77.55957519999993
13.0262821 77.55797089999999
13.0249075 77.51850360000003
13.0398195 77.55564099999992
13.0407313 77.55731409999999
13.020366 77.55675700000006
13.045177 77.54976269999997
13.0206555 77.50846469999999
13.0405149 77.5239047
13.0427368 77.54999539999994
13.027408 77.53838900000005
13.0427381 77.54997129999992
13.035917 77.55561
13.0433103 77.55418600000007
13.0193963 77.52049149999993
13.0451636 77.52165250000007
13.0242085 77.52774010000007
13.0451767 77.54979419999995
13.0382601 77.5352676
13.0209413 77.52828829999999
13.01708 77.52980600000001
13.0335098 77.53106909999997
13.020783 77.53266400000007
13.0291514 77.51965999999993
13.027191 77.54330800000002
13.0233275 77.55943479999996
13.0206359 77.50844259999997
13.0183082 77.55880969999998
13.0326203 77.55436809999992
13.0252 77.52859999999998
13.0184698 77.55886320000002
13.0412219 77.5467195
13.0463058 77.54937849999999
13.0357455 77.54893859999993
13.0478073 77.51791249999997
13.0207313 77.53509839999992
13.0436938 77.54567900000006
13.036158 77.51847499999997
13.0236091 77.55697480000003
13.021491 77.55417399999999
13.0272058 77.55441739999992
13.0376339 77.522108
13.030794 77.54094699999996
13.0273186 77.51480990000005
13.0337322 77.55769639999994
13.0181733 77.55384470000001
13.0319153 77.55911489999994
13.0279572 77.53557619999992
13.0305487 77.55971439999996
13.0459208 77.50711130000002
13.043373 77.55414539999992
13.017347 77.51307900000006
13.0477 77.51756
13.0309675 77.51059140000007
13.0218945 77.5568515
13.0350299 77.55368750000002
13.0430987 77.55186559999993
13.049455 77.51479500000005
13.026646 77.546382
13.027658 77.53835800000002
13.019645 77.53867000000002
13.0286908 77.53961129999993
13.023955 77.51129900000001
13.03425 77.52062000000001
13.0209799 77.52815050000004
13.024363 77.54040099999997
13.021365 77.55869519999999
13.034398 77.55762600000003
13.0294777 77.56087309999998
13.0279072 77.55865399999993
13.0273741 77.53536529999997
13.0377074 77.5219131
13.0258627 77.55778889999999
13.02523 77.55911700000001
13.029369 77.55110200000001
13.034469 77.55737299999998
13.025585 77.546515
13.0252763 77.56016199999999
13.03155 77.50372500000003
13.042828 77.50461700000005
13.034572 77.55753299999992
13.04601 77.50913300000002
13.0467555 77.54947770000001
13.0435962 77.51487559999998
13.041996 77.51951919999999
13.02 77.5326
13.0252763 77.56016199999999
13.0477769 77.50667699999997
13.02157 77.54575
13.0053118 77.56979350000006
13.004646 77.54871400000002
13.0076192 77.54885050000007
13.008446 77.56899499999997
13.00835 77.54683
13.007467 77.569167
13.0101086 77.57736499999999
13.00798 77.56380999999999
13.008 77.54848300000003
13.005467 77.57079999999996
13.009133 77.53898300000003
13.008438 77.56996279999998
13.004106 77.57837619999998
13.007618 77.54885030000003
13.0101888 77.53680099999997
13.011274 77.506439
13.0089528 77.59425429999999
13.00745 77.54818
13.003164 77.57125099999996
13.008142 77.56480399999998
13.003583 77.571233
13.0094539 77.53821820000007
13.004833 77.559617
13.00812 77.54634999999996
13.005433 77.56946700000003
13.0043035 77.60479179999993
13.033717 77.599333
13.008613 77.54905899999994
13.00875 77.54354999999998
13.0375531 77.60519529999999
13.006415 77.57891799999993
13.0216726 77.59240620000003
13.024594 77.592759
13.0058279 77.59328660000006
13.0334271 77.56565610000007
13.0400219 77.5935978
13.008524 77.56158400000004
13.005347 77.57956999999999
13.0070875 77.57912639999995
13.008774 77.543274
13.005364 77.55724310000005
13.0169281 77.56458070000008
13.029068 77.5623822
13.0425644 77.59118510000008
13.0352909 77.58906379999996
13.0269771 77.57929949999993
13.0435161 77.57355840000002
13.0131292 77.54578900000001
13.008715 77.54324900000006
13.02732 77.58572400000003
13.0262521 77.58812869999997
13.004247 77.58230100000003
13.0431967 77.57344030000002
13.0163701 77.5340205
13.0329104 77.57621670000003
13.003817 77.58351700000003
13.0399582 77.59364299999993
13.014694 77.51075200000002
13.029475 77.59183159999998
13.005661 77.54821579999998
13.0345 77.57569999999998
13.005767 77.59326699999997
13.0108112 77.53326340000001
13.0096 77.53845000000001
13.0092491 77.58773180000003
13.0083 77.54610000000002
13.0505418 77.54239170000005
13.0506 77.49659999999994
13.051405 77.50801999999999
13.0530734 77.48430310000003
13.0601526 77.46108019999997
13.0575214 77.51057400000002
13.059658 77.46457199999998
13.051491 77.51459899999998
13.0567696 77.54695279999999
13.054512 77.53254600000002
13.0600732 77.46105239999997
13.056048 77.51347400000009
13.051972 77.52932499999997
13.051781 77.48895600000003
13.055386 77.53452749999997
13.06665 77.50516700000003
13.0662035 77.50343299999997
13.0666947 77.50613229999999
13.0711971 77.50613129999999
13.0730756 77.50294380000003
13.0720577 77.5033297
13.044477 77.57253000000003
13.04536 77.62656199999992
13.094906 77.40037200000006
13.0931785 77.39472810000007
13.0474493 77.57299969999997
13.0479481 77.62912129999995
13.0473095 77.56657180000002
13.044709 77.6269916
13.0859186 77.4855986
13.0834129 77.48408889999996
13.0834743 77.48386060000007
13.080659 77.50177800000006
13.0834674 77.48390749999999
13.042381 77.58144399999992
13.0411821 77.61726269999997
12.9245905 77.61850729999992
12.9961855 77.56412590000002
12.9251128 77.68196039999998
12.9693944 77.70053480000001
12.9206 77.583796
12.978673 77.72451799999999
12.9582176 77.70088609999993
12.996123 77.61733300000003
12.9204943 77.61303729999997
13.0003112 77.5344225
13.011917 77.66846699999996
12.9985677 77.54212889999997
13.0007 77.55309999999997
13.0052072 77.65982650000001
12.999067 77.57061699999997
13.0002934 77.61770760000002
13.0108367 77.64308619999997
12.9973132 77.54581469999994
12.9929849 77.67979430000003
13.0097183 77.6968895
12.9910646 77.70943749999992
12.998714 77.57417299999997
12.9934087 77.59856660000003
13.0118912 77.64745590000007
12.994983 77.69793299999992
12.9972066 77.69069719999993
12.996196 77.61370899999997
12.994983 77.69793299999992
12.9934923 77.59849280000003
13.0079871 77.66242639999996
12.991398 77.65193269999997
13.002333 77.57861700000001
13.0118618 77.6684788
13.00685 77.698353
12.9941 77.66039999999998
13.0107123 77.66769380000005
13.01145 77.67683299999999
13.0058187 77.6595949
12.9918667 77.57061120000003
12.9928508 77.6609019
12.99929 77.56789000000003
13.0095454 77.69661070000006
12.991823 77.53834499999994
12.9948931 77.67725989999997
13.001385 77.62897069999997
13.0001505 77.57812209999997
13.0005167 77.61794680000003
12.9988656 77.58118450000006
12.9966317 77.57283110000003
12.9976569 77.60078060000001
12.9953093 77.6146387
12.9974795 77.55003940000006
12.9916445 77.72021139999993
12.99305 77.576367
12.9908104 77.57457950000003
12.9915213 77.61497759999997
12.9907673 77.66373079999994
12.9960123 77.67196349999995
13.000433 77.53444999999999
12.998933 77.6128
12.9915008 77.57074
13.0048994 77.70392579999998
12.9934008 77.59858669999994
13.0277514 77.66235589999997
13.0207166 77.67689949999999
13.0227883 77.65786890000004
13.0182516 77.64704180000001
13.023606 77.69575980000002
13.02567 77.65167999999994
13.0301523 77.65316970000003
13.0206268 77.64788520000002
13.0261567 77.72124680000002
13.0232208 77.65831409999998
13.0174 77.70489999999995
13.0221232 77.67229240000006
13.0364809 77.73749929999997
13.0219141 77.69890729999997
13.0172469 77.67824930000006
13.02627 77.72135200000002
13.021876 77.65770599999996
13.0223698 77.69708539999999
13.0170485 77.64313749999997
13.020784 77.68336999999997
13.0383594 77.64760160000003
13.0163518 77.64279750000003
13.0237369 77.70685400000002
13.030356 77.64306579999993
13.0478374 77.6446939
13.024014 77.70678099999998
13.0181446 77.65304630000003
13.0238035 77.70687150000003
13.031965 77.73037699999998
13.02567 77.65167999999994
13.0369803 77.67499580000003
13.02162 77.67894000000001
13.0264272 77.65230050000002
13.02567 77.65167999999994
13.0172671 77.67824259999998
13.0171737 77.64314089999993
13.0312236 77.66947210000001
13.0174187 77.70545629999992
13.0180556 77.64323949999994
13.0205539 77.67365369999993
13.02567 77.65167999999994
13.0223042 77.69733250000002
13.024363 77.70687699999996
13.038985 77.64153999999996
13.0203654 77.68437979999999
13.016287 77.65220699999998
13.02567 77.65167999999994
13.0200473 77.67473659999996
13.028771 77.66197499999998
13.02567 77.65167999999994
13.019046 77.67341499999998
13.0203949 77.68435469999997
13.0197066 77.67826839999998
13.021011 77.67902300000003
13.0197406 77.67390580000006
13.0160908 77.6683157
13.02567 77.65167999999994
13.02094 77.65603999999996
13.0690821 77.79343110000002
13.0251647 77.70715339999992
13.033565 77.67476209999995
13.073804 77.78638799999999
13.0223342 77.6972098
13.027582 77.662011
13.0705201 77.79195479999998
13.0208584 77.6811659
13.0235853 77.65846970000007
13.0375 77.75720000000001
13.028138 77.73130400000002
13.019993 77.70897300000001
13.059893 77.64238699999999
13.019046 77.67341499999998
13.02567 77.65167999999994
13.0175422 77.67821140000001
13.020781 77.704568
13.0207323 77.6768472
13.0209704 77.67846020000002
13.01154 77.67349999999999
13.011467 77.67746699999998
13.0119112 77.66935760000001
13.0153538 77.6784427
13.011483 77.67755
13.015148 77.67189899999994
13.011464 77.67748000000006
13.0115044 77.67673379999997
13.0156893 77.67846759999998
13.0155877 77.67848260000005
13.015562 77.67846399999996
13.015636 77.67858999999999
13.0148 77.67348199999992
12.990617 77.70656699999995
13.0013171 77.62382630000002
13.00009 77.62573999999995
12.99695 77.61932999999999
12.9922796 77.659851
12.9939001 77.6636952
12.9922507 77.66005040000005
12.993383 77.598567
12.994753 77.61545490000003
12.9903222 77.59060509999995
13.00518 77.66062310000007
12.9933486 77.67922999999996
13.0015183 77.63167709999993
13.003738 77.66031900000007
12.992204 77.57579799999996
13.000355 77.62336830000004
13.007004 77.67424000000005
12.9958565 77.67229709999992
13.0086009 77.63555919999999
12.9940682 77.66704830000003
12.9930245 77.6795717
12.9909895 77.66851059999999
12.993618 77.59823800000004
12.9977651 77.60978520000003
13.0075383 77.68330560000004
12.992208 77.57503150000002
13.0062 77.6961
13.007533 77.69769999999994
13.009767 77.64445
12.9908624 77.57489469999996
13.001817 77.63151700000003
12.990259 77.58854799999995
12.9901653 77.60884209999995
13.001904 77.57777499999997
12.995196 77.71820100000002
13.000983 77.61244999999997
13.0138666 77.61527539999997
13.0034601 77.61658560000001
13.00208 77.59867099999997
13.0036669 77.60595839999996
13.0055568 77.58168969999997
13.0034014 77.61207890000003
13.0138973 77.57887879999998
13.0018504 77.59883000000002
13.0091358 77.59437000000003
13.0092733 77.59487480000007
13.0012545 77.57846199999994
13.00795 77.594022
13.004942 77.60611300000005
13.0015231 77.59826040000007
13.0003831 77.5714319
13.014414 77.616803
13.0068676 77.57107480000002
13.0023063 77.57119599999999
13.0022331 77.61775910000006
13.0038939 77.61546850000002
13.004247 77.58230100000003
13.012965 77.61660840000002
13.0092063 77.59439259999999
13.0018699 77.57256789999997
13.011902 77.59596799999997
13.008222 77.57127739999999
13.0041608 77.60291540000003
13.0132733 77.61673990000008
13.003368 77.57127500000001
13.0002851 77.61111129999995
13.0007656 77.61325970000007
13.0051431 77.58017330000007
13.007148 77.57914299999993
12.9995947 77.59976059999997
12.9996354 77.61138219999998
13.0053443 77.57553770000004
13.002181 77.57120899999995
13.003057 77.59666790000006
13.00788 77.61397
13.004606 77.60031800000002
13.002452 77.6120416
13.0024089 77.59826780000003
13.004788 77.57669299999998
13.001804 77.57382099999995
13.0062303 77.60007399999995
13.007566 77.59309600000006
13.009998 77.60988499999996
13.0039469 77.60207249999996
13.006199 77.57864999999993
13.0192165 77.59448450000002
13.019163 77.5926948
13.018484 77.582941
13.0213392 77.59244339999998
13.016321 77.58407899999997
13.0206245 77.59334260000003
13.0193626 77.5923914
13.019925 77.59263099999998
13.018722 77.58887500000003
13.0196811 77.59678559999998
13.020355 77.59253000000001
13.0216639 77.59238670000002
13.01718 77.59167000000002
13.0200727 77.59258449999993
13.021928 77.58451400000001
13.021549 77.589249
12.9898413 77.53775689999998
12.987317 77.56316700000002
12.988543 77.67466300000001
12.9887421 77.68016569999998
13.0014821 77.56943679999995
12.9885501 77.59220579999999
13.0007412 77.562994
12.99955 77.55743899999993
12.9738009 77.67377540000007
12.9844408 77.67614279999998
12.984549 77.67933029999995
12.971459 77.62772999999993
12.98423 77.55367000000001
12.972144 77.64727949999997
12.9703706 77.64740019999999
12.9723805 77.6509125
12.9785503 77.62931809999998
12.9863 77.55629999999996
12.9850938 77.55800410000006
12.9865389 77.58020820000002
12.9856 77.59609999999998
12.9898865 77.55591979999997
12.9938284 77.55257899999992
12.9945674 77.57371719999992
12.9984327 77.55522629999996
12.986267 77.58005000000003
12.9975589 77.55987579999999
12.9961 77.55132000000003
12.9901093 77.55616250000003
12.9851112 77.556374
12.9875167 77.55586749999998
12.9879371 77.59421090000001
12.985233 77.55639999999994
12.9915008 77.57074
12.9979697 77.55804809999995
12.986983 77.57878299999993
12.99441 77.550792
12.989099 77.55011869999998
12.9844709 77.55472020000002
12.985568 77.58882500000004
12.992831 77.56639640000003
12.996196 77.57838500000003
12.9942795 77.59454170000004
12.9987272 77.5732246
12.986907 77.59506490000001
12.9839485 77.5796891
12.9927 77.57138299999997
12.996666 77.5626413
12.987133 77.55426699999998
12.9966755 77.56246869999995
12.983958 77.58149679999997
12.9878914 77.56309299999998
12.997584 77.55981930000007
12.9960613 77.5546276
12.9946622 77.57383270000003
12.9941201 77.57145830000002
12.9985403 77.55321040000001
12.9956396 77.55464469999993
12.996457 77.55143670000007
12.9924231 77.55667949999997
12.9852728 77.57398149999995
12.998583 77.55214999999998
12.985436 77.57361500000002
12.9931996 77.56338800000003
12.996639 77.56423560000007
12.9979261 77.57822370000008
12.9984321 77.55532070000004
12.9986492 77.57322539999996
12.998683 77.55206699999997
12.9923842 77.56317349999995
12.9848838 77.55602160000001
12.9974531 77.5497249
12.989582 77.57333300000005
12.9920285 77.57549629999994
12.989461 77.57305210000004
12.9981524 77.55851910000001
12.993929 77.5525821
12.9889461 77.57488460000002
12.9905187 77.5583193
12.991229 77.57135149999999
12.9853624 77.55327199999999
12.9923632 77.5757635
12.9901652 77.57452990000002
12.987562 77.5629844
12.993045 77.55967099999998
12.9967135 77.57299839999996
12.9981084 77.54954309999994
12.995157 77.56381699999997
12.9853085 77.55330389999995
12.9851807 77.55651119999993
12.9901606 77.57454359999997
12.9883053 77.54989780000005
12.9898022 77.55547649999994
12.9889211 77.57491349999998
12.99798 77.55321670000001
12.9976098 77.55982700000004
12.9851526 77.5565001
12.992204 77.57579799999996
12.9839736 77.5603906
12.9873054 77.56668549999995
12.9956855 77.55496779999999
12.9925249 77.55692150000004
12.9848995 77.55798670000001
12.9916576 77.55659400000002
12.9900866 77.5533974
12.98974 77.57204100000001
12.9934109 77.57705390000001
12.9960013 77.55139859999997
12.9912342 77.57130860000007
12.9974664 77.54983349999998
12.9877039 77.55153359999997
12.9851438 77.55637539999998
12.985444 77.59614399999998
12.9939706 77.56340150000005
12.9903769 77.57443839999996
12.989644 77.57317599999999
12.9830862 77.56266249999999
12.9964478 77.56261519999998
12.99244 77.57565299999999
12.9969359 77.56122010000001
12.9981387 77.54993869999998
12.9886392 77.56663479999997
12.98886 77.59238900000003
12.9853438 77.55321470000001
12.998262 77.55535199999997
12.9974746 77.55010670000001
12.9892174 77.56802549999998
12.9928823 77.55967750000002
12.9864065 77.5599105
12.997669 77.57171689999996
12.9926232 77.5587193
12.9872511 77.55407009999999
12.9873713 77.554531
12.9845 77.55449999999996
12.9984346 77.57449729999996
12.9964775 77.56218739999997
12.9944165 77.57373230000007
12.9872314 77.56722319999994
12.9960835 77.55461379999997
12.9856091 77.55207930000006
12.987375 77.55452300000002
12.992849 77.56057599999997
12.9923103 77.59484259999999
12.9897 77.57733299999995
12.9844214 77.5545353
12.993724 77.55570910000006
12.9889277 77.5560203
12.99231 77.55679950000001
12.9952306 77.57155639999996
12.985183 77.59653300000002
12.9964146 77.56242999999995
12.9878993 77.5766006
12.9850095 77.55812519999995
12.992818 77.55657300000007
12.9900803 77.57431810000003
12.9833 77.58923299999992
12.9870858 77.5669107
12.9934812 77.57703719999995
12.9939002 77.55257329999995
12.983398 77.55451700000003
12.983674 77.59575300000006
12.9895631 77.57201740000005
12.9895 77.5747
12.98405 77.56036999999992
12.993142 77.57921399999998
12.98691 77.57934
12.996218 77.56264799999997
12.998955 77.57614000000001
12.9882596 77.54987230000006
12.9935161 77.56672939999999
12.9976183 77.58375049999995
12.99167 77.57071999999994
12.994797 77.55992500000002
12.99323 77.55641000000003
12.9850949 77.59676850000005
12.9931 77.58979999999997
12.986569 77.57435199999998
12.9885 77.59370000000001
12.997 77.56790000000001
12.9841663 77.55448539999998
12.9876 77.57999999999993
12.98523 77.59613000000002
12.988095 77.55936399999996
12.9875592 77.5551802
12.9970094 77.55017680000003
12.9857237 77.5420517
12.994122 77.53917960000001
12.997431 77.548404
12.9912199 77.53831220000006
12.9855001 77.54531880000002
12.988223 77.5456345
12.9882142 77.54239570000004
12.997274 77.54652099999998
12.9868012 77.54543330000001
12.9983161 77.54257200000006
12.9873 77.53960000000006
12.9983121 77.54329540000003
12.989578 77.54826100000002
12.9953025 77.53892829999995
12.9941737 77.53926790000003
12.9890526 77.54664989999992
12.9978058 77.5445264
12.9933475 77.54718109999999
12.9965095 77.54641730000003
12.9929839 77.54589629999998
12.9891051 77.54663219999998
12.9926775 77.54593249999994
12.993242 77.54076399999997
12.9977862 77.54377169999998
12.9880691 77.54904090000002
12.9888489 77.54750260000003
12.9864229 77.54113869999992
12.9970953 77.54841220000003
12.993031 77.54589399999998
12.993935 77.54351700000007
12.9969173 77.54633949999993
12.9882064 77.54239439999992
12.9880538 77.54906840000001
12.9895892 77.53862419999996
12.9974021 77.54848730000003
12.9912851 77.5383157
12.9945416 77.54581089999999
12.9887849 77.54765450000002
12.9914191 77.53833080000004
12.997543 77.54626899999994
12.991997 77.54321700000003
12.9912475 77.53832250000005
12.9857104 77.542102
12.9826603 77.55992800000001
12.9981855 77.54279939999992
12.991367 77.53828299999998
12.915403 77.61217499999998
12.916317 77.61017199999992
12.912767 77.63531699999999
12.9151648 77.58558800000003
12.9274 77.68180000000007
12.958091 77.698397
12.92261 77.56011899999999
12.9169124 77.60295359999998
12.9162683 77.61017040000002
12.92535 77.57280000000003
12.9168351 77.60068409999997
12.9165275 77.60350319999998
12.9127838 77.63532220000002
12.913039 77.61013520000006
12.9273785 77.56159709999997
12.9167145 77.60399669999993
12.9245786 77.61843339999996
12.9160578 77.60552359999997
12.916336 77.61453170000004
12.9126685 77.60129860000006
12.921297 77.57325719999994
12.9121272 77.6369717
12.918019 77.6319158
12.9608779 77.70119469999997
12.9237509 77.56044829999996
12.923783 77.55375000000004
12.958194 77.70087809999995
12.9249938 77.63727390000008
12.9554271 77.69794809999996
12.9126987 77.60027000000002
12.9137272 77.60834620000003
12.91597 77.61929199999997
12.917215 77.58589600000005
12.9111843 77.6295523
12.923651 77.61465900000007
12.968447 77.70282799999995
12.957996 77.716092
12.945696 77.59629339999992
12.9484623 77.59894480000003
12.9358049 77.61463300000003
12.9373412 77.61944249999999
12.9360732 77.62522160000003
12.9401633 77.62492689999999
12.938171 77.61001639999995
12.9438969 77.62352720000001
12.9386125 77.63050659999999
12.9353 77.61462099999994
12.940359 77.61828709999997
12.945677 77.59622769999999
12.9382043 77.60999909999998
12.938352 77.63187249999999
12.9380383 77.62774590000004
12.9386245 77.60972070000003
12.9493484 77.5925919
12.9475572 77.59798380000007
12.9469474 77.59650080000006
12.937162 77.61637900000005
12.9499533 77.62426249999999
12.9416608 77.61602130000006
12.9411952 77.60877640000001
12.9448539 77.62895200000003
12.9359252 77.62576009999998
12.9482116 77.59731469999997
12.93525 77.61446699999999
12.9441556 77.60949449999998
12.9430394 77.60291299999994
12.9366839 77.62059950000003
12.9369369 77.61245370000006
12.9354853 77.6088866
12.9506096 77.62458259999994
12.9374815 77.62443269999994
12.938673 77.63047899999992
12.9504404 77.60270549999996
12.935268 77.61458160000007
12.9433616 77.61776170000007
12.9399126 77.62515059999998
12.9362937 77.62758699999995
12.937907 77.61070999999993
12.9479205 77.60661600000003
12.9416513 77.61600859999999
12.9436864 77.60784430000001
12.9366607 77.6252035
12.9479881 77.59715430000006
12.9480212 77.5971591
12.937317 77.60643800000003
12.9504358 77.62536709999995
12.9405364 77.60881689999997
12.9441644 77.60928089999993
12.9361899 77.62585409999997
12.9416824 77.61581239999998
12.9498316 77.59596439999996
12.9504371 77.62540100000001
12.9382494 77.6099451
12.9384216 77.62591099999997
12.947012 77.59645899999998
12.9420729 77.60275339999998
12.943376 77.61780429999999
12.9400868 77.60909820000006
12.9383236 77.63268519999997
12.942225 77.60293899999999
12.9457263 77.59629769999992
12.9355712 77.62239060000002
12.9442007 77.60909019999997
12.9507174 77.59598919999996
12.938119 77.61008800000002
12.9382481 77.63268889999995
12.9352572 77.59278900000004
12.9403665 77.61830459999999
12.9437975 77.62362110000004
12.9404283 77.61836829999993
12.9360124 77.62505669999996
12.9381883 77.60994849999997
12.943376 77.61777210000002
12.9486515 77.59376829999997
12.9433933 77.61782210000001
12.9372754 77.60646429999997
12.948117 77.59866699999998
12.9373107 77.59780879999994
12.9426552 77.60268309999992
12.9488471 77.59780439999997
12.939924 77.62516329999994
12.936708 77.62392599999998
12.943742 77.59756900000002
12.9417026 77.61602229999994
12.943 77.60271
12.93529 77.61439999999993
12.950546 77.62398099999996
12.93867 77.61009999999999
12.936947 77.61251900000002
12.9441553 77.60934929999996
12.9383569 77.6319479
12.9443328 77.62315710000007
12.9386242 77.63049249999995
12.9483861 77.59723280000003
12.950935 77.62341800000002
12.9437364 77.59472770000002
12.9488527 77.60008500000004
12.9356808 77.60861279999995
12.9419908 77.61512010000001
12.94771 77.59781900000007
12.935525 77.59727199999998
12.940238 77.62478999999996
12.9469061 77.59636869999997
12.950726 77.5959719
12.9469541 77.59651340000005
12.946721 77.61861099999999
12.936892 77.60076500000002
12.9382101 77.58289250000007
12.9412216 77.58532539999999
12.942191 77.58299399999999
12.9421245 77.58047770000007
12.93879 77.58199000000002
12.9437126 77.57984399999998
12.940037 77.58220000000006
12.9391824 77.58262890000003
12.942018 77.58027800000002
12.940181 77.57981999999993
12.940697 77.58065999999997
12.940485 77.58023100000003
12.939726 77.58039499999995
12.94036 77.57983000000002
12.9257723 77.58469680000007
12.9273755 77.57841759999997
12.933633 77.617617
12.933166 77.58202499999993
12.93293 77.61459200000002
12.934033 77.58398299999999
12.9307681 77.63278650000007
12.924342 77.61828450000007
12.9243121 77.61779409999997
12.927453 77.590599
12.9339606 77.63035739999998
12.9399866 77.5650038
12.9297712 77.62145469999996
12.9282106 77.55181449999998
12.9238005 77.57343560000004
12.934521 77.62407400000006
12.9423036 77.54835330000003
12.9244223 77.60962619999998
12.92547 77.54953999999998
12.925625 77.54990199999997
12.9292566 77.55187669999998
12.9255475 77.63705319999997
12.926767 77.59701700000005
12.9231385 77.55610839999997
12.9263573 77.58413229999996
12.9269642 77.5918567
12.9252998 77.60066890000007
12.932633 77.631617
12.9308682 77.60360690000005
12.9356906 77.56884390000005
12.9443151 77.57296889999998
12.9254412 77.61705200000006
12.947068 77.57144900000003
12.922963 77.59339
12.9347483 77.62983280000003
12.9378 77.55729999999994
12.9215062 77.59689759999992
12.930667 77.58116700000005
12.9386836 77.57036169999992
12.933417 77.623333
12.922577 77.61432279999997
12.9258255 77.63361020000002
12.9346931 77.61120830000004
12.926333 77.58691699999997
12.9324311 77.5561844
12.9449696 77.56788870000003
12.9327411 77.58417609999992
12.931667 77.632517
12.9380592 77.55014389999997
12.942033 77.55168300000003
12.9234785 77.57030750000001
12.9354347 77.57388779999997
12.9262847 77.61683640000001
12.9377498 77.56676360000006
12.9242012 77.57802429999992
12.9315755 77.58403529999998
12.9287868 77.58295169999997
12.936726 77.56874489999996
12.9441296 77.57280620000006
12.939451 77.57179900000006
12.948383 77.57151699999997
12.9321264 77.58414930000004
12.9290613 77.60929740000006
12.943971 77.56368299999997
12.927453 77.590599
12.937303 77.55829900000003
12.922115 77.59339899999998
12.9284087 77.57694620000007
12.9245772 77.58798920000004
12.9385974 77.56662879999999
12.9329241 77.60276290000002
12.940774 77.57322399999998
12.9306125 77.58460330000003
12.925738 77.57352900000001
12.9473446 77.56338210000001
12.941949 77.55109040000002
12.9255003 77.54932159999998
12.938346 77.56343500000003
12.941548 77.55824480000001
12.924155 77.56722660000003
12.9256148 77.6000163
12.933759 77.58290099999999
12.9230773 77.58574859999999
12.935616 77.55477900000005
12.9394791 77.56399290000002
12.9436587 77.56540710000002
12.945578 77.57062700000006
12.9449804 77.56788210000002
12.9307399 77.57848450000006
12.9330613 77.58195560000001
12.9244308 77.60913740000001
12.943433 77.57363299999997
12.930467 77.63308299999994
12.934009 77.56190749999996
12.9483204 77.55985120000003
12.9419647 77.5554909
12.9244361 77.60965110000006
12.945544 77.57698400000004
12.9347586 77.62985320000007
12.937756 77.56679310000004
12.9317546 77.54431249999993
12.941838 77.56181070000002
12.9355314 77.5607953
12.9230067 77.58356759999992
12.9545187 77.57903569999996
12.952672 77.58007399999997
12.953863 77.57833900000003
12.9555826 77.56976420000001
12.9448275 77.56793199999993
12.94409 77.57268999999997
12.9577597 77.58222
12.94866 77.57504700000004
12.9530511 77.57608700000003
12.952167 77.577133
12.9450734 77.57192629999997
12.955298 77.57996700000001
12.958525 77.56219599999997
12.9572313 77.56685459999994
12.956297 77.58119599999998
12.9596888 77.59379590000003
12.9572002 77.57192129999999
12.946069 77.570426
12.94903 77.57968400000004
12.9560986 77.58159390000003
12.946267 77.57158299999992
12.9480063 77.57696620000002
12.949683 77.57985699999995
12.959583 77.56846700000006
12.9580088 77.59279700000002
12.95868 77.56254000000001
12.9497117 77.57673090000003
12.956567 77.56970000000001
12.9572785 77.56966090000003
12.9572996 77.56728269999996
12.946639 77.56981399999995
12.9544038 77.57333369999992
12.957552 77.58634899999993
12.9530982 77.57444280000004
12.9582612 77.5822369
12.9568653 77.58138280000003
12.957088 77.56384030000004
12.956772 77.56177300000002
12.9541627 77.56521829999997
12.9549714 77.56643239999994
12.958385 77.57732399999998
12.9473906 77.56626519999998
12.9542941 77.56534199999999
12.9576142 77.58212920000005
12.9598111 77.57498220000002
12.954217 77.56981700000006
12.9571259 77.56383490000007
12.958163 77.58242999999993
12.9561581 77.59820969999998
12.9542734 77.59135040000001
12.946127 77.57064200000002
12.9440462 77.56433249999998
12.9552184 77.59170640000002
12.9565658 77.59071599999993
12.9579385 77.57031210000002
12.9473336 77.56799669999998
12.9557147 77.56757590000007
12.9568374 77.58578850000004
12.957025 77.56550700000003
12.9467004 77.56973820000007
12.958605 77.593479
12.95712 77.58159599999999
12.9580218 77.56843830000003
12.9545469 77.59207219999996
12.944418 77.57221200000004
12.94614 77.57052799999997
12.9563097 77.59215970000002
12.9522 77.57740000000001
12.9552282 77.56671460000007
12.944637 77.56768
12.9515037 77.57598099999996
12.958112 77.56839839999998
12.944332 77.57241499999998
12.9495445 77.57996750000007
12.9600443 77.56192120000003
12.9577071 77.58233710000002
12.9568466 77.57058710000001
12.9475 77.58019999999999
12.950076 77.56725000000006
12.9549524 77.5667267
12.95958 77.56191609999996
12.957918 77.56218799999999
12.9549442 77.56639339999992
12.9550978 77.56548250000003
12.955063 77.56683499999997
12.955707 77.606043
12.9467056 77.57353089999992
12.9532942 77.56990510000003
12.9571438 77.5640932
12.9458731 77.57172300000002
12.95773 77.58181000000002
12.9589105 77.56573230000004
12.9444628 77.57244860000003
12.959306 77.58285139999998
12.956763 77.58576059999996
12.955382 77.56964719999996
12.9558803 77.56728290000001
12.9556515 77.56758400000001
12.946633 77.56766700000003
12.9599022 77.58766330000003
12.9521 77.57722999999999
12.957043 77.58916399999998
12.9521 77.57722999999999
12.9462002 77.56945789999997
12.9521 77.57722999999999
12.946421 77.571598
12.9579837 77.56944840000006
12.944336 77.57367299999999
12.95285 77.56750499999998
12.9521 77.57722999999999
12.956 77.56729999999993
12.946 77.57159999999999
12.9581972 77.60534810000001
12.9521 77.57722999999999
12.9521 77.57722999999999
12.956504 77.59069199999999
12.9521 77.57722999999999
12.9521 77.57722999999999
12.9521 77.57722999999999
12.9567577 77.58494229999997
12.9439897 77.56431479999992
12.9549439 77.56632130000003
12.9550338 77.56678099999999
12.9537765 77.59592859999998
12.957362 77.56971799999997
12.959245 77.56961000000001
12.9573781 77.57186920000004
12.9464273 77.57970799999998
12.9594758 77.57772879999993
12.9521 77.57722999999999
12.9485355 77.57917279999992
12.9475 77.58019999999999
12.95856 77.56209999999999
12.8357148 77.68445029999998
12.8386394 77.66271019999999
12.844224 77.66028499999993
12.8369867 77.6547253
12.8353339 77.6792246
12.8369867 77.65478970000004
12.8323418 77.68091979999997
12.837256 77.65960689999997
12.8354819 77.68031109999993
12.8381 77.66409999999996
12.837 77.66239999999993
12.8405696 77.65131870000005
12.844657 77.66517299999998
12.8377921 77.65603959999999
12.8377882 77.65596579999999
12.8442489 77.67217870000002
12.84395 77.67714999999998
12.8400971 77.66390799999999
12.84043 77.65254200000004
12.8351825 77.6845032
12.84143 77.66767000000004
12.8384 77.67899999999997
12.842819 77.67544599999997
12.8422557 77.66468009999994
12.8413393 77.6477774
12.841336 77.64774699999998
12.842 77.66899999999998
12.8378196 77.65594169999997
12.839959 77.664446
12.837868 77.66368390000002
12.8479 77.6671
12.8482 77.66689999999994
12.8480538 77.66897319999998
12.845902 77.66305899999998
12.8455407 77.66347739999992
12.848417 77.66689199999996
12.8482 77.66689999999994
12.8454074 77.6640165
12.845872 77.66191100000003
12.84558 77.66343000000006
12.84558 77.66343000000006
12.8480721 77.66897859999995
12.84558 77.66343000000006
12.8483 77.66679999999997
12.8487494 77.67243589999998
12.8502329 77.65710309999997
12.8503911 77.65605240000002
12.8499 77.67000000000007
12.8490946 77.66771259999996
12.8487442 77.67250569999999
12.849117 77.65883099999996
12.8500218 77.65427709999994
12.8487651 77.67238229999998
12.84938 77.66847000000007
12.847909 77.674983
12.8489639 77.67032770000003
12.851129 77.66861900000004
12.8506 77.65729999999996
12.85052 77.66833999999994
12.850711 77.65483999999992
12.8504015 77.65540859999999
12.848682 77.66906100000006
12.850277 77.66695900000002
12.8487 77.66910000000007
12.85052 77.66833999999994
12.85052 77.66833999999994
12.849387 77.65740099999994
12.85052 77.66833999999994
12.849722 77.66336000000001
12.848799 77.65716199999997
12.8492 77.6712
12.8522691 77.67804709999996
12.8542522 77.66614849999996
12.8379726 77.69542249999995
12.8522966 77.67804849999993
12.853549 77.66663560000006
12.826969 77.67440199999999
12.8255052 77.67207919999998
12.8514528 77.66182779999997
12.8255012 77.67209159999993
12.849882 77.67883600000005
12.8255431 77.67205609999996
12.8255006 77.67204939999999
12.8260838 77.6730341
12.8281156 77.68217709999999
12.852107 77.66803299999992
12.8541373 77.66239810000002
12.85211 77.66803299999992
12.824763 77.67545199999995
12.8522248 77.67806859999996
12.8480025 77.65013069999998
12.8546243 77.66024649999997
12.852107 77.66803000000004
12.854977 77.66619100000003
12.826997 77.67549299999996
12.846016 77.676782
12.8548257 77.67021039999997
12.826501 77.67787299999998
12.848559 77.68186000000003
12.8200355 77.71752930000002
12.8215946 77.67409520000001
12.816192 77.68510400000002
12.8107081 77.69488330000001
12.815374 77.69134009999993
12.8186494 77.68856129999995
12.813165 77.68570499999998
12.8553002 77.58796640000003
12.8578288 77.59001699999999
12.8565845 77.58876120000002
12.8571279 77.58873530000005
12.861648 77.58971399999996
12.8580627 77.58910370000001
12.8656002 77.60015440000006
12.865576 77.58081500000003
12.8607784 77.56593350000003
12.86532 77.59156499999995
12.8619478 77.56270710000001
12.859633 77.54233539999996
12.854017 77.54415300000005
12.8662469 77.53422520000004
12.9052451 77.5627624
12.9101605 77.55516740000007
12.8972979 77.58227540000007
12.9046758 77.55686539999999
12.9140857 77.58548470000005
12.8828159 77.56939680000005
12.882375 77.58351059999995
12.893076 77.56654400000002
12.8948 77.55563299999994
12.9098972 77.52137249999998
12.9032348 77.51638409999998
12.9115171 77.55223810000007
12.9100311 77.55522700000006
12.9143265 77.5598827
12.9052254 77.56259069999999
12.9102974 77.56230440000002
12.9016925 77.56089829999996
12.9033673 77.4982804
12.9063 77.57384000000002
12.884026 77.57015899999999
12.909367 77.57795599999997
12.8863239 77.55709790000003
12.914669 77.56393500000001
12.9073749 77.57813080000005
12.883226 77.583301
12.904801 77.54343300000005
12.887643 77.54377499999998
12.9123174 77.58784109999999
12.9056631 77.55825800000002
12.9119445 77.5523303
12.8847129 77.54616190000002
12.8872194 77.57077249999998
12.8963266 77.57231309999997
12.9021473 77.5190662
12.88243 77.5840293
12.9138831 77.56695130000003
12.910339 77.59166700000003
12.9059657 77.54193099999998
12.9054582 77.56243849999998
12.9045284 77.56168980000007
12.906347 77.54293099999995
12.9028508 77.52086220000001
12.9054516 77.56243979999999
12.8918417 77.55988509999997
12.8981366 77.55838459999995
12.8983599 77.55847110000002
12.9030792 77.51710249999996
12.8966168 77.5477204
12.9059905 77.5582455
12.8976187 77.55770770000004
12.8963214 77.55083139999999
12.901245 77.54413299999999
12.9059755 77.55826330000002
12.9051 77.54359999999997
12.896967 77.559663
12.9052386 77.52098569999998
12.9083123 77.56396240000004
12.9252873 77.51745699999992
12.9131053 77.55059260000007
12.9150112 77.5792573
12.9186 77.50229999999999
12.9129756 77.58656399999995
12.9090975 77.5491495
12.909026 77.57774700000004
12.916883 77.58671700000002
12.9224137 77.51973380000004
12.924756 77.5182767
12.91485 77.52061700000002
12.9122556 77.510175
12.909367 77.57795599999997
12.913195 77.58772999999997
12.9117441 77.5670417
12.9108 77.57299999999998
12.9257347 77.51804319999997
12.9167615 77.58028519999993
12.9129442 77.58647080000003
12.9132472 77.55883500000004
12.9179301 77.58607210000002
12.909344 77.56414180000002
12.9143041 77.58588989999998
12.9205431 77.58687809999992
12.9185823 77.57578080000008
12.9313 77.51549999999997
12.9169745 77.5828831
12.9106304 77.58420660000002
12.9185131 77.55804139999998
12.9092805 77.56650209999998
12.9202264 77.56011369999999
12.9200477 77.54010249999999
12.913583 77.55943300000001
12.9159164 77.55922759999999
12.940485 77.56682799999999
12.925061 77.564212
12.9202467 77.5759253
12.9380641 77.55632909999997
12.9366313 77.57777369999997
12.9260932 77.58609150000007
12.9115138 77.5670341
12.933077 77.54324529999997
12.931677 77.55717500000003
12.9300939 77.58479940000007
12.9085536 77.57011360000001
12.9211 77.57280000000003
12.9368062 77.51770729999998
12.9223329 77.55599619999998
12.9408295 77.54587370000002
12.917667 77.576367
12.9274601 77.57556720000002
12.919217 77.57794999999999
12.9084935 77.5482121
12.9306116 77.55365159999997
12.9110275 77.57881440000006
12.9113 77.55320000000006
12.9335162 77.54269980000004
12.9259331 77.56107120000001
12.9233943 77.57376550000004
12.925133 77.56081700000004
12.9298754 77.57039929999996
12.9254484 77.56426979999992
12.919933 77.57823299999995
12.9169013 77.5829913
12.9139514 77.5665027
12.931286 77.5671059
12.930307 77.56361600000002
12.9396241 77.55472580000003
12.9316432 77.56396470000004
12.9297041 77.56649300000004
12.9110432 77.57952750000004
12.9398838 77.57128850000004
12.9192164 77.50408440000001
12.940642 77.5477148
12.9177685 77.55717440000001
12.9131132 77.56732549999992
12.917989 77.55546400000003
12.937499 77.56265800000006
12.933433 77.584967
12.9083684 77.56415879999997
12.9384576 77.55281539999999
12.9242655 77.56556269999999
12.9094 77.52094999999997
12.9200104 77.58090279999999
12.9246259 77.58799290000002
12.912797 77.55728299999998
12.9237695 77.54676840000002
12.9225326 77.51798629999996
12.927827 77.56213209999999
12.9124717 77.57809559999998
12.9236557 77.57041000000004
12.9173121 77.55940639999994
12.920252 77.58659999999998
12.9235 77.54320000000007
12.9111174 77.576731
12.9395105 77.56401030000006
12.9233906 77.54880109999999
12.9109704 77.52444659999992
12.9255487 77.54988779999996
12.933486 77.549578
12.9347684 77.53650429999993
12.9179236 77.52033589999996
12.9141464 77.52061849999996
12.9115164 77.56708779999997
12.9171523 77.58597889999999
12.9331613 77.54032129999996
12.9332078 77.5395016
12.911309 77.52303299999994
12.9220526 77.55261210000003
12.913521 77.55937310000002
12.9282813 77.55189480000001
12.9253426 77.56425739999997
12.9364158 77.5669021
12.9407874 77.54117150000002
12.908878 77.56523870000001
12.9181454 77.5549823
12.9182386 77.55481399999996
12.9194395 77.54201379999995
12.9190353 77.54200270000001
12.925886 77.51608590000001
12.9223914 77.51992819999998
12.921959 77.55106090000004
12.9263533 77.51582269999994
12.9261246 77.55066099999999
12.9260628 77.55332469999996
12.921702 77.55117519999999
12.9202307 77.51094009999997
12.9281185 77.55185640000002
12.9307569 77.55382159999999
12.925625 77.54990099999998
12.9264901 77.51583119999998
12.925232 77.54774199999997
12.9180685 77.55494139999996
12.9223627 77.51945079999996
12.9307651 77.54747580000003
12.925532 77.54958099999999
12.9221385 77.50806549999993
12.9293561 77.55220889999998
12.931389 77.54535099999998
12.92167 77.52958000000001
12.920126 77.51610099999994
12.9191 77.55439999999999
12.92766 77.54660000000001
12.9164119 77.51334270000007
12.9303685 77.54678519999993
12.929617 77.55259999999998
12.9230362 77.50494309999999
12.930183 77.48714999999993
12.9260432 77.48564720000002
12.9282 77.48639700000001
12.9286103 77.48802660000001
12.938493 77.4947515
12.9425733 77.48809240000003
12.9509613 77.49200910000002
12.9562 77.51559999999995
12.925166 77.48453500000005
12.9477779 77.49674040000002
12.947669 77.49670830000002
12.9362037 77.51826119999998
12.932983 77.51569999999992
12.9362037 77.51826119999998
12.9499706 77.5018877
12.9481432 77.49685109999996
12.9421713 77.49089260000005
12.9477626 77.49673589999998
12.9525342 77.52219029999992
12.955107 77.52238599999998
12.926973 77.45317180000006
12.9575938 77.51882439999997
12.9521668 77.49862069999995
12.954402 77.51722999999993
12.9419876 77.48573480000005
12.957803 77.50303800000006
12.9515677 77.47227880000003
12.9415612 77.49330459999999
12.9401 77.52430000000004
12.9557235 77.5183333
12.956095 77.51838859999998
12.946895 77.522425
12.92537 77.48716999999999
12.9511576 77.49202179999997
12.9518049 77.49944789999995
12.9323294 77.51641849999999
12.9524731 77.5228247
12.9516 77.5127
12.956568 77.518597
12.9379956 77.47921629999996
12.951818 77.49958570000001
12.9504449 77.49152159999994
12.9478611 77.4966574
12.9581322 77.50171130000001
12.9613326 77.50450780000006
12.9590628 77.50028429999998
12.9605609 77.51250249999998
12.9808527 77.50624470000002
12.9647244 77.52355850000004
12.9725537 77.5378058
12.9764242 77.52328949999992
12.965298 77.53531399999997
12.973874 77.51507600000002
12.975567 77.53506700000003
12.9775806 77.51720309999996
12.9786322 77.5406901
12.9706986 77.52608120000002
12.9566335 77.53343849999999
12.9581714 77.5336436
12.966705 77.54452130000004
12.9795208 77.53895999999997
12.957694 77.5261587
12.9610406 77.51133440000001
12.9801494 77.510719
12.968233 77.538633
12.973802 77.54387099999997
12.964027 77.53580499999998
12.9808763 77.5061723
12.9620966 77.52244280000002
12.9756687 77.48371569999995
12.9670474 77.54327280000007
12.9545816 77.54388029999996
12.9789495 77.52530969999998
12.9744781 77.54459109999993
12.9512217 77.52927079999995
12.979409 77.51139699999999
12.9645078 77.53955389999999
12.973184 77.54130899999996
12.973153 77.54135900000006
12.9745013 77.53074049999998
12.9621083 77.53307910000001
12.9589 77.52390000000003
12.9488606 77.53613140000004
12.9591131 77.5225021
12.9692303 77.53652399999999
12.9762319 77.52850490000003
12.9488286 77.53612610000005
12.9682694 77.53371709999999
12.9681436 77.53608450000002
12.9651585 77.5404231
12.963382 77.53779600000007
12.979575 77.53891899999996
12.976135 77.529495
12.9686932 77.53633689999992
12.9760623 77.53126689999999
12.957614 77.52709570000002
12.9745174 77.52682959999993
12.9620279 77.50468679999994
12.9523676 77.54354239999998
12.9654066 77.52319409999996
12.9642617 77.53994140000009
12.9730196 77.53811859999996
12.9681528 77.5290933
12.9783571 77.53637509999999
12.973163 77.54131400000006
12.9585685 77.52637920000006
12.9696338 77.5332065
12.97125 77.53648499999997
12.9616731 77.52170120000005
12.9575431 77.52606739999999
12.976107 77.530258
12.978069 77.536204
12.9633436 77.52083070000003
12.9641027 77.52416740000001
12.9589337 77.52356050000003
12.9790971 77.53655750000007
12.9670981 77.54307840000001
12.9685233 77.52443900000003
12.9693996 77.5365018
12.9584835 77.53551549999997
12.966974 77.54132419999996
12.9738316 77.54468930000007
12.949211 77.53660089999994
12.9767803 77.5422486
12.9741578 77.53046199999994
12.9795757 77.51053639999998
12.9763288 77.51578540000003
12.9659062 77.52329980000002
12.9669923 77.54279470000006
12.9586 77.52620000000002
12.963329 77.53243700000007
12.9678601 77.53512760000001
12.9722956 77.52518669999995
12.9606851 77.51226109999993
12.955456 77.53059400000006
12.9645757 77.53072070000007
12.9575467 77.53383980000001
12.9655 77.53700000000003
12.9768455 77.53349049999997
12.9571089 77.53165910000007
12.973083 77.54140299999995
12.9717683 77.52939609999999
12.95885 77.52458999999999
12.970541 77.50575700000002
12.9790501 77.54016539999998
12.9745774 77.53264990000002
12.976833 77.54222700000003
12.959353 77.51850000000002
12.970596 77.50575800000001
12.966925 77.54370500000005
12.9741346 77.53844979999997
12.9581045 77.52639529999999
12.9791841 77.516838
12.973688 77.54308200000003
12.9734 77.53800000000001
12.9762022 77.52848610000001
12.977637 77.54451300000005
12.9764692 77.52934089999997
12.952781 77.54308000000003
12.979021 77.53652839999995
12.9777397 77.51729030000001
12.94954 77.53444200000001
12.964889 77.54100799999992
12.9737838 77.54355239999995
12.9525842 77.52755750000006
12.963677 77.50491099999999
12.9654854 77.53681510000001
12.9756533 77.5381552
12.9856417 77.48819460000004
12.9856137 77.48563719999993
12.9857509 77.48818019999999
12.9857823 77.48723339999992
12.9815759 77.47857520000002
12.9855894 77.48818460000007
12.9834888 77.48596880000002
12.985858 77.48641900000007
12.987431 77.47553800000003
12.990996 77.46792719999996
13.0010566 77.53626380000003
13.0076953 77.54727890000004
13.00812 77.54634999999996
13.0050467 77.54264450000005
13.0116178 77.54410699999994
13.0002958 77.50415640000006
13.00805 77.54848300000003
13.0106096 77.53337609999994
13.0047168 77.54876530000001
13.006357 77.54885549999995
13.0003017 77.50426670000002
13.0068915 77.50525779999998
13.0073802 77.5456613
13.007922 77.54847399999994
13.0063129 77.5040639
13.0071985 77.53132019999998
13.010217 77.50623210000003
13.004315 77.54280799999992
13.0087888 77.52178700000002
13.00395 77.53300000000002
13.0069251 77.50525479999999
13.0093529 77.5217682
13.0018018 77.52570130000004
13.0021687 77.54917060000002
13.0079695 77.54650850000007
13.0000786 77.53812059999996
12.998437 77.50330699999995
13.0046812 77.54878140000005
13.0100278 77.52215810000007
13.011469 77.54412200000002
13.004646 77.54871400000002
13.008825 77.51818400000002
13.008141 77.52693850000003
13.0060931 77.54146500000002
13.0068163 77.50286929999993
13.0076402 77.54888129999995
13.0083148 77.5055509
13.0000753 77.53815140000006
13.0072175 77.54849239999999
13.010544 77.52439000000004
13.0045655 77.53550380000001
13.0083256 77.505582
13.0107227 77.52274720000003
13.0086286 77.54315079999992
13.0026594 77.52286920000006
12.9978203 77.54379849999998
13.0092514 77.53911540000001
13.00793 77.54702999999995
12.997949 77.54928199999995
12.9994592 77.50359049999997
13.0107397 77.52265829999999
13.0112656 77.52206320000005
12.9993622 77.53058729999998
12.99759 77.54043999999999
13.0006108 77.50107559999992
13.003272 77.52178099999992
13.010829 77.54328499999997
13.008157 77.54307900000003
12.9992642 77.50599680000005
12.9969199 77.54635659999997
13.0012088 77.54700419999995
13.009951 77.53997700000002
13.003904 77.53300100000001
13.0012406 77.5475553
12.999883 77.53258400000004
12.9999231 77.53248459999998
12.997743 77.54054399999995
13.0089081 77.50196949999997
12.99759 77.54043999999999
13.008157 77.54307900000003
13.003874 77.52637299999992
13.0079273 77.54685889999996
13.0044699 77.54882599999996
13.00936 77.52510000000007
12.9933554 77.49946799999998
12.992574 77.50148300000001
12.9870887 77.49165240000002
12.9898581 77.50563799999998
12.9997173 77.4881775
12.9878183 77.51346409999996
12.9974471 77.49682699999994
12.9935654 77.49465239999995
12.986416 77.49032799999998
12.9892243 77.50650769999993
12.9931055 77.51030879999996
13.0003805 77.48876599999994
12.994109 77.48992299999998
12.9894046 77.50574529999994
13.0012393 77.49796560000004
13.0030834 77.48653869999998
13.00192 77.56824499999993
13.000254 77.56035099999997
12.9850321 77.53729550000003
12.988544 77.53443500000003
13.000383 77.55293299999994
12.98805 77.53718300000003
12.982687 77.53096979999998
12.988126 77.53724499999998
13.0152359 77.48640690000002
13.0140406 77.49478479999993
13.0139622 77.49677629999996
13.01404 77.489867
13.0138946 77.48984889999997
13.01618 77.53278999999998
13.0142954 77.52066809999997
13.0080828 77.48568939999996
13.0152509 77.52357899999993
13.0142304 77.520757
13.0165915 77.52967530000001
13.015235 77.52045399999997
13.0080567 77.48483009999995
13.016686 77.50202300000001
13.0157772 77.5234858
13.0163289 77.50589749999995
13.0151817 77.52039990000003
13.0156815 77.48463400000003
13.0161 77.53300000000002
13.0152349 77.5204539
13.0158579 77.50677999999994
13.016083 77.53276600000004
13.008511 77.499592
13.0084533 77.49893320000001
13.013271 77.49271399999998
13.0080763 77.48563850000005
13.016871 77.520486
13.014126 77.51483600000006
13.014694 77.51075200000002
12.9549707 77.6532876
12.951986 77.64102600000001
12.960733 77.63821209999992
12.9569475 77.61591939999994
12.95166 77.64045599999997
12.9564985 77.61933959999999
12.9580747 77.64913890000003
12.9592572 77.65502059999994
12.9609781 77.64404439999998
12.9492752 77.64365049999992
12.9560068 77.62111789999994
12.953869 77.61786699999993
12.9586001 77.61457059999998
12.9530099 77.64345329999992
12.9530322 77.62278560000004
12.9524423 77.6197727
12.9504228 77.64287530000001
12.959267 77.65265199999999
12.9596375 77.64622029999998
12.954967 77.61872900000003
12.9592458 77.65504880000003
12.9573 77.61410000000001
12.958051 77.61429199999998
12.9600208 77.64526209999997
12.955593 77.61413919999995
12.9569602 77.61592070000006
12.9564662 77.61960980000003
12.9459679 77.64661590000003
12.953669 77.62289499999997
12.9566352 77.6189359
12.9604802 77.63852309999993
12.9489419 77.64340370000002
12.9592901 77.65265649999992
12.953269 77.64308200000005
12.956257 77.63484199999994
12.954267 77.623017
12.9578173 77.65404369999999
12.954589 77.652333
12.9505 77.64229999999998
12.9591 77.65499999999997
12.9581937 77.65416570000002
12.9557 77.61178399999994
12.9591569 77.65521650000005
12.959337 77.638376
12.949913 77.64428620000001
12.9591968 77.65519870000003
12.9592674 77.61452400000007
12.9596627 77.64629650000006
12.959015 77.61698999999999
12.9600668 77.64488289999997
12.9533 77.6431
12.95284 77.64063999999996
12.9603636 77.60106169999995
12.961364 77.58380699999998
12.9645245 77.58564019999994
12.9648133 77.58158049999997
12.963317 77.58133299999997
12.961525 77.61570699999993
12.9634584 77.58434680000005
12.9615505 77.61269620000007
12.9631055 77.58904340000004
12.9636723 77.59239339999999
12.964664 77.60417099999995
12.96152 77.615723
12.9605258 77.58351249999998
12.9619879 77.59428960000002
12.9647437 77.6055738
12.9619093 77.61705499999994
12.962188 77.60103290000006
12.965157 77.590508
12.96534 77.61785800000007
12.96148 77.59845999999993
12.962093 77.60563350000007
12.9588 77.60040000000004
12.950428 77.57993499999998
12.9670786 77.58042309999996
12.969433 77.57958299999996
12.970867 77.57376699999998
12.968511 77.58470599999998
12.9691686 77.57998339999995
12.970336 77.57165099999997
12.9703746 77.57906649999995
12.9685759 77.57489020000003
12.970784 77.57385939999995
12.9689957 77.58033810000006
12.966991 77.575244
12.96775 77.57082600000001
12.966123 77.564978
12.968057 77.58528799999999
12.9648868 77.5735727
12.9654834 77.58649659999992
12.967983 77.578755
12.9680838 77.56959800000004
12.9716366 77.57421640000007
12.963691 77.568398
12.9715129 77.5741941
12.9651473 77.57914200000005
12.9655821 77.58473270000002
12.970263 77.579792
12.964697 77.56990599999995
12.9656 77.58449999999993
12.96845 77.576639
12.9714256 77.58689090000007
12.968435 77.58532300000002
12.9695081 77.58353920000002
12.970336 77.57165099999997
12.963728 77.57795899999996
12.966814 77.57555300000001
12.965497 77.58433500000001
12.9691761 77.57906989999992
12.9648613 77.57715919999998
12.971606 77.59437600000001
12.9768353 77.55329180000001
12.974383 77.57126700000003
12.985517 77.53708299999994
12.9803512 77.55751699999996
12.974938 77.57599000000005
12.975467 77.5788
12.9712984 77.55614130000004
12.971154 77.55680619999998
12.9609491 77.56192620000002
12.9717801 77.5701583
12.961329 77.55954700000007
12.9672946 77.54511619999994
12.9629123 77.55993269999999
12.9608587 77.55930660000001
12.9644882 77.55550500000004
12.9588243 77.55673550000006
12.9588243 77.55673550000006
12.9629307 77.55973889999996
12.958426 77.54614200000003
12.964145 77.55071299999997
12.960429 77.56192699999997
12.960442 77.56329800000003
12.960489 77.56328400000007
12.96033 77.56649500000003
12.971267 77.54649689999997
12.9697848 77.5459869
12.97293 77.570337
12.957328 77.551195
12.9581947 77.55323820000001
12.960552 77.55661299999997
12.9605357 77.56594070000006
12.968721 77.55922299999997
12.9582473 77.55544740000005
12.9575236 77.55666640000004
12.970693 77.546197
12.959568 77.561959
12.958221 77.55915400000004
12.9627722 77.54860340000005
12.9475299 77.53378580000003
12.956241 77.55839500000002
12.9736175 77.57817169999998
12.9734222 77.57972810000001
12.975133 77.55213300000003
12.975488 77.56276500000001
12.9736 77.5752
12.973469 77.56583999999998
12.9766818 77.57076380000001
12.9757938 77.56247780000001
12.9833516 77.60317329999998
12.9832418 77.60732499999995
12.983717 77.61368300000004
12.9832294 77.60730719999992
12.9811444 77.60148260000005
12.9728498 77.61420120000002
12.875322 77.64473900000007
12.862617 77.61458270000003
12.866403 77.59787860000006
12.8668658 77.5979979
12.8775917 77.6388131
12.8776323 77.60228340000003
12.866485 77.60072000000002
12.873451 77.64298499999995
12.866485 77.60072000000002
12.9091 77.61419999999998
12.895706 77.59942309999997
12.894611 77.59884299999999
12.881655 77.62798640000005
12.8855394 77.60228410000002
12.881617 77.595867
12.8846861 77.601811
12.8804797 77.60174359999996
12.8821374 77.59590849999995
12.8852062 77.62503709999999
12.8884113 77.61955890000002
12.8842217 77.59765360000006
12.8873067 77.59678559999998
12.8842125 77.59837719999996
12.8885629 77.59706949999998
12.8883643 77.59225130000004
12.881613 77.595866
12.8805398 77.60154239999997
12.883202 77.60235399999999
12.882139 77.62488800000006
12.8828025 77.5959775
12.8817164 77.62788750000004
12.8811082 77.59786439999993
12.8854948 77.60223780000001
12.8838167 77.59609249999994
12.8803734 77.60244480000006
12.8797956 77.60388769999997
12.8798888 77.60392030000003
12.8858437 77.62520189999998
12.8813874 77.60986869999999
12.8811105 77.5978222
12.8882518 77.61949720000007
12.888644 77.61962059999996
12.8828 77.60789999999997
12.8883669 77.61951190000002
12.8812493 77.63865820000001
12.8805627 77.6015026
12.8869 77.59940000000006
12.8814733 77.60324969999999
12.8863384 77.62384880000002
12.888609 77.60467140000003
12.8849783 77.61838809999995
12.8835298 77.58312639999997
12.871642 77.59378130000005
12.8834686 77.58311559999993
12.8868474 77.58195969999997
12.8802159 77.56731809999997
12.8855475 77.58215889999997
12.8763314 77.58390429999997
12.8820727 77.56612180000002
12.8772156 77.57090579999999
12.876147 77.58395999999993
12.876254 77.57818999999995
12.8831074 77.56603330000007
12.8843612 77.5666764
12.8834479 77.56988530000001
12.8821341 77.56608830000005
12.8832212 77.57559620000006
12.886983 77.57674399999996
12.8773486 77.57997209999996
12.8791829 77.56716110000002
12.886382 77.56735400000002
12.885948 77.55708589999995
12.8859245 77.55703389999996
12.8844011 77.5666559
12.98805 77.61753399999998
13.0011185 77.61865499999999
12.996433 77.61151700000005
13.0016229 77.63167440000007
12.987653 77.61463200000003
12.9964978 77.61188449999997
12.991821 77.61165170000004
12.9976173 77.61454589999994
12.9873492 77.61863470000003
12.993728 77.64225299999998
12.9975239 77.61474810000004
12.9962969 77.61380179999992
12.9861305 77.64620560000003
12.9956184 77.61354800000004
12.98805 77.61753399999998
12.9975945 77.61475259999997
12.9973511 77.61445759999992
12.9938373 77.61558930000001
12.996967 77.619867
12.9927901 77.61241960000007
12.9951994 77.62376040000004
13.0019652 77.63179379999997
12.991853 77.61474900000007
12.9964897 77.61191629999996
13.000968 77.62697700000001
12.9962241 77.61138449999999
12.9874559 77.62268730000005
12.9963 77.65493500000002
12.9068649 77.58555290000004
12.897438 77.58304699999997
12.899041 77.63056200000005
12.9029 77.63
12.908699 77.60084499999994
12.9065902 77.63089390000005
12.9099265 77.5996649
12.9087396 77.59502470000007
12.910579 77.59897720000004
12.911435 77.60036459999992
12.9076277 77.59492580000006
12.9086225 77.62859260000005
12.9036777 77.59171220000007
12.9030163 77.62524780000001
12.906694 77.59791799999994
12.9067016 77.59775349999995
12.9036195 77.62634630000002
12.905995 77.58860099999993
12.900317 77.60121700000002
12.906033 77.60591699999998
12.9086742 77.5998674
12.9088224 77.61044620000007
12.905933 77.60591699999998
12.910418 77.58953099999997
12.9046876 77.63064480000003
12.9075439 77.59945540000001
12.9013323 77.59526129999995
12.906719 77.6112822
12.907633 77.59506699999997
12.9124256 77.62526930000001
12.8990631 77.59707120000007
12.8968012 77.58586639999999
12.9057411 77.60570899999993
12.9103631 77.59197569999992
12.9066935 77.59779490000005
12.897267 77.59986700000002
12.9077115 77.59492840000007
12.9109952 77.60021140000003
12.906383 77.59005000000002
12.9031522 77.60272800000007
12.8999386 77.6010569
12.8967942 77.58583969999995
12.9019076 77.60137350000002
12.904919 77.62945200000001
12.903095 77.62475100000006
12.9068967 77.60617630000002
12.9035326 77.58435889999998
12.9072125 77.58557129999997
12.9116795 77.60057749999999
12.9085942 77.62342799999999
12.8984604 77.62163250000003
12.9034819 77.6259824
12.9050346 77.63048079999999
12.9015727 77.6273473
12.910961 77.6074284
12.902709 77.62418260000004
12.907998 77.600146
12.9100206 77.59268070000007
12.906249 77.6273721
12.9040895 77.58467229999997
12.903479 77.6259619
12.9053533 77.62268799999993
12.9100121 77.59284539999999
12.9085 77.59940000000006
12.9056218 77.60217549999993
12.9065902 77.63089390000005
12.9078012 77.62883299999999
12.897438 77.58304699999997
12.9070715 77.62916089999999
12.9035928 77.6261786
12.9020947 77.60082899999998
12.9029982 77.6245222
12.8993393 77.60515370000007
12.9123344 77.58770460000005
12.9015518 77.62734019999994
12.9045388 77.58558800000003
12.9072031 77.58528920000003
12.9055287 77.59151099999997
12.9027665 77.62419269999998
12.9114426 77.62658220000003
12.9078909 77.62808829999994
12.9125056 77.62522469999999
12.9061376 77.62783579999996
12.9032 77.62529999999992
12.9084144 77.62716219999993
12.9012711 77.62353389999998
12.9056896 77.60916929999996
12.9004907 77.59484229999998
12.9025358 77.6014298
12.9078622 77.61068479999994
12.9066791 77.62883929999998
12.91066 77.62704389999999
12.9057915 77.6228767
12.9116916 77.60343850000004
12.90813 77.61070900000004
12.9054922 77.60923439999999
12.910589 77.60039000000006
12.911769 77.60388
12.9077 77.59490000000005
12.9029 77.63
12.906024 77.59515399999998
12.899842 77.59710500000006
12.9040072 77.62243420000004
12.9008609 77.59495500000003
12.903768 77.60171400000002
12.912351 77.62498600000004
12.9066942 77.62884129999998
12.8960901 77.59634900000003
12.906419 77.61138119999998
12.906302 77.61138890000007
12.8971548 77.62609840000005
12.9001481 77.61841770000001
12.906115 77.627295
12.906592 77.62227600000006
12.8991439 77.6267345
12.89665 77.62090899999998
12.9098144 77.58576130000006
12.8971209 77.58848590000002
12.89849 77.61708399999998
12.9087237 77.60428360000003
12.9012 77.59080029999996
12.909286 77.61427600000002
12.906976 77.60621100000003
12.89765 77.60506899999996
12.9040032 77.62614639999993
12.906146 77.60371699999996
12.9008999 77.62324960000001
12.899317 77.58875699999999
12.9116249 77.62433220000003
12.907546 77.63110600000005
12.910681 77.61428899999999
12.909294 77.60729700000002
12.855131 77.66451400000005
12.8558027 77.66492270000003
12.9070691 77.54690549999998
12.889674 77.62020540000003
12.9135086 77.60658869999997
12.9136861 77.60834290000003
12.912575 77.63529300000005
12.9050765 77.50458600000002
12.8950543 77.58157970000002
12.9109171 77.63506469999993
12.909697 77.64912189999995
12.895593 77.62591810000004
12.914195 77.60279450000007
12.822795 77.51372960000003
12.9103 77.63249999999994
12.9040281 77.67604349999999
12.9011662 77.63223800000003
12.90552 77.63923
12.8922 77.58169999999996
12.9136958 77.60560459999999
12.9126387 77.63297260000002
12.8891026 77.6509628
12.913936 77.635489
12.8694192 77.56570809999994
12.8980771 77.63399549999997
12.870567 77.65758299999993
12.8681376 77.65508469999997
12.904311 77.57913580000002
12.8965 77.63390000000004
12.8299397 77.58771669999999
12.8670125 77.65610930000003
12.8891606 77.64997570000003
12.8927281 77.61174830000004
12.9134311 77.60428430000002
12.8905422 77.59741280000003
12.914333 77.63831700000003
12.8755039 77.64816599999995
12.91317 77.67912000000001
12.8871505 77.67254290000005
12.8909632 77.59555469999998
12.8894065 77.64925829999993
12.8910128 77.5817035
12.9062883 77.57391970000003
12.9021249 77.63147849999996
12.892067 77.58151699999996
12.8990962 77.65884540000002
12.907419 77.54721300000006
12.9109682 77.67645360000006
12.9070637 77.52093830000001
12.9065 77.57388300000002
12.912822 77.59566399999994
12.8902034 77.59780520000004
12.912209 77.64082899999994
12.89035 77.58186699999999
12.8702547 77.59298089999993
12.8935796 77.61224179999999
12.9128178 77.60629289999997
12.8922 77.58169999999996
12.891758 77.58192400000007
12.8955998 77.62589219999995
12.8730226 77.65051629999994
12.8841479 77.75033669999993
12.8818812 77.75286470000003
12.9143668 77.68547820000003
12.9113 77.68370000000004
12.894433 77.56834400000002
12.8663042 77.65516449999996
12.8684204 77.65283
12.866879 77.65547900000001
12.8694594 77.56557399999997

