12.9592018 77.58244630000002
12.9733171 77.6136907
12.9756314 77.59739050000007
12.9710141 77.601136
12.9797057 77.60342289999994
12.9790455 77.57938109999998
12.9626366 77.59082469999998
12.972267 77.58670000000006
12.9707688 77.60108109999999
12.9824212 77.59785009999996
12.9756566 77.57885620000002
12.960715 77.59487250000006
12.9630415 77.58940009999992
12.973201 77.60941400000002
12.9642138 77.57811140000001
12.9714806 77.60700729999996
12.9739734 77.53851120000002
12.9715987 77.59456269999998
12.9557905 77.51830540000003
12.9510582 77.5763144
12.971617 77.60640000000001
12.9684723 77.53619419999995
12.9744193 77.59657779999998
12.9574698 77.53379859999995
12.9606573 77.60179960000005
12.9725 77.58113300000002
12.9567564 77.56201629999998
12.9549889 77.57430260000001
12.971817 77.57431700000006
12.950583 77.59629999999993
12.9707555 77.58056850000003
12.9689415 77.6002724
12.960817 77.52711699999998
12.9727787 77.58361400000001
12.9758 77.57468300000005
12.967 77.599333
12.976973 77.57924000000003
12.9716631 77.59629610000002
12.976068 77.531116
12.978913 77.539218
12.9641223 77.58519439999998
12.9660658 77.60506209999994
12.9740344 77.57817309999996
12.9727618 77.58248079999998
12.9682119 77.60651889999997
12.9721124 77.58749539999997
12.9715987 77.59456269999998
12.9698158 77.60677209999994
12.9713546 77.60652529999993
12.981817 77.60941700000001
12.966883 77.609467
12.9714806 77.60700729999996
12.9743774 77.60771180000006
12.9715987 77.59456269999998
12.971606 77.59437600000001
12.965625 77.58642399999997
12.956749 77.58565799999997
12.9649763 77.5996652
12.9552958 77.57893390000004
12.9785614 77.5773355
12.9786156 77.54056650000007
12.971606 77.59437600000001
12.971606 77.59437600000001
12.9739885 77.57865190000007
12.96024 77.57283000000007
12.9734547 77.57710470000006
12.9813913 77.60447139999997
12.958647 77.52628000000004
12.97335 77.58015
12.962467 77.59153300000003
12.97422 77.57547999999997
12.961326 77.58378399999992
12.975433 77.59741699999995
12.9602859 77.57116580000002
12.975361 77.60397160000002
12.970341 77.60076900000001
12.9789554 77.57483760000002
12.9607221 77.59414489999995
12.970316 77.57980680000003
12.9749566 77.60751260000006
12.9623318 77.59133670000006
12.9613216 77.58385659999999
12.9596414 77.59377740000002
12.9720342 77.5830459
12.9565935 77.569752
12.9513096 77.56877970000005
12.9746476 77.60971769999992
12.9606016 77.59431259999997
12.9721192 77.58749739999996
12.9680139 77.5919834
12.9734427 77.59556999999995
12.9736709 77.61318860000006
12.9732535 77.58014849999995
12.967204 77.58921770000006
12.957526 77.58205900000007
12.9689282 77.60023649999994
12.971606 77.59437600000001
12.9817399 77.5996073
12.9715987 77.59456269999998
12.9694435 77.57959099999994
12.9685552 77.53709419999996
12.974337 77.60876389999999
12.968467 77.57963300000006
12.97493 77.57602999999995
12.9824212 77.59785009999996
12.958883 77.58286699999996
12.9741 77.57836700000007
12.95855 77.58251700000005
12.9553151 77.54483960000005
12.965967 77.58645000000001
12.9674251 77.54231770000001
12.9576581 77.51879629999996
12.9738187 77.57860010000002
12.9715987 77.59456269999998
12.9599294 77.56197529999997
12.9670356 77.54330440000001
12.9735967 77.60140239999998
12.9655609 77.60112950000007
12.968702 77.57901420000007
12.9757876 77.60729309999999
12.96531 77.58482400000003
12.979683 77.60621700000002
12.965233 77.59921699999995
12.9563146 77.58616269999993
12.9733623 77.57987739999999
12.9579614 77.53421900000001
12.9797321 77.60548859999994
12.9735741 77.60701790000007
12.9577809 77.58221549999996
12.9618087 77.5941967
12.9747421 77.53095209999992
12.9542699 77.57555400000001
12.9532376 77.57750450000003
12.9642661 77.59691090000001
12.9747251 77.53745909999998
12.9728322 77.58217909999996
12.9656 77.60273299999994
12.9600277 77.59381340000004
12.9693459 77.57943999999998
12.9749569 77.60395790000007
12.9578256 77.59271979999994
12.9547671 77.58544419999998
12.9653181 77.5848135
12.9679886 77.58789920000004
12.971599 77.594563
12.9721192 77.58749739999996
12.9726199 77.60703799999999
12.973046 77.58231999999998
12.981117 77.60591699999998
12.9767409 77.5781455
12.976667 77.575783
12.959367 77.59346699999992
12.967209 77.60634600000003
12.9715987 77.59456269999998
12.9740394 77.57897330000003
12.959 77.52459999999996
12.96095 77.5276
12.956344 77.58314300000006
12.9577735 77.59270909999998
12.9801469 77.55502009999998
12.9580525 77.52682460000005
12.9595271 77.5829172
12.9802204 77.60452510000005
12.9590026 77.58290260000001
12.965367 77.60133300000007
12.9598931 77.58760299999994
12.9619936 77.59373589999996
12.9728752 77.5295956
12.9793299 77.6064523
12.9685896 77.53624709999997
12.9685485 77.53711150000004
12.9553353 77.52819569999997
12.9571443 77.56414970000003
12.9569886 77.563718
12.9810398 77.60139230000004
12.9599344 77.52666929999998
12.9733661 77.57986779999999
12.96465 77.58389999999997
12.973774 77.54394000000002
12.9654217 77.60159759999999
12.9770647 77.57768320000002
12.9815981 77.6045183
12.963349 77.58119299999998
12.96871 77.58811200000002
12.9715987 77.59456269999998
12.963334 77.57900710000001
12.981683 77.559617
12.9660696 77.58647919999999
12.9715987 77.59456269999998
12.9723 77.57028300000002
12.9696952 77.60659910000004
12.9625645 77.54398100000003
12.9729581 77.6125174
12.9631725 77.60004260000005
12.9720865 77.58300299999996
12.972567 77.59506199999998
12.963 77.58212000000003
12.9613216 77.5945226
12.9656236 77.6038575
12.9673633 77.53645440000003
12.9370432 77.57805910000002
13.0089221 77.69674480000003
12.9333443 77.61330840000005
13.0120656 77.63514150000003
12.9559748 77.69335000000001
12.9355754 77.61526600000002
13.0222556 77.64340279999999
13.0374439 77.56575050000004
13.0244293 77.60340919999999
13.0314248 77.63556389999997
12.9609739 77.51132640000003
12.9784837 77.67958420000002
12.9581027 77.70092679999993
13.0342039 77.56819989999997
13.0029217 77.54958979999992
13.0199085 77.65637489999995
12.9136131 77.59516350000001
12.9149782 77.60571460000006
12.9892423 77.50775049999993
13.0123766 77.53645970000002
12.9974583 77.58377280000002
12.9924939 77.73301360000005
12.990123 77.57719299999997
13.0074386 77.68331680000006
13.0052896 77.70241540000006
12.9949167 77.57152050000002
13.0183234 77.56448590000002
12.9329078 77.63137840000002
12.9140802 77.60928469999999
12.9731179 77.61456870000006
12.9766658 77.64656070000001
13.0258405 77.67912000000001
12.9254419 77.63722459999997
12.9733111 77.61673139999994
13.0143238 77.64834429999996
13.0360676 77.57503270000007
12.97391 77.64674639999998
12.9359643 77.62499579999997
12.9737519 77.61927089999995
12.958947 77.65939000000003
12.9263943 77.59518300000002
12.9173945 77.62772719999998
12.9306994 77.62302360000001
12.9159765 77.61978420000003
12.9129629 77.60615389999998
12.975517 77.617483
12.9923005 77.71297749999997
12.99615 77.61138299999993
13.0188711 77.59197510000001
12.9929199 77.70279849999997
12.9288657 77.58593159999998
13.0217511 77.65006930000004
12.9955947 77.60172769999997
13.0156488 77.708981
12.9332265 77.58378930000003
12.9603492 77.70163249999996
12.9133062 77.59172880000006
12.9772357 77.64128400000004
13.0231809 77.54863320000004
12.9241142 77.56627679999997
12.9687144 77.64942889999998
12.938747 77.57819900000004
13.002922 77.56109270000002
12.9847776 77.55588290000003
12.935993 77.57720900000004
12.9327403 77.58426129999998
13.0302889 77.57788359999995
12.932965 77.58382069999993
13.0324154 77.59919209999998
12.9691453 77.62926849999997
12.912677 77.63289450000002
12.9402134 77.62531690000003
13.0328491 77.57611270000007
12.9435061 77.56196380000006
12.9969418 77.56796729999996
12.9831724 77.57461439999997
12.978 77.62766699999997
12.9995295 77.56950619999998
12.9160656 77.60552299999995
12.9815211 77.64048019999996
12.9876317 77.5372592
13.0155199 77.54362070000002
12.9982894 77.60866910000004
13.0002305 77.55043130000001
12.9645441 77.50507879999998
13.0033419 77.55178049999995
12.9323978 77.63201979999997
13.0180341 77.65405609999993
13.0216891 77.63705260000006
12.97515 77.61456699999997
12.996583 77.57026700000006
12.933162 77.54289589999996
12.9213898 77.48339280000005
13.0047751 77.65670060000002
12.9914067 77.59781420000002
12.993637 77.6636575
13.0059164 77.65945349999993
12.9721885 77.61924769999996
13.00798 77.57992000000002
13.0085113 77.49959220000005
13.0001512 77.63356590000001
12.9880064 77.51227029999995
13.021683 77.63699999999994
12.9334067 77.54210769999997
12.932589 77.61673799999994
12.94935 77.567767
13.00726 77.65902219999998
12.9736979 77.61548189999996
12.9455745 77.57697159999998
12.9964456 77.56410959999994
12.9419318 77.5737292
12.9851322 77.55994350000003
12.9226557 77.65148380000005
13.0333795 77.56797959999994
12.983946 77.57978019999996
12.920914 77.4864
12.9652767 77.71370430000002
12.9238645 77.57042969999998
13.042371 77.52003769999999
12.9394754 77.54528359999995
13.0181994 77.65307039999993
12.9872739 77.55416889999992
12.9312177 77.62861640000006
12.9346018 77.58931689999997
12.9285587 77.58245179999994
12.9136176 77.60655199999997
12.9948 77.61540000000002
12.9660236 77.7143231
13.0144363 77.63480189999996
12.9596306 77.64618539999992
13.032567 77.57661699999994
12.9140882 77.63714370000002
12.9947705 77.6154464
12.9705037 77.64724660000002
12.91655 77.60289999999998
12.9702898 77.64509079999993
13.0020698 77.5713462
12.9328731 77.61466380000002
12.9131655 77.61016310000002
13.0108932 77.64771930000006
13.0200967 77.59253569999998
12.9282231 77.60941939999998
12.949743 77.69975699999998
12.9231456 77.55628780000006
12.9343723 77.62401120000004
12.9718441 77.64137789999995
12.9404565 77.57578250000006
13.002027 77.57237409999993
12.9366528 77.62521020000008
12.9989581 77.67438519999996
12.916266 77.59661329999994
13.0055701 77.57099330000005
12.969979 77.64761199999998
12.907912 77.57832600000006
12.8920442 77.59937109999998
12.910155 77.59279549999997
12.910722 77.63786349999998
12.8981572 77.63405820000003
12.9039549 77.58575229999997
12.8525736 77.66757480000001
12.8402797 77.6632677
12.9031652 77.5590525
12.8823244 77.58349659999999
12.8579261 77.78281960000004
12.9061438 77.57933779999996
12.9064461 77.59008210000002
12.8890646 77.5820046
12.9082556 77.62760819999994
12.9013004 77.55800079999995
12.9092861 77.52091680000001
12.9242 77.63873999999998
12.9191562 77.58374230000004
12.9263115 77.66978619999998
12.927272 77.59061900000006
12.9301285 77.58515109999996
12.9361606 77.56874549999998
12.916454 77.61949300000003
12.9111606 77.6352306
12.9308818 77.58487020000007
12.9316378 77.58398209999996
12.9324588 77.54126250000002
12.9257501 77.63328039999999
12.9119315 77.63530880000008
12.942516 77.57104000000004
12.919633 77.59195
12.9321068 77.6229535
12.94439 77.57225599999992
12.9315987 77.58408209999993
12.930779 77.57835769999997
12.9251573 77.60009680000007
12.9368401 77.57187720000002
12.9159707 77.61921289999998
12.9285584 77.58290779999993
12.9330712 77.58198249999998
12.9120702 77.6493107
12.9361078 77.62518139999997
12.9253267 77.58474799999999
12.936383 77.62570000000005
12.9256149 77.62904589999994
12.9382285 77.61864549999996
12.9354293 77.61389899999995
12.9087458 77.58758910000006
12.9258804 77.51611609999998
12.9120988 77.63225080000007
12.9254255 77.63396869999997
12.894728 77.56894799999998
12.9293669 77.62184109999998
12.9572451 77.70068309999999
12.923394 77.57374900000002
12.916933 77.60014999999999
12.9408198 77.57338720000007
12.9168386 77.59510920000002
12.929937 77.68433099999993
12.9554081 77.7129976
12.9458805 77.57034499999997
12.9028698 77.63092879999999
12.9135655 77.60659439999995
12.9335202 77.63083389999997
12.9128342 77.59565440000006
12.940552 77.54594999999995
12.955142 77.707
12.941654 77.56436770000005
12.906817 77.59968200000003
12.9217342 77.6617493
12.9331561 77.58405140000002
12.9265539 77.66978219999999
12.9306738 77.58317499999998
12.926767 77.59701700000005
12.9262004 77.58649590000005
12.9229182 77.56988769999998
12.9065902 77.63089390000005
12.9171711 77.58622860000003
12.9277706 77.54685459999996
12.9376309 77.62394619999998
12.9489694 77.64344800000003
12.9123351 77.64234080000006
12.9228106 77.5558383
12.9267234 77.62244169999997
12.9244897 77.58819240000003
12.9338639 77.61756830000002
12.9315418 77.58402320000005
12.9349365 77.62945820000004
12.9373636 77.61941980000006
12.9223995 77.66826839999999
12.9365825 77.62773779999998
12.9145668 77.52077580000002
12.918855 77.64303100000006
12.9333873 77.61515680000002
12.936695 77.62059750000003
12.935718 77.61709480000002
12.926117 77.5845372
12.9165939 77.61406639999996
12.9151969 77.6347088
12.9125498 77.6004696
12.9487834 77.59775209999998
12.917029 77.58035310000002
12.9168033 77.61513319999995
12.9309923 77.60599359999992
12.944318 77.57244600000001
12.9359513 77.6060539
12.914388 77.58594800000003
12.884247 77.58265200000005
12.916017 77.60238300000003
12.8922593 77.58120800000006
12.9200781 77.56009419999998
12.8880217 77.58154609999997
12.9252933 77.61692760000005
12.9029399 77.58838130000004
12.9568701 77.6415925
12.9215426 77.60028469999997
12.936283 77.56886699999995
12.9058791 77.58583810000005
12.926367 77.56116700000007
12.888591 77.59708999999998
12.9083123 77.56396240000004
12.927089 77.58612300000004
12.9117429 77.6516924
12.9266155 77.57320249999998
12.90078 77.54393000000005
12.9245905 77.61850729999992
12.9200817 77.57966299999998
12.937534 77.62442699999997
12.9229395 77.59331229999998
12.9250031 77.63358210000001
12.855131 77.66451400000005
12.956754 77.73995519999994
12.9437306 77.57114939999997
12.9158 77.58591999999999
12.855724 77.67547100000002
12.8499 77.67000000000007
12.8525281 77.6675007
12.8552 77.67520000000002
12.8535739 77.66663080000001
12.8499422 77.66269940000006
12.8614515 77.66470809999998
12.8489818 77.67045299999995
12.8497693 77.66285779999998
12.8542931 77.66618419999998
12.8498889 77.654271
12.84938 77.66847000000007
12.8490018 77.65832750000004
12.8499403 77.66269520000003
12.849882 77.67883600000005
12.848682 77.66906100000006
12.8491374 77.65944009999998
12.852107 77.66803299999992
12.8489122 77.65504750000002
12.85211 77.66803299999992
12.851129 77.66861900000004
12.8506 77.65729999999996
12.850711 77.65483999999992
12.848682 77.66906100000006
12.850277 77.66695900000002
12.8487 77.66910000000007
12.854977 77.66619100000003
12.85052 77.66833999999994
12.85052 77.66833999999994
12.8547009 77.66337640000006
12.849387 77.65740099999994
12.85052 77.66833999999994
12.849722 77.66336000000001
12.848799 77.65716199999997
12.8492 77.6712
12.8479 77.6671
12.8462795 77.67143929999997
12.844657 77.66517299999998
12.8452822 77.66536300000007
12.8452871 77.66243800000007
12.847909 77.674983
12.8478682 77.67613469999992
12.845902 77.66305899999998
12.8455407 77.66347739999992
12.848417 77.66689199999996
12.8482 77.66689999999994
12.845872 77.66191100000003
12.84558 77.66343000000006
12.846016 77.676782
12.84558 77.66343000000006
12.84558 77.66343000000006
12.8483 77.66679999999997
12.8426602 77.6634626
12.842819 77.67544599999997
12.8422557 77.66468009999994
12.843498 77.66300000000001
12.841336 77.64774699999998
12.842 77.66899999999998
12.848559 77.68186000000003
12.8401769 77.66384919999996
12.8408819 77.65072609999993
12.8404936 77.6504794
12.959267 77.65265199999999
12.9598423 77.6384051
12.9598332 77.6499129
12.9585939 77.66695349999998
12.9592668 77.66614960000004
12.9687997 77.64113250000003
12.9721751 77.64730959999997
12.9786583 77.63963979999994
12.9973441 77.58109910000007
12.9163348 77.61254580000002
12.9091 77.61419999999998
12.9260952 77.56392570000003
12.9254945 77.60129299999994
12.9205 77.59493299999997
12.9237621 77.63415580000003
12.9031731 77.57345439999995
12.9038437 77.62720850000005
12.8843959 77.59615929999995
12.912767 77.63531699999999
12.9151648 77.58558800000003
12.9142948 77.65165769999999
12.9274 77.68180000000007
12.915103 77.58560239999997
12.92261 77.56011899999999
12.8990422 77.5576797
12.9174133 77.60021759999995
12.925159 77.63806299999999
12.9143452 77.61020669999994
12.9167524 77.60692040000004
12.9041854 77.62726410000005
12.9066193 77.57534570000007
12.914251 77.58592290000001
12.8888342 77.61060010000006
12.9059657 77.54193099999998
12.9260194 77.60080900000003
12.8925355 77.61083699999995
12.9225217 77.5568753
12.917511 77.55929659999993
12.9070691 77.54690549999998
12.905583 77.62763300000006
12.9242988 77.56502180000007
12.921663 77.58369399999992
12.9093955 77.56540240000004
12.9245786 77.61843339999996
12.920381 77.583754
12.917967 77.67078300000003
12.9237876 77.57630790000007
12.7988703 77.70567660000006
12.9011433 77.60087390000001
12.9126685 77.60129860000006
12.921297 77.57325719999994
12.9121272 77.6369717
12.914269 77.65163699999994
12.8682512 77.6552987
12.9020201 77.60071670000002
12.9059608 77.57536540000001
12.9165934 77.61469139999997
12.9195735 77.61203840000007
12.906179 77.57918799999993
12.9069019 77.59990220000009
12.9226659 77.59356750000006
12.9174189 77.60016900000005
12.91597 77.61929199999997
12.9125723 77.68104089999997
12.923651 77.61465900000007
12.897438 77.58304699999997
12.919733 77.59268299999997
12.9253932 77.57684130000007
12.9158103 77.62868600000002
12.9131053 77.55059260000007
12.890388 77.58246659999998
12.9077699 77.59962359999997
12.854743 77.58851770000001
12.8903056 77.58255409999992
12.899041 77.63056200000005
12.8894023 77.64932640000006
12.8814169 77.56676689999995
12.9168542 77.65187249999997
12.9064003 77.5982497
12.8158125 77.67937099999995
12.8880338 77.58198730000004
12.9169137 77.59440040000004
12.9247491 77.57719799999995
12.914541 77.63974800000005
12.912575 77.63529300000005
12.9245313 77.60970099999997
12.9265193 77.51583519999997
12.9029 77.63
12.907021 77.54604219999999
12.923663 77.55379590000007
12.9151347 77.52052060000005
12.9268226 77.67617489999998
12.9242606 77.60972049999998
12.9164125 77.61090220000006
12.9197879 77.59546419999992
12.9090975 77.5491495
12.8842799 77.58261779999998
12.9064576 77.54446810000002
12.813365 77.57999399999994
12.8381 77.66409999999996
12.8394689 77.65880249999998
12.8355388 77.69168109999998
12.8384 77.67899999999997
12.8654996 77.65816459999996
12.866879 77.65547900000001
12.839959 77.664446
12.879176 77.44612400000005
12.8822274 77.59586639999998
12.9118291 77.65165350000007
12.883449 77.58315790000006
12.8819296 77.59563619999994
12.890571 77.59735350000005
12.9069445 77.54541289999997
12.8647539 77.59125389999997
12.909026 77.57774700000004
12.906185 77.57805699999994
12.8902156 77.59780849999993
12.9085207 77.54827750000004
12.891067 77.59490000000005
12.8821436 77.57247899999993
12.8922 77.58169999999996
12.8802592 77.56731289999993
12.8014306 77.70358480000004
12.894519 77.6281285
12.8969881 77.5609313
12.9064304 77.5497613
12.9095817 77.5647103
12.875322 77.64473900000007
12.884302 77.58263599999998
12.8723361 77.59320879999996
12.8711542 77.66023990000008
12.9100344 77.58149090000006
12.892965 77.61992829999997
12.8980771 77.63399549999997
12.905416 77.70022599999993
12.8011291 77.70541100000003
12.904311 77.57913580000002
12.816979 77.69104800000002
12.8599567 77.78987649999999
12.9098867 77.5213728
12.8896319 77.56327069999998
12.9086742 77.5998674
12.8889698 77.58212430000003
12.9102478 77.63262929999996
12.9110334 77.578799
12.813365 77.57999399999994
12.871642 77.59378130000005
12.9102463 77.64911129999996
12.8895226 77.58202410000001
12.8801409 77.5459138
12.8880769 77.58205250000003
12.9080437 77.54763019999996
12.892067 77.58151699999996
12.7816338 77.64258029999996
12.8992347 77.54959859999997
12.9070637 77.52093830000001
12.7801029 77.77120830000001
12.85785 77.59025399999996
12.831614 77.58817950000002
12.866503 77.59784450000006
12.9097504 77.48248749999993
12.891758 77.58192400000007
12.8219608 77.68669320000004
12.8610699 77.78266669999994
12.8062335 77.69957790000001
12.905992 77.54192139999998
12.894433 77.56834400000002
12.907082 77.54586599999993
12.8841515 77.75033770000005
12.8018415 77.70576740000001
12.8011239 77.70530439999993
12.9113 77.55320000000006
12.9022584 77.5185636
12.8553002 77.58796640000003
12.902717 77.52028300000006
12.892877 77.62708700000007
12.892433 77.58186699999999
12.9093664 77.5650895
12.9098651 77.48159740000006
12.8983599 77.55847110000002
12.8663514 77.59787860000006
12.853868 77.58873300000005
12.9102754 77.55065919999993
12.870567 77.65758299999993
12.9059158 77.54274780000003
12.8258825 77.67809009999996
12.9103438 77.5945365
12.9110487 77.57822399999998
12.9027141 77.51997949999998
12.911288 77.48493310000003
12.876254 77.57818999999995
12.9061824 77.57805439999993
12.9069432 77.57225010000002
12.9073824 77.6758102
12.905499 77.59159799999998
12.9066399 77.573622
12.901245 77.54413299999999
12.8885355 77.63917119999996
12.7875816 77.62948299999994
12.798135 77.70606950000001
12.894696 77.59911199999999
12.8900585 77.64624419999996
12.9116742 77.60053629999993
12.9107397 77.48266939999996
12.9102798 77.5906225
12.8159214 77.67938129999993
12.9062536 77.57365720000007
12.7801634 77.64321599999994
12.903095 77.62475100000006
12.812168 77.69377399999996
12.890538 77.59827100000007
12.86 77.78600000000006
12.885524 77.56720799999994
12.9103073 77.64419629999998
12.9052197 77.52092600000003
12.8936264 77.6258818
12.889518 77.641254
12.7925039 77.72833590000005
12.911053 77.67633320000004
12.8946396 77.56861900000001
12.8757052 77.6489861
12.8715269 77.58339360000002
12.9479296 77.59696029999998
12.9326986 77.58500219999996
12.9405514 77.5459634
12.9411406 77.58538180000005
12.9317182 77.55534399999999
12.935641 77.61528999999996
12.9407632 77.56419499999993
12.9303664 77.57821360000003
12.9354735 77.56080500000007
12.940766 77.573171
12.9306158 77.56701440000006
12.9394413 77.57174680000003
12.9372633 77.55834800000002
12.9366467 77.5487915
12.9309609 77.58124369999996
12.9497135 77.5767032
12.9468464 77.57159200000001
12.947012 77.59645899999998
12.9341799 77.5843089
12.949729 77.579838
12.943786 77.57986089999997
12.9353175 77.61461919999999
12.9308865 77.5538881
12.9452491 77.56412249999994
12.9474962 77.59799859999998
12.9484362 77.57171689999996
12.9448366 77.55101460000003
12.9331885 77.58613679999996
12.9331231 77.6144928
12.9417059 77.61581139999998
12.936533 77.56843300000003
12.9415393 77.60866269999997
12.935583 77.577267
12.9321549 77.58415439999999
12.9485524 77.59761500000002
12.9392656 77.62186650000001
12.9431303 77.5454896
12.945696 77.59629339999992
12.9284663 77.59961929999997
12.943267 77.54398300000003
12.9426699 77.58027390000007
12.9485852 77.59712760000002
12.930883 77.58351700000003
12.9378659 77.5718703
12.9286705 77.56621339999992
12.9335672 77.54203499999994
12.94647 77.56968800000004
12.9339341 77.6122153
12.9459651 77.57828689999997
12.9572331 77.5502444
12.928066 77.544851
12.925625 77.54990199999997
12.9283329 77.5514733
12.937162 77.61637900000005
12.9579351 77.59276950000003
12.94875 77.57995000000005
12.9546469 77.54390719999992
12.9356906 77.56884390000005
12.951813 77.57631800000001
12.936817 77.57886699999995
12.9340892 77.5842136
12.9366241 77.57665610000004
12.9552675 77.56674049999992
12.9405371 77.54616220000003
12.9431122 77.54426880000005
12.9556588 77.58024999999998
12.9407893 77.5579305
12.9264807 77.56909339999993
12.925638 77.56432300000006
12.9448827 77.56793300000004
12.9418229 77.55701180000005
12.9251962 77.599964
12.9404669 77.58026050000001
12.954633 77.61538300000007
12.9353 77.61462099999994
12.953974 77.58008199999995
12.9421 77.54948300000001
12.9422304 77.57483760000002
12.9320862 77.58407690000001
12.9354347 77.57388779999997
12.9534729 77.57779019999998
12.9579938 77.59279140000001
12.955267 77.54496700000004
12.9306918 77.57824069999992
12.9400974 77.56420049999997
12.955467 77.56963300000007
12.9276736 77.54608889999997
12.945217 77.57098700000006
12.93879 77.58199000000002
12.9306378 77.54735679999999
12.9484377 77.59820409999998
12.9355985 77.56275460000006
12.9402026 77.61994449999997
12.9560935 77.56976529999997
12.9571302 77.57047179999995
12.9459761 77.57354720000001
12.9409422 77.54580809999993
12.943971 77.56368299999997
12.9381524 77.56883560000006
12.937303 77.55829900000003
12.9269668 77.56572059999996
12.9488531 77.53562549999992
12.9395552 77.57252620000008
12.9566201 77.58614590000002
12.9430582 77.59907369999996
12.9372874 77.56885969999996
12.938346 77.56343500000003
12.9473911 77.56679859999997
12.9469474 77.59650080000006
12.94409 77.57268999999997
12.9366313 77.57777369999997
12.9450718 77.5969503
12.939317 77.56921699999998
12.9484879 77.59854300000006
12.9489814 77.59775960000002
12.9457542 77.57243249999999
12.9371395 77.57876920000001
12.947802 77.59744899999998
12.9442341 77.57226079999998
12.939418 77.57169399999998
12.946127 77.57064200000002
12.9342234 77.5881048
12.9363931 77.58242640000003
12.9391824 77.58262890000003
12.9440462 77.56433249999998
12.9434276 77.58207229999994
12.9461985 77.57052939999994
12.9428624 77.606991
12.946507 77.56746099999998
12.9473336 77.56799669999998
12.9467004 77.56973820000007
12.9503365 77.57562970000004
12.9421824 77.60797920000005
12.9381922 77.60995149999997
12.9425747 77.5828616
12.9381838 77.57194700000002
12.9471134 77.56400359999998
12.94614 77.57052799999997
12.9421166 77.57536089999996
12.9481015 77.57712630000003
12.940181 77.57981999999993
12.93785 77.56681900000001
12.9435368 77.57087369999999
12.9367058 77.57453929999997
12.936451 77.58250599999997
12.9498813 77.57216389999996
12.947012 77.59645899999998
12.9379903 77.56868269999995
12.9366953 77.57417069999997
12.9384345 77.5702824
12.9449614 77.57222000000002
12.9387857 77.57855189999998
12.9443151 77.57231580000007
12.9399886 77.5651206
12.9457263 77.59629769999992
12.9437622 77.57131930000003
12.9495445 77.57996750000007
12.9451856 77.58596149999994
12.938119 77.61008800000002
12.9354056 77.58391699999993
12.946602 77.567676
12.9484309 77.57956179999996
12.9452182 77.59687940000003
12.950076 77.56725000000006
12.947333 77.56820800000003
12.935788 77.58773099999996
12.9366251 77.57781399999999
12.940097 77.57559100000003
12.9460522 77.56993399999999
12.9491126 77.57483709999997
12.9497954 77.57195100000001
12.9478637 77.5689456
12.9481591 77.60247589999994
12.93812 77.57234300000005
12.9486322 77.59879320000005
12.944983 77.570333
12.9422022 77.56422759999998
12.9422304 77.57483760000002
12.9376808 77.5709812
12.936633 77.58230000000003
12.9448236 77.57030940000004
12.9456226 77.57232520000002
12.947033 77.56899999999996
12.9377068 77.56575299999997
12.9481312 77.59743360000004
12.9376159 77.57636200000002
12.939133 77.58276699999999
12.938278 77.57255299999997
12.9459224 77.5768213
12.9501352 77.56772520000004
12.9366199 77.58175630000005
12.9363941 77.57482419999997
12.9427192 77.5972332
12.9485018 77.60131530000001
12.943742 77.59756900000002
12.943 77.60271
12.9410743 77.58498179999992
12.942905 77.56567799999993
12.9365639 77.567546
12.9433816 77.60749710000005
12.9467265 77.6025899
12.9470049 77.59642120000001
12.93867 77.61009999999999
12.9439219 77.57281699999999
12.9388076 77.57825619999994
12.9486025 77.57656410000004
12.9398787 77.57249209999998
12.9369656 77.58197310000003
12.944336 77.57367299999999
12.9365204 77.56843830000003
12.9407606 77.60871029999998
12.939871 77.57297399999993
12.936683 77.5741974
12.946 77.57159999999999
12.9500712 77.58015049999995
12.9482 77.56968299999994
12.942191 77.58299399999999
12.942731 77.56240000000003
12.943162 77.57343200000003
12.9495079 77.56788510000001
12.935356 77.58825999999999
12.939726 77.58039499999995
12.9343136 77.58278710000002
12.9422304 77.57483760000002
12.94036 77.57983000000002
12.9486377 77.59737259999997
12.9418546 77.56410819999996
12.94771 77.59781900000007
12.943823 77.60747100000003
12.9359901 77.57526540000003
12.935525 77.59727199999998
12.943167 77.56578300000001
12.9389409 77.57115539999995
12.9421813 77.5721231
12.9398254 77.5782845
12.9469061 77.59636869999997
12.9357618 77.6087847
12.936833 77.57490000000007
12.9395202 77.59601299999997
12.940435 77.58023100000003
12.9393366 77.57223629999999
12.9738449 77.64101959999994
12.9733621 77.61639719999994
12.9724088 77.6187357
12.9699989 77.63887369999998
12.9688135 77.64431680000007
12.9731504 77.61920759999998
12.9726129 77.53779209999993
12.9641808 77.55411260000005
12.9599793 77.52694489999999
12.964067 77.53793300000007
12.962734 77.56986200000006
12.9750156 77.55203879999999
12.963185 77.53448800000001
12.968533 77.53758300000004
12.9745487 77.54463669999996
12.97382 77.54447400000004
12.969883 77.57323300000007
12.9606934 77.56593369999996
12.959933 77.52691700000003
12.9595402 77.5685406
12.9604274 77.57147020000002
12.967867 77.53660000000002
12.975488 77.56276500000001
12.9717801 77.5701583
12.966705 77.54452130000004
12.973469 77.56583999999998
12.973546 77.54442300000005
12.973184 77.54130899999996
12.9692584 77.57281999999998
12.9640589 77.55078639999999
12.969031 77.57024100000001
12.9590514 77.57024380000007
12.9749114 77.53117739999993
12.9666002 77.53037599999993
12.9665143 77.54103280000004
12.968324 77.53051499999992
12.9651585 77.5404231
12.963382 77.53779600000007
12.973017 77.53119319999996
12.9722717 77.52828180000006
12.9730356 77.53807699999993
12.9594715 77.56848689999993
12.973033 77.54996699999992
12.966123 77.564978
12.9642617 77.53994140000009
12.9605871 77.57012429999997
12.9754164 77.53502639999999
12.967027 77.54333399999996
12.9646888 77.53913319999992
12.960759 77.566735
12.9733803 77.54320039999993
12.9590419 77.56574230000001
12.9746127 77.54466090000005
12.9597075 77.5564961
12.9699694 77.53810959999998
12.9736909 77.54334619999997
12.96348 77.55762100000004
12.9739537 77.53721989999997
12.9629287 77.54084839999996
12.964538 77.54088200000001
12.9648061 77.53524629999993
12.9722 77.57299999999998
12.969683 77.573217
12.9718826 77.52820040000006
12.962381 77.53655900000001
12.960033 77.53221699999995
12.959217 77.55926699999998
12.969867 77.536833
12.9605871 77.57012429999997
12.9685931 77.53762329999995
12.9609856 77.55971729999999
12.961233 77.57106699999997
12.972817 77.53898300000003
12.9698858 77.53327960000001
12.973983 77.54438299999993
12.97382 77.54412200000002
12.973933 77.53591699999993
12.963329 77.53243700000007
12.9609059 77.55971739999995
12.9668805 77.54129910000006
12.9751185 77.53114920000007
12.9655 77.53700000000003
12.9698426 77.57305339999994
12.973083 77.54140299999995
12.9721114 77.54048599999999
12.964697 77.56990599999995
12.959664 77.5731422
12.9598319 77.53218719999995
12.9646787 77.53313969999999
12.966925 77.54370500000005
12.9741346 77.53844979999997
12.972107 77.52759900000001
12.9685399 77.53626889999998
12.9666767 77.53539890000002
12.9670612 77.53629469999998
12.9734 77.53800000000001
12.9704839 77.52594840000006
12.974962 77.56057399999997
12.970883 77.57204999999999
12.959245 77.56961000000001
12.9680221 77.53471519999994
12.970336 77.57165099999997
12.960257 77.52948200000003
12.9604685 77.56562650000001
12.9738172 77.53731429999993
12.964889 77.54100799999992
12.9703497 77.56093650000003
12.9650523 77.53866649999998
12.9604002 77.56991689999995
12.970693 77.546197
12.959568 77.561959
12.972348 77.544036
12.9723348 77.57288310000001
12.9654854 77.53681510000001
12.9737881 77.54357359999995
12.9650554 77.57404180000003
12.998278 77.57148529999995
13.0014946 77.55300220000004
12.9962583 77.61377130000005
12.975517 77.617483
12.9936752 77.55575180000005
12.9756626 77.61446030000002
12.989568 77.53820410000003
12.9991146 77.56795469999997
12.992233 77.59481699999992
12.9914275 77.53835230000004
12.9977387 77.570558
13.000383 77.55293299999994
12.9909964 77.55760250000003
12.975783 77.62583300000006
12.9853976 77.55327680000005
13.0009182 77.57159419999994
12.9934801 77.57703609999999
12.9734451 77.6162908
12.9991352 77.56945889999997
12.9832453 77.59573279999995
12.9739 77.62021700000003
12.9993338 77.60016199999995
13.0006282 77.61602289999996
12.98931 77.61315549999995
12.9843434 77.5826035
13.0005592 77.54431750000003
12.9992002 77.55244730000004
12.9945638 77.5708151
12.9897907 77.55573559999993
12.9871822 77.53951039999993
12.9976758 77.57039789999999
12.9961855 77.56412590000002
12.9863 77.58753300000001
13.0061084 77.57104460000005
13.0058409 77.563399
13.0057263 77.5807198
13.0080792 77.56820390000007
13.0048666 77.56930549999993
13.00929 77.56277999999998
13.0036595 77.5839747
13.0055818 77.57085039999993
13.004716 77.54876539999998
13.0075879 77.57973800000002
12.9969734 77.58718850000002
12.9986049 77.54295260000004
12.986669 77.58169989999999
12.9900685 77.53828529999998
12.9980077 77.55320329999995
13.013883 77.57916649999993
12.988893 77.59240320000004
12.9851262 77.55643039999995
12.988681 77.59222620000003
12.988349 77.59368599999993
12.9922366 77.53371390000007
12.9916001 77.53736260000005
12.9864052 77.55990450000002
12.998983 77.58118300000001
13.0093938 77.5628097
13.01044 77.58118000000002
12.9972832 77.54619780000007
13.0084099 77.56929160000004
13.004646 77.54871400000002
12.9985677 77.54212889999997
12.9969212 77.57151780000004
12.9917153 77.53820689999998
13.001121 77.55316300000004
12.9863 77.55629999999996
12.990505 77.55809610000006
12.9985227 77.57300209999994
13.0007 77.55309999999997
13.00728 77.57945999999993
12.9870142 77.57853139999997
12.9901247 77.55621309999992
13.008142 77.56480399999998
13.0066558 77.56457580000006
12.9984789 77.57004800000004
13.00395 77.58211800000004
12.990243 77.58904640000003
13.0008633 77.5716261
12.9833 77.58923299999992
12.998254 77.57071259999998
13.0038468 77.58261330000005
13.008446 77.56899499999997
12.9840235 77.5797202
13.0025568 77.55335519999994
13.00835 77.54683
13.0014687 77.56956790000004
13.0002982 77.55293059999997
13.0043382 77.5592011
12.9987768 77.54068860000007
12.990802 77.59316999999999
13.00787 77.57979999999998
13.00694 77.57885999999996
13.0103491 77.54728580000005
12.995999 77.55140299999994
12.9947285 77.55295430000001
12.998714 77.57417299999997
13.0009151 77.57149419999996
13.00165 77.57126700000003
13.0057629 77.55503410000006
13.00187 77.56674999999996
13.002333 77.57861700000001
12.9954208 77.55401219999999
12.9887566 77.57493569999997
12.9840307 77.56036619999998
12.9889116 77.5745531
12.9994895 77.552816
12.9880689 77.53567520000001
13.010171 77.58362499999998
12.9909362 77.57482230000005
12.9898413 77.53775689999998
12.9901029 77.55053969999994
13.0124037 77.55575410000006
12.9933956 77.57971199999997
12.9876307 77.55578969999999
13.0101086 77.57736499999999
12.9888663 77.55928960000006
12.9905494 77.55789219999997
12.9891397 77.55575490000001
12.9966317 77.57283110000003
12.998533 77.58403299999998
13.0111207 77.57883779999997
13.0087339 77.54905970000004
13.0020474 77.57233270000006
12.9896463 77.59275530000002
12.984233 77.53718300000003
12.997669 77.57171689999996
12.99305 77.576367
12.9908104 77.57457950000003
12.9890593 77.57468879999999
13.0085099 77.49920270000007
13.008 77.54848300000003
12.9892999 77.55877069999997
12.988117 77.56396700000005
12.9978019 77.54375720000007
12.9857943 77.5514038
13.00407 77.56660999999997
13.0073149 77.57923759999994
13.008438 77.56996279999998
12.9921169 77.57550519999995
12.9919085 77.57045029999995
13.000883 77.56831699999998
13.0042102 77.54934270000001
12.9909258 77.53805990000001
12.9900947 77.57715050000002
12.99895 77.57690000000002
12.9857237 77.5420517
12.9985615 77.542733
12.9895057 77.57342140000003
12.9991877 77.56764099999998
12.99988 77.54979700000001
12.9967148 77.56261419999998
13.0132877 77.55763980000006
13.00785 77.54727000000003
12.9810097 77.55931910000004
13.0097182 77.54339619999996
12.997431 77.548404
12.9917557 77.53805799999998
12.9987116 77.55236330000002
12.9835396 77.57654990000003
12.9810178 77.51081249999993
12.9902707 77.57194219999997
12.9934191 77.57710350000002
12.989721 77.59292200000004
12.9820741 77.56642590000001
13.008142 77.56480399999998
12.9966936 77.56904609999992
13.002815 77.55692700000009
12.996196 77.57838500000003
12.982687 77.53096979999998
12.997274 77.54652099999998
12.9897038 77.57245349999994
12.9929748 77.57525950000002
12.990083 77.57580000000007
13.0075749 77.54733639999995
12.98402 77.57474500000001
12.9952272 77.57164130000001
13.0070875 77.57912639999995
13.008774 77.543274
12.9872459 77.53996970000003
13.0085113 77.49959220000005
12.9946622 77.57383270000003
12.9941201 77.57145830000002
12.998495 77.55532100000005
12.9918039 77.55688099999998
12.9922936 77.55716159999997
12.9951575 77.54540789999999
12.993935 77.54351700000007
12.9972753 77.55975860000001
12.995999 77.55140299999994
12.99249 77.54658199999994
12.9981387 77.54993869999998
12.991997 77.54321700000003
12.998262 77.55535199999997
12.9965478 77.54632850000007
12.9926903 77.55789619999996
12.9945419 77.53969069999994
12.992711 77.55678999999998
12.9948577 77.55263889999992
12.998717 77.54091700000004
12.9977448 77.54471280000007
12.9927745 77.56262459999994
12.997949 77.54928199999995
12.99759 77.54043999999999
12.997809 77.55225199999995
12.996218 77.56264799999997
12.998897 77.55392989999996
12.9947311 77.5577849
12.997472 77.55109010000001
12.994797 77.55992500000002
12.99323 77.55641000000003
12.998189 77.54276800000002
12.997422 77.5486654
12.9937373 77.55581280000001
12.9963044 77.55451930000004
12.997835 77.549398
12.99759 77.54043999999999
12.9929545 77.55658019999998
12.973874 77.51507600000002
12.978483 77.54073300000005
12.9762351 77.53167510000003
12.977146 77.50999739999997
12.9701911 77.50643919999993
12.970732 77.52492899999993
12.9801276 77.51071200000001
12.9720597 77.5072457
12.9737273 77.50984189999997
12.982765 77.53090799999995
12.979575 77.53891899999996
12.976135 77.529495
12.983329 77.52946440000005
12.9798218 77.53825170000005
12.982304 77.53145700000005
12.9814906 77.53714020000007
12.9848808 77.53720329999999
12.9788403 77.54200200000002
12.976783 77.533367
12.980116 77.539895
12.976333 77.52613300000007
12.9778253 77.51559650000002
12.978479 77.54166399999997
12.978903 77.54139699999996
12.9695124 77.52446510000004
12.970541 77.50575700000002
12.977077 77.50995599999999
12.973636 77.50980299999992
12.9778949 77.50501980000001
12.970596 77.50575800000001
12.9814977 77.53439249999997
12.978903 77.54139699999996
12.9811953 77.53531240000007
12.9798855 77.53846529999998
12.981573 77.53461700000003
12.97715 77.5099983
12.984135 77.53714360000004
12.9685762 77.52446140000006
12.9656749 77.52325880000001
12.9816873 77.47860000000003
12.9676065 77.5053719
12.9590235 77.52458260000003
12.9534749 77.54188350000004
12.9756726 77.48369159999993
12.9756268 77.5562708
12.979592 77.47003199999995
12.9573496 77.5514435
12.9576121 77.52611100000001
12.9583326 77.53558829999997
12.955107 77.52238599999998
12.983886 77.55406629999993
12.9654109 77.52315959999999
12.9817832 77.5540029
12.9580539 77.53421300000002
12.9620279 77.50468679999994
12.9589583 77.52891320000003
12.9759745 77.54544140000007
12.9576674 77.53386950000004
12.954402 77.51722999999993
12.9561718 77.529856
12.9685602 77.52446910000003
12.9575905 77.51883650000002
12.957637 77.51896899999997
12.957803 77.50303800000006
12.963649 77.50482199999999
12.9547569 77.54374410000003
12.9778145 77.54953320000004
12.954015 77.540662
12.957328 77.551195
12.9586469 77.53554970000005
12.961091 77.50440300000002
12.9580229 77.53489349999995
12.953883 77.54078299999992
12.9567012 77.53069740000001
12.9581705 77.53411170000004
12.9796274 77.55359380000004
12.9620772 77.52268379999998
12.9849815 77.55334399999992
12.9537923 77.54247699999996
12.958017 77.5267
12.956686 77.52573200000006
12.980983 77.54278299999999
12.9570886 77.53250839999998
12.9774201 77.54589229999999
12.9570965 77.5317235
12.9586 77.52620000000002
12.9606851 77.51226109999993
12.983592 77.48615919999997
12.9637017 77.51461070000005
12.9552987 77.52817830000004
12.9578572 77.53437659999997
12.9582473 77.55544740000005
12.9801106 77.55652429999998
12.9566861 77.52869529999998
12.95885 77.52458999999999
12.9605638 77.48648950000006
12.976833 77.54222700000003
12.9581793 77.55319600000007
12.959353 77.51850000000002
12.9620985 77.52230959999997
12.9841663 77.55448539999998
12.9652769 77.52344590000007
12.9658174 77.52329570000006
12.962339 77.505223
12.9605861 77.51239190000001
12.9672412 77.50163450000002
12.960274 77.52529299999992
12.963677 77.50491099999999
12.874598 77.54211899999996
12.8746933 77.57233020000001
12.854017 77.54415300000005
12.875532 77.53771299999994
12.978767 77.636933
12.9784878 77.63779210000007
13.0524257 77.60401550000006
13.0607822 77.58533149999994
13.0628558 77.58737810000002
13.0632602 77.59175189999996
13.063217 77.59128299999998
13.0573956 77.54671989999997
13.0756042 77.55843299999992
13.0493813 77.59693909999999
13.0796082 77.55908249999993
13.0582635 77.5877547
13.0549112 77.50741570000002
13.0679955 77.62922549999996
13.0605387 77.58732429999998
13.042862 77.51437399999998
13.0146892 77.64618480000001
13.010258 77.65754199999992
12.9785666 77.64155630000005
13.0964672 77.58390399999996
12.9760803 77.72683370000004
12.9942439 77.66404639999996
13.0206886 77.64371840000001
12.9823807 77.63779160000001
13.039491 77.51867700000003
12.9784245 77.63625189999993
13.0036457 77.61663079999994
12.978099 77.63680780000004
13.0290108 77.56124079999995
12.9815221 77.75206809999997
13.0348306 77.575151
13.019021 77.59213299999999
13.026 77.67899999999997
12.9951723 77.69841010000005
13.027045 77.57733600000006
13.061989 77.58770240000001
13.025833 77.593167
13.0247302 77.59182950000002
13.02325 77.60045000000002
13.0097976 77.69775600000003
13.0551007 77.53453300000001
13.0270007 77.60412539999993
13.023417 77.59303299999999
13.032583 77.56958299999997
13.028433 77.57236699999999
13.0285 77.57150000000001
13.0247954 77.59357829999999
13.0371556 77.57483079999997
13.0345623 77.575781
13.0347091 77.57531429999995
13.0518272 77.55206699999997
13.0265026 77.58719459999998
13.0305226 77.56008780000002
13.026972 77.63137400000005
13.0308428 77.63509859999999
13.0286039 77.5615252
13.041899 77.59282200000007
13.033483 77.59202600000003
13.0292206 77.56107329999998
13.02455 77.59513300000003
13.0366691 77.57448720000002
13.0254825 77.59311500000001
13.0276752 77.56123120000007
13.0353 77.58905000000004
13.0404645 77.55744909999999
13.024366 77.63150840000003
13.048736 77.62899300000004
13.0315782 77.63577379999992
13.0240426 77.59722979999992
13.0295 77.57079999999996
13.0423142 77.58019190000005
13.0241308 77.59819270000003
13.0241001 77.60306600000001
13.0374376 77.57068099999992
13.024883 77.58811130000004
13.0380464 77.57429660000003
13.038467 77.564933
13.0413538 77.58964939999998
13.05519 77.60015450000003
13.023628 77.55697950000001
13.049467 77.60123299999998
13.0279101 77.56194529999993
13.02732 77.58572400000003
13.031013 77.58955100000003
13.026983 77.57928300000003
13.031549 77.63566930000002
13.0271419 77.63244150000003
13.043178 77.55228829999999
13.028245 77.571417
13.0493867 77.60256260000006
13.035033 77.60056699999996
13.0551875 77.59934109999995
13.0374154 77.56578460000003
13.029733 77.57071700000006
13.0257487 77.58831750000002
13.02506 77.59145000000001
13.0474712 77.57304580000005
13.0510069 77.59755270000005
13.0327 77.55430000000001
13.032882 77.57613600000002
13.0552733 77.57607089999999
13.0276391 77.57175419999999
13.024132 77.59732699999995
13.0322169 77.55911489999994
13.024626 77.55732990000001
13.029096 77.56104600000003
13.035185 77.55981399999996
13.0230496 77.63675450000005
13.039516 77.57407599999999
13.024126 77.59692100000007
13.024417 77.61291699999992
13.0230212 77.55685449999999
13.0341736 77.55386290000001
13.035044 77.60080749999997
13.050047 77.59743100000003
13.027417 77.58683300000007
13.0305484 77.56010200000003
13.027867 77.57931699999995
13.0506933 77.64587940000001
13.0318817 77.55816070000003
13.0506071 77.62130830000001
13.050188 77.60733600000003
13.033034 77.59024699999998
13.0400431 77.56695709999997
13.044477 77.57253000000003
13.0505603 77.62137970000003
13.02435 77.59551699999997
13.0312157 77.63574249999999
13.0524248 77.5749793
13.0525006 77.57499810000002
13.0280231 77.56145530000003
13.0341973 77.56165669999996
13.0230431 77.59276999999997
13.0353706 77.57529840000007
13.0240315 77.59728270000005
13.0457966 77.56970999999999
13.0305765 77.56414410000002
13.0264936 77.58703089999995
13.0404857 77.55736109999998
13.042469 77.57187799999997
13.0238071 77.63731439999992
13.0294401 77.57075209999994
13.048862 77.61185799999998
13.033723 77.57600400000001
13.0374389 77.56608770000003
13.0303664 77.5604419
13.027203 77.57922499999995
13.0408489 77.56625499999996
13.0360801 77.55502860000001
13.0304939 77.57051000000001
13.0244999 77.63702920000003
13.027162 77.58000500000003
13.0296714 77.57849290000001
13.0354294 77.57528500000001
13.0238698 77.63734920000002
13.0386689 77.57629769999994
13.0272161 77.58665730000007
13.0266303 77.58783740000001
13.0350727 77.56775600000003
13.0523012 77.60505109999997
13.0264899 77.59341399999994
13.035917 77.55561
13.0253577 77.58593969999993
13.0294723 77.59074770000007
13.0275992 77.59626120000007
13.0319324 77.55907060000004
13.0291321 77.55918739999993
13.0384554 77.57469889999993
13.0356215 77.59942890000002
13.0393529 77.56617219999998
13.047713 77.59190390000003
13.0324688 77.55860480000001
13.025277 77.63530700000001
13.0248 77.63699999999994
13.049419 77.60099089999994
13.0386913 77.55708140000002
13.0422924 77.57971129999999
13.0309453 77.55979660000003
13.0409142 77.56750119999992
13.0322796 77.63671699999998
13.0456673 77.57028130000003
13.051524 77.59517800000003
13.0506456 77.62175290000005
13.027164 77.55445899999995
13.0370822 77.60517690000006
13.0382597 77.56995099999995
13.0405491 77.57737650000001
13.027168 77.62023199999999
13.034417 77.57631700000002
13.0354182 77.56759020000004
13.0263102 77.58933209999998
13.0242288 77.5571784
13.028283 77.57920000000001
13.0295802 77.60463700000003
13.0265372 77.58705250000003
13.032067 77.62161700000001
13.036167 77.59539999999993
13.023578 77.63833499999998
13.0414 77.6209
13.0341 77.56140000000005
13.0444179 77.62085750000006
13.050255 77.60393299999998
13.0258013 77.60384920000001
13.0354784 77.56709890000002
13.0236 77.60159999999996
13.032155 77.57005099999992
13.0436 77.61969999999997
13.023478 77.60374300000001
13.045903 77.56950000000006
13.0318299 77.55243659999996
13.023247 77.60812499999997
13.028272 77.57943699999998
13.0359132 77.6284521
13.038985 77.64153999999996
13.050188 77.60733600000003
13.0336336 77.56873870000004
13.0373512 77.60489940000002
13.031676 77.61025900000004
13.031921 77.62151599999993
13.0333886 77.55620950000002
13.03242 77.63652560000003
13.0245 77.63712600000008
13.0353615 77.56852049999998
13.0399494 77.59372350000001
13.0368044 77.60895570000002
13.040634 77.61694299999999
13.056703 77.56521029999999
13.0560759 77.55756359999998
13.0665419 77.59653249999997
13.069264 77.55644920000009
13.0570981 77.58861330000002
13.063767 77.58978300000001
13.063813 77.58725549999997
13.062983 77.58251700000005
13.0720688 77.55648670000005
13.043433 77.52063299999998
13.063551 77.59088359999998
13.0639526 77.58304729999998
13.0631711 77.59135919999994
13.044933 77.52148299999999
13.0726 77.52363300000002
13.0600722 77.55853660000002
13.06367 77.58681000000001
13.0685416 77.55854669999997
13.0549636 77.54097060000004
13.057968 77.592983
13.0755641 77.60286229999997
13.0672581 77.5939568
13.0701549 77.55551409999998
13.0430781 77.55185549999999
13.06672 77.595869
13.0594094 77.54553809999993
13.0650078 77.55959000000007
13.064148 77.53069299999993
13.0636698 77.5863736
13.058367 77.58592099999998
13.0693717 77.54500889999997
13.0630253 77.57284149999998
13.074113 77.56582300000002
13.056998 77.54706399999998
13.0581061 77.58741529999998
13.0670811 77.55969200000004
13.0580845 77.58744780000006
13.0661433 77.59836109999992
13.060807 77.51164900000003
13.0623425 77.5871032
13.0630547 77.59173090000002
13.0665464 77.57029069999999
13.0636851 77.58681049999996
13.0688712 77.5569332
13.0504435 77.54248370000005
13.0738164 77.5668412
13.0504444 77.52852970000004
13.0597536 77.57745219999993
13.0731655 77.59682780000003
13.0661292 77.59784660000003
13.0510957 77.51025349999998
13.0640078 77.5705633
13.047617 77.51448299999993
13.071162 77.53829999999994
13.0434442 77.54774420000001
13.0657883 77.58773180000003
13.0432778 77.51314120000006
13.047567 77.51323300000001
13.0635432 77.59089999999992
13.0505418 77.54239170000005
13.0567931 77.54671410000003
13.0698088 77.56388160000006
13.0477 77.51756
13.072138 77.56629499999997
13.0610285 77.53383140000005
13.0729777 77.59758920000002
13.049455 77.51479500000005
13.0433679 77.51089550000006
13.0662 77.59680000000003
13.0607712 77.58749839999996
13.066203 77.59797000000003
13.051491 77.51459899999998
13.058346 77.58431700000006
13.0696884 77.56345770000007
13.0591238 77.59295399999996
13.0457287 77.54133999999999
13.0480849 77.57602129999998
13.054512 77.53254600000002
13.0731873 77.59654079999996
13.063001 77.59163999999998
13.071137 77.55678699999999
13.0433299 77.51822900000002
13.04782 77.57598000000007
13.0637 77.59089999999992
13.073287 77.57172300000002
13.06313 77.57314999999994
13.0573039 77.5466189
13.0555269 77.60334660000001
13.043287 77.56107999999995
13.0648132 77.5837487
13.0554795 77.60333079999998
13.04601 77.50913300000002
13.056048 77.51347400000009
13.051972 77.52932499999997
13.0520721 77.51265280000007
13.0538315 77.57550560000004
13.0623425 77.5871032
13.055386 77.53452749999997
13.1048243 77.57627030000003
13.1452419 77.61817440000004
13.072345 77.78919599999995
13.0996992 77.58385329999999
13.098862 77.58794769999997
13.0673692 77.63527679999993
13.0566646 77.50724919999993
13.0766756 77.5581886
13.0598293 77.50657619999993
13.0966269 77.39312410000002
13.0807928 77.5878874
13.0880102 77.63556100000005
13.0728891 77.78673830000002
13.0521539 77.50755789999994
13.1000179 77.57647989999998
13.104824 77.57626989999994
13.103833 77.57693300000005
13.0981929 77.581729
13.0987974 77.58604109999999
13.099446 77.58200099999999
13.0959308 77.57892659999993
13.072014 77.78824600000007
13.1498941 77.61018460000003
13.099367 77.59770000000003
13.0705377 77.79197929999998
13.079617 77.559167
13.0662097 77.50376890000007
13.0813337 77.55952890000003
13.1046888 77.60818900000004
13.104608 77.60522100000003
13.0431638 77.50030909999998
13.097 77.59566700000005
13.0530476 77.48420920000001
13.0813578 77.54827909999995
13.080213 77.55851299999995
13.0730962 77.50295119999998
13.0945265 77.58078490000003
13.0991652 77.58791980000001
13.0786579 77.78990859999999
13.0976606 77.57792270000004
13.1321954 77.61629459999995
13.0575316 77.46013100000005
13.0812935 77.55976179999993
13.10367 77.57544459999997
13.1058037 77.57742830000007
13.1706387 77.63213169999995
13.1722193 77.5615507
13.0598201 77.46093109999993
13.075427 77.78647639999997
13.0591589 77.64881029999992
13.0753689 77.78652639999996
13.0530143 77.4841477
13.051033 77.50774999999999
13.097917 77.59711700000003
13.0757866 77.7862662
13.081755 77.54827699999998
13.0710619 77.63377830000002
13.0592348 77.4603108
13.09925 77.59767399999998
13.0441449 77.72565129999998
13.0375904 77.51803059999997
13.0841137 77.56041110000001
13.0989964 77.5876915
13.1037885 77.60224590000007
13.0926478 77.58601099999998
13.0999983 77.57967469999994
13.0937013 77.59397280000007
13.0941115 77.58106529999998
13.1042445 77.57131930000003
13.0840164 77.56056869999998
13.0977836 77.56474249999997
13.0839781 77.56063949999998
13.09925 77.59767399999998
13.0940156 77.5827792
13.0978836 77.566146
13.097737 77.58454299999994
13.099681 77.56696599999998
13.0983619 77.58467470000005
13.1003797 77.58108659999994
13.1042445 77.57131930000003
13.0991823 77.58810540000002
13.096547 77.583796
13.098383 77.59668299999998
13.099367 77.58946700000001
13.0937351 77.59495170000002
13.094733 77.58043299999997
13.1018697 77.58573049999995
13.086891 77.55947200000003
13.0982153 77.58179339999992
13.0991516 77.58806240000001
13.0931942 77.60094300000003
13.1151 77.57690000000002
13.1041236 77.60540349999997
13.1053132 77.57715580000001
13.0995298 77.58873199999994
13.0910993 77.63236269999993
13.1002386 77.59545649999995
13.0929178 77.58787899999993
13.11382 77.56690000000003
13.0992 77.58210000000008
13.0965695 77.57823410000003
13.099193 77.59683999999993
13.0926839 77.58520920000001
13.1011161 77.5769024
13.104088 77.60238900000002
13.092865 77.58906479999996
13.1039286 77.6016793
13.094329 77.57023099999992
13.0963434 77.58879179999997
13.138968 77.47848539999995
13.143493 77.62010499999997
13.1218932 77.61977079999997
13.1325115 77.56852720000006
13.1210729 77.61579849999998
13.1174477 77.63437269999997
13.1376034 77.60324689999993
13.096134 77.499596
13.136111 77.60472099999993
13.1349586 77.58909670000003
13.138696 77.47539899999992
13.1251636 77.57783169999993
13.1223033 77.62422859999992
13.1358095 77.56810100000007
13.121291 77.61990200000002
13.138129 77.478434
13.147523 77.56958399999996
13.1438583 77.61773829999993
13.1028524 77.4924234
13.121453 77.618064
13.1214713 77.61541179999995
13.188749 77.64515299999994
13.094906 77.40037200000006
13.0970789 77.39631589999999
13.132834 77.66506230000005
13.1734286 77.56411219999995
13.0965623 77.3969697
13.0980181 77.40015649999998
13.0980811 77.40019140000004
13.1528824 77.67774159999999
13.0977754 77.39979840000001
13.185637 77.697134
13.0985863 77.40029630000004
13.087789 77.41173900000001
13.1870068 77.55019570000002
13.0968255 77.3934031
13.0981213 77.39533959999994
13.204183 77.57617900000002
13.09794 77.39408100000003
13.097442 77.40130799999997
13.0933474 77.65299119999997
13.1909063 77.6457815
13.0983234 77.39973980000002
13.0927104 77.39478050000002
13.0972332 77.40137930000003
13.0576577 77.4805232
13.0715817 77.63377979999996
13.081753 77.54832599999997
13.080633 77.50201600000003
13.071923 77.63335299999994
13.0706161 77.6738173
13.0711804 77.50609869999994
13.0589202 77.64845020000007
13.0734378 77.50309470000002
13.0711586 77.50599950000003
13.0568904 77.63305539999999
13.0837891 77.65386160000003
13.053058 77.48687270000005
13.0774456 77.5886365
13.0571805 77.71494259999997
13.0687315 77.62960759999999
13.084369 77.63694499999997
13.066983 77.45189299999993
13.080659 77.50177800000006
13.081367 77.56027500000005
13.059658 77.46457199999998
13.080645 77.60727999999995
13.0662035 77.50343299999997
13.02135 77.59246699999994
13.0014193 77.62560459999997
12.996917 77.61978299999998
12.996123 77.61733300000003
13.0206294 77.59339820000002
13.001702 77.63227170000005
13.0191486 77.59272770000007
13.0228177 77.58492690000003
13.0002934 77.61770760000002
13.0013955 77.63068199999998
12.9974174 77.60999880000008
13.019297 77.56354090000002
13.0005367 77.61789490000001
12.996196 77.61370899999997
13.0021758 77.61782819999996
13.0193487 77.59239830000001
12.9993827 77.59523579999995
13.0231127 77.51306780000004
13.0247787 77.54642420000005
12.9964171 77.61205840000002
13.020017 77.59503300000006
13.0213588 77.54458309999995
13.0024509 77.59826309999994
13.0152595 77.58353409999995
12.9965151 77.62032520000002
13.0211158 77.54665369999998
13.0213696 77.59240180000006
13.0200868 77.59262050000007
13.0018954 77.59876020000002
13.0205548 77.58773180000003
13.0262278 77.52087089999998
13.0284066 77.53691520000007
13.0273251 77.51490179999996
13.0279781 77.52330239999992
13.028892 77.52288099999998
13.027723 77.51514150000003
13.029464 77.51952200000005
13.0158161 77.50682830000005
13.014694 77.51075200000002
13.0167939 77.51963619999992
13.0087908 77.54293640000003
13.0085113 77.49959220000005
13.01618 77.53278999999998
13.01349 77.52042600000004
13.0149642 77.5438428
13.00395 77.53300000000002
13.009377 77.52440999999999
13.0076585 77.543993
13.0087415 77.54325730000005
13.0157856 77.54366849999997
13.011469 77.54412200000002
13.0150735 77.52042440000002
13.004171 77.51071000000002
13.014465 77.54301699999996
13.0092742 77.54310239999995
13.0084575 77.49927989999992
13.007496 77.53137900000002
13.0161 77.53300000000002
13.011028 77.50673200000006
13.01383 77.54551600000002
13.009483 77.54330000000004
13.0106103 77.53341439999997
13.0124055 77.53614619999996
13.0080381 77.54596379999998
13.016083 77.53276600000004
13.004062 77.521433
13.0087529 77.54017109999995
13.017347 77.51307900000006
13.0042705 77.53564630000005
13.0157014 77.50730709999993
13.003272 77.52178099999992
13.010829 77.54328499999997
13.016871 77.520486
13.008157 77.54307900000003
13.014126 77.51483600000006
13.0186152 77.53132219999998
13.009951 77.53997700000002
13.0099109 77.54467290000002
13.003904 77.53300100000001
13.0125308 77.53822119999995
13.0169506 77.51217129999998
13.014694 77.51075200000002
13.016201 77.51169099999993
13.003874 77.52637299999992
13.00936 77.52510000000007
13.0136856 77.52071039999998
12.9881196 77.61731800000007
12.9830682 77.60331310000004
12.9831275 77.60845089999998
12.9837645 77.61389839999993
12.9869363 77.59525529999996
12.983155 77.59582899999998
12.9923708 77.53391429999999
12.992867 77.53055500000005
12.99566 77.53227300000003
12.995439 77.50491199999999
13.0011489 77.53630850000002
13.00039 77.50027499999999
13.00029 77.54105000000004
12.9943476 77.5393722
12.9925267 77.53153680000003
13.0000414 77.53309379999996
12.999883 77.53258400000004
12.993876 77.53388700000005
13.0200251 77.50439110000002
12.9896661 77.50585330000001
12.9893054 77.505675
12.9895053 77.44995740000002
12.9890469 77.4978016
13.01063 77.49420599999996
12.9881326 77.50174279999999
13.0005628 77.48872170000004
13.013271 77.49271399999998
12.998725 77.44207200000005
12.994109 77.48992299999998
12.9891884 77.49771379999993
12.9881326 77.50174279999999
12.9916242 77.50460539999995
13.0214265 77.53268819999994
13.0333141 77.5231791
13.0243292 77.51120070000002
12.9870887 77.49165240000002
12.9917549 77.5380351
12.98805 77.53718300000003
13.0355748 77.51838659999999
13.02909 77.50714879999998
13.042718 77.50481400000001
12.988743 77.53867200000002
12.9879401 77.53820240000005
13.037953 77.51362900000004
12.990836 77.5380318
12.9917029 77.53812900000003
13.0343362 77.5229802
13.0360927 77.51869429999999
12.987983 77.51604099999997
13.0375189 77.52201689999993
13.027191 77.54330800000002
13.0385906 77.51809759999992
13.0208 77.51639999999998
13.0242809 77.51113379999993
13.0505705 77.48655080000003
13.0375035 77.5223489
13.028247 77.509368
13.036667 77.523056
13.036158 77.51847499999997
12.9870316 77.54218919999994
12.989633 77.53778299999999
12.99125 77.53819999999996
13.0427962 77.52054709999993
12.9879555 77.53736660000004
13.0346795 77.53423909999992
13.036328 77.51835040000003
13.0506 77.49659999999994
12.9874896 77.53751009999996
13.027999 77.54089799999997
13.0362493 77.51835540000002
13.051405 77.50801999999999
12.9914068 77.53821489999996
12.9873 77.53955100000007
13.0338903 77.51773449999996
13.027658 77.53835800000002
13.0221578 77.52327830000002
13.0421502 77.51958149999996
13.019645 77.53867000000002
13.046699 77.48621800000001
13.0215225 77.54004379999992
13.0495934 77.50745299999994
13.0326125 77.3919869
13.023955 77.51129900000001
13.03425 77.52062000000001
13.0342454 77.52298489999998
13.024363 77.54040099999997
13.0213072 77.53989060000004
13.0501596 77.5075243
13.0479115 77.5064357
12.989084 77.54245900000001
13.0411051 77.50474080000004
13.0276586 77.54273109999997
13.045548 77.507972
13.0377074 77.5219131
13.04745 77.50814400000002
13.020893 77.53685700000005
12.988866 77.54396700000007
13.022256 77.54497600000002
13.019819 77.38336000000004
13.0237107 77.54831939999997
13.0250853 77.54598859999999
13.0250823 77.54610520000006
13.0224305 77.54906019999999
13.0239077 77.54805149999993
13.0083 77.54610000000002
13.007922 77.54847399999994
13.0236937 77.54806729999996
13.0239133 77.54760859999999
13.0238695 77.54813969999998
13.0080623 77.54837369999996
13.008012 77.54891539999994
13.0237904 77.54794659999993
13.0080578 77.54681359999995
13.026646 77.546382
13.011812 77.55165499999998
13.0124083 77.55023449999999
13.0077668 77.54714039999999
13.0246404 77.54663299999993
13.029369 77.55110200000001
13.0138086 77.54784610000002
13.025585 77.546515
13.03155 77.50372500000003
13.042828 77.50461700000005
13.051781 77.48895600000003
13.0390734 77.50103209999997
13.0487604 77.50431359999993
13.0095915 77.64920389999997
13.0087192 77.6429177
13.0228467 77.64566860000002
13.0180112 77.65403059999994
13.0150216 77.64519810000002
13.0146964 77.64951399999995
13.0069425 77.63997189999998
13.0108367 77.64308619999997
13.0118912 77.64745590000007
13.021385 77.6371461
13.0226088 77.6372728
13.0191232 77.64324920000001
13.0096695 77.64468579999993
13.0188131 77.55764539999996
13.0196779 77.55923389999998
13.0169411 77.56458109999994
13.020983 77.59368300000006
13.019983 77.55566699999997
13.0227 77.59251700000004
13.021708 77.59238200000004
13.0053094 77.55752740000003
13.004247 77.58230100000003
13.01032 77.58328000000006
13.00795 77.594022
13.0060879 77.59338189999994
13.006528 77.56435599999998
13.0208787 77.5562989
13.0214947 77.60557790000007
13.0080372 77.56360280000001
13.004222 77.57630999999992
13.0190383 77.59682709999993
13.0045714 77.54876860000002
13.008369 77.56365000000005
13.0180828 77.55307429999993
13.004247 77.58230100000003
13.020768 77.59413100000006
13.0072734 77.57935789999999
13.015283 77.58343220000006
13.006378 77.54890139999998
13.0217234 77.55466819999992
13.020366 77.55675700000006
13.0140538 77.57728539999994
13.020833 77.55851699999994
13.015 77.55489999999998
13.021365 77.55869519999999
13.01718 77.59167000000002
13.0279091 77.55868469999996
13.026484 77.57971900000007
13.02523 77.55911700000001
13.0295 77.57079999999996
13.0280401 77.56194900000003
13.026148 77.58922899999993
13.0213314 77.5895825
13.0194426 77.55625299999997
13.0224505 77.55667340000002
13.021928 77.58451400000001
13.021549 77.589249
13.021712 77.55467299999998
13.021238 77.54719999999998
13.02157 77.54575
13.0325351 77.55858130000001
13.034398 77.55762600000003
13.0345151 77.58876639999994
13.034803 77.57606499999997
13.0354784 77.56709890000002
13.034469 77.55737299999998
13.0407212 77.58931009999992
13.0365717 77.56596230000002
13.0348555 77.56803349999996
13.034572 77.55753299999992
13.0196315 77.61981370000001
13.022139 77.61292300000002
13.020704 77.61774400000002
13.0170025 77.63609739999993
13.0214572 77.64046069999995
13.0203788 77.59255840000003
13.019925 77.59263099999998
13.0224433 77.59227869999995
13.019626 77.59776299999999
12.9921293 77.66004550000002
12.9921045 77.66004680000003
13.0050391 77.67483560000005
12.9923214 77.65986580000003
13.0148629 77.65703150000002
13.0153535 77.66613459999996
13.0120524 77.66702699999996
13.0079871 77.66242639999996
12.99525 77.66673300000002
13.005489 77.66048090000004
13.0047601 77.66015849999997
12.9943373 77.59475509999993
12.998933 77.6128
13.020134 77.67489090000004
13.0002579 77.61117999999999
13.019 77.6431
13.003738 77.66031900000007
13.0117523 77.62558790000003
12.9954132 77.6020145
12.993618 77.59823800000004
12.9941935 77.61580230000004
13.020626 77.64788499999997
13.0014522 77.59455209999999
13.0014093 77.59461839999994
12.99758 77.60970299999997
12.9926047 77.68030739999995
13.0151399 77.63072209999996
12.9934087 77.67924070000004
12.9948405 77.61527810000007
12.9918511 77.61168659999998
13.014491 77.62678000000005
13.0103193 77.64320250000003
13.0043121 77.61356150000006
13.0035458 77.616582
12.9976138 77.61451360000001
13.0053317 77.67478549999998
13.0164444 77.67856940000001
12.9965579 77.60450360000004
13.0005448 77.62347219999992
13.0197531 77.67392829999994
12.993374 77.67926899999998
13.0077957 77.63618050000002
13.0156759 77.63595720000001
13.008632 77.66733709999994
12.997722 77.61001899999997
13.008832 77.62341859999992
12.994848 77.65290099999993
13.021876 77.65770599999996
13.0194329 77.65624509999998
13.006477 77.59316799999999
12.9922433 77.66003049999995
12.9931734 77.61446869999997
13.011464 77.67748000000006
13.00857 77.65263499999992
13.003871 77.66027899999995
13.0184842 77.64321599999994
13.0123456 77.65045520000001
12.9958263 77.60834649999993
13.0067635 77.61308129999998
13.0041608 77.60291540000003
12.9946409 77.59096790000001
12.99249 77.66039999999998
13.0114642 77.67935829999999
12.9971146 77.61948110000003
13.009592 77.61448300000006
13.004159 77.612572
12.9976822 77.60965320000003
12.996432 77.61151700000005
12.9965142 77.61436279999998
13.0050282 77.6562917
13.0113694 77.67958019999992
12.9928964 77.58977959999993
13.0100524 77.64294510000002
12.99734 77.61922700000002
12.999594 77.59976099999994
13.0089948 77.65021260000003
13.0163804 77.64279420000003
12.990316 77.59934899999996
13.0002952 77.6233757
12.9942615 77.66404169999998
13.00857 77.65263499999992
13.005958 77.63772600000004
12.9915334 77.58871350000004
13.0087085 77.6429008
12.9967207 77.63007459999994
13.0197413 77.59652740000001
13.009267 77.64938299999994
13.014624 77.65275099999997
13.00208 77.59867099999997
13.0100273 77.61852859999999
13.0169129 77.67827599999998
13.01612 77.63609999999994
13.0224063 77.62903140000003
13.011593 77.62604699999997
13.020355 77.59253000000001
13.005314 77.59359399999994
12.991853 77.61474900000007
13.0095719 77.64911219999999
13.0015694 77.61114610000004
13.0030622 77.59662400000002
12.9948579 77.66122870000004
13.000968 77.62697700000001
13.0037554 77.6123437
13.0191042 77.67821479999998
13.003057 77.59666790000006
12.9921702 77.59652000000006
12.9938399 77.61560529999997
12.99749 77.62034500000004
13.006804 77.65923299999997
12.9665349 77.66119879999997
12.9698139 77.7496966
12.890325 77.63386700000001
12.8831598 77.58275759999992
12.8849974 77.60226779999994
12.8902448 77.58240320000004
12.8805398 77.60154239999997
12.8924117 77.59788530000003
12.8832463 77.60408499999994
12.893192 77.59912800000006
12.8723576 77.65102860000002
12.8882289 77.6257071
12.875977 77.59560399999998
12.8761062 77.61341429999993
12.8763236 77.6139584
12.882139 77.62488800000006
12.8758385 77.61700369999994
12.874872 77.59453600000006
12.893212 77.63867499999992
12.8927709 77.61173180000003
12.8703471 77.65923670000006
12.8817164 77.62788750000004
12.8791526 77.59788309999999
12.8889644 77.5820536
12.890246 77.61560899999995
12.8915097 77.60458540000002
12.8902853 77.6255764
12.8854948 77.60223780000001
12.8762648 77.61639250000007
12.8851352 77.62488310000003
12.8924459 77.61087850000001
12.8728119 77.65154150000001
12.8854424 77.59725759999992
12.870797 77.65746100000001
12.8847525 77.643054
12.8937634 77.66326370000002
12.8699477 77.65344729999993
12.890158 77.59816699999999
12.8872699 77.64079790000005
12.8766268 77.59512139999993
12.8949524 77.60870829999999
12.884352 77.59459400000003
12.86532 77.59156499999995
12.893851 77.63666599999999
12.883226 77.583301
12.8828 77.60789999999997
12.87511 77.64877999999999
12.8743432 77.6681853
12.8897167 77.6256783
12.8682886 77.65411010000003
12.89278 77.59660099999996
12.870807 77.65655800000002
12.8847482 77.59619410000005
12.8706521 77.61660840000002
12.870318 77.65549899999996
12.8869 77.59940000000006
12.8863462 77.62389819999999
12.8902566 77.58223859999998
12.89175 77.62586999999996
12.8918917 77.57967409999992
12.866485 77.60072000000002
12.8797188 77.59596979999992
12.8816935 77.62858670000003
12.889256 77.593748
12.888609 77.60467140000003
12.873451 77.64298499999995
12.891323 77.619641
12.866485 77.60072000000002
12.894581 77.63820499999997
12.8870648 77.60115619999999
12.8908206 77.5983046
12.9037411 77.58603590000007
12.9051 77.54359999999997
12.899186 77.57337499999994
12.9069464 77.54551620000007
12.907998 77.600146
12.902897 77.63005599999997
12.8949786 77.56457039999998
12.859636 77.58940099999995
12.907241 77.58552199999997
12.9013226 77.60050999999999
12.9068601 77.58548350000001
12.9043771 77.69400089999999
12.89724 77.62608799999998
12.897438 77.58304699999997
12.9035928 77.6261786
12.8995619 77.60487239999998
12.9058052 77.64458460000003
12.9008752 77.58594140000002
12.894159 77.56820600000003
12.9066739 77.57521930000007
12.9086016 77.60415020000005
12.9082282 77.67628020000006
12.9087733 77.53434059999995
12.8831359 77.56605809999996
12.9063889 77.59825939999996
12.9075929 77.63547240000003
12.898283 77.62671899999998
12.8857875 77.57046100000002
12.9050934 77.5956797
12.90549 77.57864599999994
13.0634989 77.64878420000002
13.0680995 77.6291473
13.0650758 77.64819060000002
13.0642776 77.65092189999996
13.08137 77.65332000000001
13.0717801 77.6327923
13.0634173 77.64898040000003
13.057671 77.62561699999992
13.0568722 77.63285759999997
13.059893 77.64238699999999
12.9781039 77.58810229999995
12.979402 77.57508200000007
12.9792104 77.57712289999995
12.9769134 77.59166030000006
12.978 77.57553299999995
12.9818095 77.59512659999996
12.9805966 77.57478070000002
12.9790415 77.57802479999998
12.9816889 77.57249090000005
12.9821482 77.59546820000003
12.9759949 77.57970180000007
12.9783167 77.58797449999997
12.9766944 77.58000229999993
12.98092 77.57514600000002
12.9784653 77.5774576
12.9809522 77.57546070000001
12.9784444 77.58593599999995
12.980406 77.57503900000006
12.9837568 77.59030929999994
12.9832453 77.59573279999995
12.9806438 77.57439850000003
12.983674 77.59575300000006
12.9786146 77.57756059999997
12.9769804 77.57867590000001
12.9768423 77.57944929999996
12.9791667 77.57772180000006
12.976326 77.57762400000001
12.9801883 77.574838
12.9828 77.5856
12.9832453 77.59573279999995
12.9584479 77.5933976
12.9739972 77.57944380000004
12.969658 77.57976659999997
12.9730841 77.5798489
12.974616 77.57768859999999
12.9767076 77.5706649
12.971606 77.59437600000001
12.9733138 77.57999810000001
12.971606 77.59437600000001
12.9698 77.57548299999996
12.9675222 77.58929680000006
12.965985 77.58232900000007
12.9715987 77.59456269999998
12.9753152 77.57909799999993
12.9715987 77.59456269999998
12.9858498 77.48795089999999
12.9804953 77.55775949999997
12.958525 77.56219599999997
12.9578238 77.56778099999997
12.957141 77.56381529999999
12.9856137 77.48563719999993
12.957253 77.56631970000001
12.957365 77.56368900000007
12.9863769 77.55089299999997
12.956341 77.56733499999996
12.9839998 77.55782649999992
12.957265 77.56723599999998
12.957809 77.56187399999999
12.985875 77.55262170000003
12.9571066 77.56775199999993
12.9813782 77.55959469999993
12.9853866 77.55408680000005
12.9576608 77.56788340000003
12.9555899 77.56758330000002
12.9551298 77.56631229999994
12.955063 77.56683499999997
12.956986 77.56332499999996
12.9859926 77.54197060000001
12.9571449 77.56737829999997
12.957567 77.55919999999992
12.958222 77.56721399999992
12.9858068 77.55213750000007
12.9774403 77.6956798
12.974017 77.67846699999996
12.9846582 77.67538439999998
12.977343 77.67936379999992
12.975162 77.67349999999999
12.976937 77.70927400000005
12.9737737 77.67847899999992
12.9876745 77.70969179999997
12.973925 77.68063699999993
12.9776475 77.70995599999992
12.9792824 77.67966869999998
12.975015 77.68305599999997
12.984781 77.69515000000001
12.9803929 77.6939456
12.9819 77.69409999999993
12.979279 77.71578
12.977 77.71820000000002
12.989641 77.67372
12.980001 77.69571900000005
12.981995 77.70866699999999
12.9850864 77.67463499999997
12.973697 77.67461500000002
12.984105 77.677551
12.9740233 77.67389200000002
12.977 77.71820000000002
12.979632 77.69388800000002
12.978383 77.64486699999998
12.9802753 77.64057090000006
12.97296 77.67744530000004
12.9661411 77.71377529999995
12.972155 77.65283199999999
12.9776341 77.64242230000002
12.9721937 77.67959240000005
12.9765982 77.6465316
12.978474 77.64421100000004
12.9776543 77.6364317
12.9700651 77.63872459999993
12.9716484 77.65805390000003
12.9717095 77.6813267
12.9702536 77.63204919999998
12.9665192 77.66118140000003
12.968447 77.70282799999995
12.981882 77.64055110000004
12.9782458 77.63383950000002
12.9910646 77.70943749999992
12.9824388 77.6380527
12.9772008 77.64678230000004
12.972383 77.65141700000004
12.9793404 77.62921989999995
12.973926 77.64678709999998
12.9702216 77.63625430000002
12.9789651 77.65855020000004
12.9936414 77.71716370000001
12.9758371 77.63649989999999
12.9715895 77.65725220000002
12.9853357 77.66781549999996
12.973873 77.651344
12.9708001 77.64723950000007
12.9712981 77.65648850000002
12.9811485 77.64050689999999
12.970377 77.63209230000007
12.9738834 77.64422430000002
12.9790195 77.65747329999999
12.971445 77.65780459999996
12.9773642 77.66065320000007
12.9801579 77.64099569999996
12.967879 77.65245200000004
12.966181 77.71429719999992
12.979284 77.63059799999996
12.9866127 77.64702820000002
12.9673407 77.6424194
12.9733072 77.67524960000003
12.9698648 77.63839600000006
12.972168 77.65276599999993
12.9728415 77.64708870000004
12.9699511 77.64605370000004
12.9684874 77.65057290000004
12.9800531 77.63851
12.9851471 77.66348140000002
12.9701704 77.63771250000002
12.996212 77.6994072
12.9708813 77.69968419999998
12.995949 77.69909499999994
12.983678 77.63809400000002
12.992818 77.70476800000006
12.978968 77.633376
12.9679711 77.65173470000002
12.97817 77.63543299999992
12.9800964 77.64109740000004
12.978745 77.64459729999999
12.9670027 77.68242450000002
12.973024 77.67797199999995
12.9684576 77.64998850000006
12.9951774 77.6983136
12.9791619 77.64143030000002
12.9951776 77.69835360000002
12.9786235 77.64170319999994
12.9855101 77.64423910000005
12.9722149 77.69763620000003
12.9679077 77.65229049999994
12.985884 77.66778
12.977899 77.72510599999998
12.9720565 77.6807106
12.9810516 77.63674910000009
12.9793684 77.64443370000004
12.9783451 77.64273950000006
12.9695119 77.70050349999997
12.9781059 77.63636739999993
12.970107 77.66540599999996
12.978187 77.63686400000006
12.9916635 77.69074679999994
12.967719 77.64111200000002
12.99159 77.690834
12.9704931 77.64143319999994
12.981893 77.635132
12.9782662 77.64274339999997
12.9684168 77.64826390000007
12.9853468 77.66783239999995
12.9792178 77.65809379999996
12.9704137 77.64154489999999
12.9728814 77.63579419999996
12.9781791 77.6396039
12.9777988 77.6429263
12.967515 77.65617169999996
12.971445 77.72516599999994
12.9759084 77.63911919999998
12.998787 77.68312100000003
12.969145 77.6411223
12.9948187 77.69927009999992
12.9891882 77.71919849999995
12.9702871 77.64508990000002
12.9712214 77.64962639999999
12.994764 77.69701199999997
12.9737596 77.64090179999994
12.980707 77.64624400000002
12.993241 77.70133099999998
12.973302 77.63569600000005
12.9666972 77.64994490000004
12.97912 77.66134999999997
12.9782559 77.64642559999993
12.9716451 77.65809850000005
12.9927772 77.70875019999994
12.99202 77.71644100000003
12.972033 77.68267800000001
12.996684 77.69729800000005
12.9788672 77.65791949999993
12.9712273 77.64713899999992
12.9951163 77.69835510000007
12.9961647 77.68412190000004
12.9854542 77.66392480000002
12.9757485 77.65309730000001
12.97333 77.67523080000001
12.968447 77.70282799999995
12.9759255 77.63915910000003
12.982425 77.640087
12.9936063 77.66365940000003
12.972489 77.64032599999996
12.9728249 77.71789669999998
12.992698 77.70333800000003
12.9678467 77.65382539999996
12.971703 77.66373299999998

