12.971179 77.597445
12.964642 77.59711900000002
12.9602596 77.53036670000006
12.9661549 77.606266
12.9690174 77.59724159999996
12.970539 77.59902699999998
12.9720584 77.60703920000003
12.9687791 77.60616119999997
12.971281 77.60793000000001
12.971032 77.59603199999992
12.9672046 77.60902060000001
12.968971 77.59721000000002
12.973793 77.60670000000005
12.97361 77.60757799999999
12.974387 77.60316999999998
12.971372 77.54237599999999
12.9558441 77.52906380000002
12.9727148 77.59983620000003
12.970828 77.59819700000003
12.972201 77.59845199999995
12.9592412 77.52417880000007
12.9620835 77.53338889999998
12.951656 77.57650699999999
12.9750646 77.53087240000002
12.958599 77.562457
12.9707446 77.53699929999993
12.968804 77.52434800000003
12.9657846 77.5934502
12.969441 77.60023699999999
12.982722 77.53091100000006
12.9735587 77.61233440000001
12.9720835 77.59490759999994
12.978751 77.54245300000002
12.968662 77.60612700000001
12.9717876 77.59820949999994
12.9698987 77.60999349999997
12.9744316 77.53397619999998
12.9693649 77.53646879999997
12.9692049 77.60024429999999
12.9609465 77.52807400000006
12.959498 77.52783399999998
12.966265 77.54348000000005
12.973683 77.57946700000002
12.9713207 77.60598329999993
12.982533 77.60848299999998
12.9798248 77.60716890000003
12.971471 77.60073999999997
12.9732482 77.60713620000001
12.982292 77.60915
12.9720892 77.53655260000005
12.9701259 77.61040530000002
12.9662297 77.60668190000001
12.9761582 77.57761010000002
12.966221 77.52903700000002
12.970007 77.59740119999992
12.9742679 77.53506900000002
12.967632 77.600415
12.981166 77.61360100000002
12.959083 77.54613300000005
12.973071 77.60713699999997
12.9673485 77.57841789999998
12.9692271 77.60642299999995
12.967193 77.60810900000001
12.959067 77.59886700000004
12.9740829 77.534492
12.973267 77.55016699999999
12.9715987 77.59456269999998
12.9801619 77.53177449999998
12.9827745 77.61305199999993
12.972808 77.53532399999995
12.9825429 77.6071303
12.9819454 77.61029180000003
12.95856 77.56209999999999
12.952357 77.52972399999999
12.95795 77.55923299999995
12.963143 77.601225
12.976767 77.53146700000002
12.976283 77.52731700000004
12.972693 77.53168699999992
12.959867 77.53676700000005
12.9820644 77.60896780000007
12.967667 77.60668299999998
12.9708962 77.58062640000003
12.9627131 77.59305530000006
12.9696 77.53369999999995
12.969825 77.58341339999993
12.978417 77.544083
12.95185 77.53703300000006
12.964183 77.54176699999994
12.9723897 77.60870399999999
12.9675011 77.60812570000007
12.969159 77.61011400000007
12.960455 77.53041000000007
12.9712621 77.573756
12.964935 77.53927199999998
12.9715987 77.59456269999998
12.96155 77.52198299999998
12.9565454 77.53417259999992
12.9715059 77.60689239999999
12.967233 77.57996700000001
12.97882 77.57477799999992
12.976133 77.53481699999998
12.9597409 77.59375999999997
12.977133 77.53878299999997
12.967883 77.57711700000004
12.957867 77.53456699999992
12.9682436 77.57013239999992
12.981917 77.53363300000001
12.9698858 77.53327960000001
12.957499 77.53737610000007
12.9735622 77.57410690000006
12.960403 77.52687900000001
12.960817 77.55923299999995
12.9719276 77.59564720000003
12.9728126 77.53409650000003
12.9715987 77.59456269999998
12.9715987 77.59456269999998
12.959167 77.56203299999993
12.9682792 77.570112
12.9626957 77.60129499999994
12.9584709 77.59441530000004
12.951833 77.52693299999999
12.9668078 77.58091130000003
12.9709072 77.60085720000006
12.9573 77.54603299999997
12.9662403 77.58197459999997
12.971599 77.594563
12.9627108 77.52346599999998
12.9553085 77.58560940000007
12.9727292 77.60910860000001
12.952833 77.52674999999999
12.9700429 77.61041569999998
12.958783 77.5353
12.9597483 77.60198259999993
12.9756563 77.5256554
12.9715987 77.59456269999998
12.9698872 77.57941819999996
12.9812768 77.60653030000003
12.9663 77.58494999999994
12.971449 77.57812100000001
12.964283 77.54108300000007
12.967486 77.54551600000002
12.969217 77.60633299999995
12.9713614 77.57912970000007
12.966043 77.53134399999999
12.9572504 77.5325302
12.9562169 77.5675407
12.978233 77.53621699999997
12.966887 77.581008
12.967187 77.54282220000005
12.965167 77.53788299999997
12.9648048 77.52355820000002
12.970623 77.53433700000005
12.9800217 77.53163999999992
12.964833 77.58953300000007
12.964133 77.53796699999998
12.9690326 77.52433300000007
12.961367 77.58124999999995
12.9715987 77.59456269999998
12.9610431 77.52615830000002
12.976183 77.552817
12.951267 77.52700000000004
12.978067 77.53895
12.973489 77.57781780000005
12.9521482 77.5461785
12.9814977 77.53439249999997
12.976317 77.52805000000001
12.9603 77.55913299999997
12.979833 77.53199999999993
12.959017 77.524183
12.96675 77.59868299999994
12.9525409 77.57650710000007
12.9730461 77.60709689999999
12.9566872 77.55708770000001
12.9576594 77.52842880000003
12.9821939 77.60886819999996
12.9512304 77.5953955
12.961867 77.52216699999997
12.968533 77.52436699999998
12.96138 77.60257000000001
12.976933 77.53121699999997
12.982933 77.54266699999994
12.9542699 77.57555400000001
12.9617142 77.5262649
12.973634 77.55326300000002
12.975667 77.53480000000002
12.958504 77.55611799999997
12.976333 77.52818300000001
12.977467 77.52613300000007
12.9576232 77.52837780000004
12.964517 77.54001700000003
12.9829759 77.61046179999994
12.966917 77.579383
12.9687189 77.6086689
12.9516984 77.60963749999996
12.972133 77.52831700000002
12.973028 77.54014400000005
12.982783 77.56484999999998
12.9674579 77.59960209999997
12.972473 77.57774599999993
12.9660268 77.64141489999997
12.931506 77.54563000000007
12.930315 77.62300000000005
12.9377804 77.61862050000002
12.970643 77.63834199999997
12.9875922 77.59499159999996
12.955263 77.64175399999999
12.9704969 77.64676910000003
12.9711521 77.64947129999996
12.933303 77.62358300000005
12.971731 77.65635599999996
12.9702526 77.64003000000002
12.9316556 77.62269590000005
12.977272 77.641078
12.9623615 77.64270050000005
12.9455895 77.64908600000001
12.97149 77.64712899999995
12.9744882 77.6413235
12.9780488 77.638736
12.9883418 77.59357060000002
12.987566 77.53829700000006
12.934777 77.61697200000003
12.943898 77.59848
12.9336449 77.61561259999996
12.9361118 77.62840890000007
12.9621021 77.64894780000009
12.9688726 77.64430560000005
12.9676371 77.65466519999995
12.9772118 77.64382320000004
12.993583 77.58536700000002
12.94208 77.58543299999997
12.970271 77.640942
12.9708981 77.64117390000001
12.946459 77.55667399999993
12.98815 77.61923300000001
12.936671 77.62030600000003
12.9342309 77.61129499999993
12.977843 77.641977
12.9703278 77.63213689999998
12.9418787 77.62163929999997
12.9402761 77.6198048
12.9290257 77.63532220000002
12.9446066 77.567677
12.973692 77.64407600000004
12.9782091 77.63999390000004
12.977639 77.64228000000003
12.9856131 77.59582269999999
12.936983 77.61988300000007
12.9457174 77.57662299999993
12.988417 77.59367500000008
12.9600963 77.64856020000002
12.9309754 77.5812436
12.9337173 77.61928920000003
12.94755 77.59818300000006
12.9729399 77.62045940000007
12.963816 77.64020900000003
12.944957 77.570652
12.960207 77.6380087
12.936265 77.51822419999996
12.9358618 77.61709659999997
12.970173 77.63935600000002
12.933372 77.61064699999997
12.9945557 77.59096449999993
12.971197 77.64970900000003
12.9799698 77.63829450000003
12.980694 77.64626339999995
12.934401 77.61656800000003
12.932721 77.58413700000006
12.98022 77.63748599999997
12.98816 77.53475000000003
12.93429 77.61322599999994
12.978375 77.63596660000007
12.9832453 77.59573279999995
12.9345646 77.61958900000002
12.9377 77.55725000000007
12.9417154 77.62046140000007
12.9818723 77.63672240000005
12.939072 77.57983200000001
12.991378 77.58117379999999
12.983283 77.608567
12.939067 77.57998299999997
12.994644 77.57136070000001
12.938237 77.55505670000002
12.9311488 77.54094929999997
12.975917 77.62525000000005
12.9755233 77.64116409999997
12.985514 77.48554960000001
12.970637 77.64145299999996
12.970037 77.64248680000003
12.978484 77.64270399999998
12.9664538 77.64129819999994
12.9321915 77.5839542
12.9311933 77.58370009999999
12.936634 77.62017209999999
12.978494 77.64160199999992
12.9382096 77.55395299999998
12.9420671 77.60655459999998
12.979972 77.51151000000004
12.978352 77.63432999999998
12.972351 77.64139
12.9428087 77.61960339999996
12.982278 77.63910699999997
12.971594 77.65740000000005
12.9348627 77.61174289999997
12.9891157 77.55962720000002
12.9703572 77.64155000000005
12.971928 77.64356299999997
12.9611147 77.63558439999997
12.9383864 77.63172940000004
12.9894742 77.5651676
12.989503 77.594874
12.9729604 77.6204123
12.958893 77.65439100000003
12.934964 77.60910100000001
12.932279 77.610186
12.9396438 77.57108730000004
12.986614 77.56019400000002
12.964844 77.64216599999997
12.9379067 77.61872599999992
12.9311677 77.63256790000003
12.9367801 77.61987529999999
12.9741057 77.63594990000001
12.933901 77.58365900000001
12.93744 77.619372
12.9420044 77.6226557
12.934455 77.61307899999997
12.9466299 77.57174039999995
12.9343462 77.6300235
12.934323 77.61654999999996
12.9361235 77.62099450000005
12.934154 77.6292148
12.949943 77.58034499999997
12.9394618 77.62576719999993
12.989028 77.53317300000003
12.9734103 77.65372430000002
12.935175 77.60743300000001
12.932618 77.62341700000002
12.9841598 77.51552029999993
12.9355089 77.61412949999999
12.9388099 77.55235619999996
12.9368539 77.61981979999996
12.9354484 77.62256860000002
12.9700426 77.63136329999998
12.9564703 77.6476927
12.9718915 77.64115449999997
12.933658 77.61567600000001
12.93365 77.62168900000006
12.935038 77.61326510000004
12.972291 77.65181800000005
12.93675 77.583167
12.969054 77.641571
12.9295781 77.62916410000003
12.9444066 77.55367369999999
12.935185 77.62468000000001
12.9150017 77.59522449999997
13.0091371 77.65012960000001
12.92456 77.67431090000002
12.998275 77.55278999999996
12.911071 77.63515800000005
13.003658 77.56989199999998
12.908448 77.632387
13.006482 77.56477080000002
12.9141119 77.58595349999996
12.9117224 77.65139669999996
13.006941 77.57883960000004
12.9961728 77.61326650000001
12.9234973 77.5727081
12.922462 77.66832899999997
12.9185305 77.67043420000005
12.92291 77.58790079999994
12.914775 77.59487899999999
12.9155683 77.6103048
12.9146801 77.63827570000001
12.9579091 77.71606199999997
12.9589166 77.72197469999992
12.9168 77.65179999999998
12.9232028 77.5852208
12.956442 77.73155500000007
12.9262099 77.58196729999997
12.992999 77.70660699999996
12.985798 77.66883380000002
12.959536 77.72012800000005
12.9642632 77.71312569999998
12.9260179 77.62541799999997
12.9247954 77.55055649999997
12.921851 77.67200200000002
12.9965319 77.61436879999997
12.906878 77.59994000000006
12.997783 77.54641700000002
12.9563295 77.71086309999998
12.912104 77.637923
12.8925071 77.5977163
12.918356 77.65177799999992
12.9857137 77.66848879999998
12.909073 77.66395999999997
13.0151693 77.66615890000003
12.927345 77.67086599999993
13.0118454 77.6181527
12.9156664 77.65158059999999
12.996079 77.60200299999997
12.9961818 77.61326110000005
12.986367 77.68874600000004
12.9225912 77.66944549999994
12.9250394 77.66966179999997
12.996075 77.58173820000002
12.923319 77.57599700000003
12.914767 77.60619399999996
12.9267023 77.55062339999995
12.9572295 77.73307260000001
12.9508841 77.69989510000005
13.008237 77.57126500000004
13.0161009 77.63604510000005
12.9658327 77.70180529999993
12.9967331 77.69681990000004
13.008168 77.56476299999997
13.008918 77.58088900000007
12.9987996 77.54973059999998
12.9288426 77.5913878
12.913726 77.60706700000003
12.9969292 77.69681719999994
12.999683 77.59941700000002
12.9004514 77.58613319999995
12.9054213 77.58570320000001
12.9284547 77.58631070000001
12.892621 77.59741899999995
12.969969 77.66721299999995
12.909568 77.64469299999996
12.9167471 77.58648990000006
12.9174413 77.65205470000001
12.9250279 77.55094370000006
13.0117719 77.55684629999996
12.8914731 77.60456260000001
12.9204282 77.58978539999998
12.9719605 77.68156079999994
12.907089 77.59614499999998
13.003543 77.59596899999997
13.004365 77.57090399999993
12.908365 77.58653200000003
12.9138683 77.64269999999999
12.909829 77.61425600000007
12.926749 77.67646100000002
12.9979712 77.62068450000004
12.924507 77.60951899999998
12.924202 77.565564
12.96133 77.71675900000002
12.924254 77.67369299999996
12.9059336 77.59780260000002
12.9046765 77.64911800000004
13.008339 77.566644
12.9958026 77.60210039999993
12.9209925 77.58461069999998
12.90289 77.57365800000002
13.0081119 77.65218070000003
12.9034555 77.6019824
12.9137935 77.60658030000002
13.0215644 77.65061730000002
13.022798 77.64765499999999
13.0245265 77.63725539999996
13.0224322 77.63980160000006
13.019026 77.592445
13.031965 77.57074999999998
13.0307568 77.63501919999999
13.0246096 77.59348419999992
13.023044 77.64687900000001
13.0196861 77.64743240000007
13.023211 77.63603799999999
13.0342884 77.62870580000003
13.019861 77.60625400000004
13.034217 77.568937
13.011198 77.55476329999999
13.023703 77.59286199999997
13.0071377 77.65078210000001
13.0046681 77.61689449999994
13.039433 77.57013299999994
13.0488864 77.55130550000001
12.9967279 77.6212782
13.0194 77.59666700000002
13.020767 77.63638300000002
12.999174 77.57843260000004
13.020885 77.59233700000004
13.003368 77.57127500000001
13.003368 77.57127500000001
13.0141737 77.6405274
13.007392 77.57956409999997
13.0280865 77.57143599999995
13.0240707 77.63727159999996
13.0055195 77.57823940000003
13.01193 77.54580499999997
13.035101 77.567677
13.0075932 77.57931080000003
13.000188 77.62574599999994
13.008296 77.6555492
12.9992338 77.54967520000002
13.0081324 77.55624739999996
13.012688 77.64811099999997
13.0377485 77.5565431
13.0263297 77.63627220000001
12.9984399 77.55378229999997
13.002466 77.55005299999993
13.0268977 77.57885779999992
13.035635 77.56717500000002
12.9950395 77.53959950000001
13.0222029 77.59255170000006
12.998363 77.542325
13.055217 77.60295900000006
13.001914 77.57133599999997
13.0043957 77.62819830000001
13.0508971 77.62156519999996
13.037031 77.57455400000003
13.020073 77.60160700000006
13.0129911 77.64836309999998
13.0324649 77.56940170000007
12.9986307 77.5548
12.9966557 77.61213109999994
13.043024 77.56979060000003
13.0515 77.50831700000003
13.025654 77.63243899999998
12.999553 77.59721880000006
13.00006 77.55646000000002
13.0153094 77.64277349999998
13.029269 77.57070499999998
13.015417 77.61360000000002
13.0223141 77.59489459999998
13.021133 77.59256700000003
12.9973848 77.62024440000005
12.9979593 77.6134075
13.0191445 77.64645339999993
13.024513 77.63240900000005
13.032167 77.60496699999999
13.011033 77.642833
13.01406 77.63937199999998
13.024617 77.60339999999997
13.01406 77.62689999999998
13.0264 77.58943959999999
13.000297 77.55350399999998
12.991548 77.59396800000002
12.9943855 77.5974857
13.028531 77.60460579999994
13.00905 77.65041700000006
12.999 77.56729999999993
13.042767 77.55413299999998
13.0031179 77.63054820000002
13.021799 77.64002099999993
12.994117 77.56378300000006
13.0052261 77.55045059999998
12.999803 77.56502599999999
13.0149994 77.63203920000001
12.9917278 77.61067809999997
13.050429 77.59751699999993
13.037833 77.56613300000004
13.018461 77.63684
13.0146034 77.62714699999992
12.992683 77.60961700000007
13.0086739 77.6514611
13.034834 77.57531399999993
12.996959 77.61457199999995
12.990936 77.55671699999994
13.0235855 77.63520240000003
13.025367 77.59303299999999
12.990727 77.57715499999995
13.043986 77.57070799999997
13.0253291 77.62781270000005
13.024687 77.58956569999998
13.0463558 77.52262339999993
12.9981 77.62828300000001
12.996033 77.60211700000002
13.037317 77.62345099999993
13.03145 77.57010000000002
13.0259938 77.5806268
13.011008 77.63524200000006
12.9952 77.61426699999993
12.994683 77.61540000000002
13.0008549 77.61833730000001
13.0249102 77.58716579999998
13.017983 77.59706699999992
13.0213118 77.59781150000003
13.0141475 77.64164419999997
13.025317 77.60365000000002
13.027346 77.58599600000002
13.015534 77.61742099999992
12.9926743 77.59167809999997
12.9990839 77.5793754
13.002833 77.630583
12.9953227 77.5989217
13.005206 77.63687299999992
13.00161 77.631079
13.006345 77.64239799999996
13.008633 77.65598299999999
13.0216412 77.59280439999998
13.0302192 77.63497159999997
13.0356 77.56459999999993
12.993445 77.56806800000004
13.013349 77.65013299999998
13.024167 77.63276700000006
13.0001389 77.56828050000001
12.9910869 77.59202949999997
12.999983 77.61931700000002
13.009471 77.635489
13.036567 77.57476700000007
13.020767 77.63638300000002
13.023567 77.63975000000005
12.992683 77.60961700000007
13.0031 77.59668299999998
13.0220566 77.65325009999992
13.0268 77.62161700000001
12.990776 77.61300400000005
13.0309414 77.65323939999996
12.997467 77.65511700000002
13.012667 77.61706700000002
13.01835 77.63456700000006
13.00391 77.55665299999998
13.0106 77.57659999999998
13.036517 77.59401700000001
13.0274855 77.63368070000001
13.0146024 77.64850139999999
12.996683 77.62125000000003
13.038033 77.57418299999995
13.005269 77.63594999999998
13.008033 77.55668300000002
13.0281848 77.56070550000004
13.01545 77.64146699999992
13.0223141 77.59489459999998
13.024583 77.60843299999999
13.04235 77.58053300000006
13.0081415 77.56480770000007
12.9915687 77.59407050000004
13.063681 77.58973100000003
13.1029348 77.57696110000006
13.0629376 77.5928702
13.0631384 77.59211989999994
13.0991924 77.58446219999996
13.0964843 77.58353920000002
13.0192761 77.67834749999997
13.063583 77.58651699999996
13.019932 77.6564568
13.0622366 77.63321900000005
13.0210897 77.68156350000004
13.013411 77.66185700000005
13.1077479 77.58072049999998
13.068476 77.60139800000002
13.0582166 77.58768580000003
13.099823 77.57972900000004
13.099484 77.57514700000002
13.018983 77.68488000000002
13.097833 77.596317
13.0565817 77.64429070000006
13.063583 77.58661699999993
13.061817 77.58664999999996
13.075533 77.55793300000005
13.100828 77.59794799999997
13.073183 77.50296700000001
13.011167 77.68063299999994
13.1018697 77.58573049999995
13.068646 77.557501
13.009367 77.69573300000002
13.066683 77.506033
13.063633 77.58553299999994
13.058451 77.58373299999994
13.1000533 77.59593949999999
13.0571154 77.50249819999999
13.018583 77.63326699999993
13.047167 77.51135
13.0728042 77.50299710000002
13.009067 77.65031699999997
13.0988 77.59696699999995
13.010483 77.64313300000003
13.03815 77.56613300000004
13.075917 77.49931700000002
13.024517 77.63978299999997
13.048533 77.51485000000002
13.039433 77.57314999999994
13.034767 77.60646700000007
13.02584 77.63153
13.023489 77.607079
13.0212621 77.65127669999993
13.032133 77.604783
13.098133 77.57756700000004
13.027683 77.57948299999998
13.0425 77.57816700000001
13.0275907 77.57577609999998
13.013205 77.64210100000003
13.024533 77.61300000000006
13.099041 77.59489099999996
13.034767 77.575467
13.016833 77.61243300000001
13.062967 77.592083
13.0489369 77.55126339999993
13.035167 77.56758300000001
13.0373336 77.56575999999995
13.070633 77.55521699999997
13.036783 77.59741699999995
13.0231808 77.54994209999995
13.056667 77.50493299999994
13.071267 77.555883
13.024567 77.59498299999996
13.019883 77.63695000000007
13.044164 77.57400200000006
13.0336224 77.55893259999993
13.066767 77.60098300000004
13.0095651 77.64921609999999
13.01255 77.54369999999994
13.028506 77.60426800000005
13.022867 77.59441700000002
13.012183 77.66833299999996
13.028183 77.61151700000005
13.0636 77.50326700000005
13.034167 77.60468300000002
13.009017 77.59443299999998
13.042667 77.51440000000002
13.0405491 77.57737650000001
13.0265817 77.56624060000001
13.0597594 77.60921880000001
13.024183 77.59773300000006
13.0602005 77.5048706
13.0280708 77.57149230000005
13.102917 77.57695000000001
13.089633 77.55628300000001
13.084167 77.56016699999998
13.0857908 77.55609809999999
13.10197 77.58635900000002
13.110048 77.60790299999996
13.0872102 77.58512270000006
13.107949 77.57690300000002
13.085791 77.55609800000002
13.107949 77.57690300000002
13.093098 77.58216100000004
13.106609 77.57790999999997
13.0953857 77.57972859999995
13.10063 77.58135600000003
13.104087 77.60476500000004
13.0823117 77.58782429999997
13.096586 77.59779100000003
13.09163 77.59940099999994
13.096449 77.58674900000005
13.098393 77.58776599999999
13.104245 77.60689100000002
13.10018 77.59584500000005
13.10197 77.58635900000002
13.081167 77.56076699999994
13.08045 77.50296700000001
13.075317 77.55793300000005
13.074717 77.50178299999993
13.0812062 77.56026440000005
13.0685 77.52998300000002
13.06325 77.58643299999994
13.0810639 77.58956130000001
13.063717 77.58756700000004
13.072851 77.52286700000002
13.071833 77.56615
13.0625936 77.58678759999998
13.0685 77.52998300000002
13.061667 77.55898300000001
13.062533 77.58218299999999
13.081867 77.54756700000007
13.0691672 77.55685110000002
13.0718542 77.56075680000004
13.0755619 77.60273870000003
13.075078 77.55771200000004
13.073561 77.55698699999994
13.0764479 77.53989960000001
13.0622798 77.58768029999999
13.069474 77.56343800000002
13.062289 77.63321999999994
13.0720273 77.55190149999999
13.0668696 77.59531519999996
13.06568 77.49337200000002
13.074782 77.56049389999998
13.063141 77.620677
13.067287 77.59665300000006
13.0687699 77.55862609999997
13.0667475 77.63943689999996
13.0663302 77.50513419999993
13.0664078 77.59601599999996
13.121313 77.61075000000005
13.066683 77.506033
13.0630548 77.64994030000003
13.069767 77.55548299999998
13.0798467 77.60838339999998
13.067957 77.53008599999998
13.121167 77.60788100000002
13.0658178 77.64234179999994
13.062052 77.57387500000004
13.068079 77.57167099999992
13.078286 77.62102600000003
13.077787 77.65344900000002
13.065783 77.59921499999996
13.081443 77.55440899999996
13.0617196 77.57335920000003
13.121747 77.62589559999992
13.0667662 77.60351790000004
13.068195 77.62790199999995
13.0688655 77.5596835
13.062817 77.55899999999997
13.073429 77.566869
13.07126 77.63351220000004
13.0733208 77.50329850000003
13.075959 77.55781999999999
13.07619 77.56188799999995
13.0720922 77.6335206
13.06442 77.50367299999994
13.04947 77.64572599999997
13.0504681 77.64572650000002
13.0604404 77.64183760000003
13.04028 77.64502199999993
13.072894 77.78154399999994
13.0527288 77.64628979999998
13.0528594 77.64585260000001
13.0528235 77.6450489
13.037708 77.66536900000006
13.048617 77.64542899999992
13.0603286 77.64191359999995
13.0592087 77.64810030000001
13.0494849 77.6454238
13.0377835 77.67595499999993
13.0531318 77.64568179999992
13.0576099 77.6482393
13.070514 77.79085199999997
13.073002 77.79669799999999
13.066378 77.78606200000002
13.009027 77.75904600000001
13.007817 77.69721700000002
13.007483 77.69766700000002
13.0081415 77.56480770000007
13.008433 77.59626700000001
13.003933 77.70704999999998
13.006167 77.70026699999994
13.005896 77.69648200000006
13.011767 77.67866700000002
13.006917 77.69851700000004
13.0122615 77.69667149999998
13.015167 77.66701699999999
13.0111 77.67554999999993
13.01135 77.67393300000003
13.005417 77.69626700000003
13.006267 77.69996700000002
13.005817 77.70008299999995
13.011967 77.66969999999992
13.015233 77.66533300000003
13.0081559 77.69399180000005
13.011533 77.67385000000002
13.014783 77.6653
13.0103229 77.70523800000001
13.018444 77.67812200000003
13.017939 77.70569599999999
13.007443 77.698893
13.004017 77.68777699999998
13.009877 77.70284199999992
13.011843 77.669894
13.011783 77.69598300000007
13.0136212 77.66397689999997
13.008385 77.696008
13.011597 77.67889100000002
13.0124439 77.69899520000001
13.0036467 77.66071599999998
12.997253 77.65725599999996
13.003546 77.66107799999997
12.996883 77.65888300000006
13.0025166 77.66132349999998
12.996027 77.67228799999998
13.0031779 77.66095310000003
13.00815 77.65578299999993
12.996667 77.66088300000001
13.009167 77.65591700000004
13.0021825 77.66145140000003
13.0018642 77.66137570000001
13.006667 77.65391699999998
12.997133 77.65718300000003
13.0092194 77.65573900000004
13.0058006 77.65948550000007
13.006317 77.64710000000002
13.0104326 77.64537380000002
13.0091442 77.6579332
13.005618 77.66013299999997
12.9956354 77.67727200000002
13.0086869 77.65814780000005
13.010044 77.65723600000001
13.0101491 77.6486099
12.9960777 77.67304409999997
12.996898 77.6717777
12.9959627 77.67227260000004
12.99783 77.68955099999994
12.9952512 77.67711770000005
13.0072554 77.65748200000007
12.9932113 77.66661420000003
12.992724 77.66136200000005
12.9948888 77.67276549999997
12.9927069 77.66689580000002
12.989433 77.66396699999996
12.9940304 77.66707780000002
12.999855 77.62839699999995
12.992736 77.66392300000007
12.990283 77.66385000000002
12.996433 77.62763300000006
12.997517 77.62810000000002
13.001652 77.62718399999994
13.0001512 77.63356590000001
12.989629 77.66406600000005
12.9920782 77.66372239999998
13.0017 77.63163299999997
12.9948813 77.67305880000004
12.9919255 77.66390520000004
13.0030129 77.63171460000001
12.9933751 77.67347389999998
12.993446 77.66406699999993
12.9941852 77.66616210000007
12.9918072 77.66395539999996
12.9948 77.62916700000005
12.9933784 77.66730699999994
13.00363 77.62797999999998
13.0025 77.63180409999995
12.989716 77.66368399999999
12.99889 77.61590000000001
13.0006376 77.61624630000006
12.9957457 77.62381440000001
13.0006282 77.61602289999996
12.9985608 77.62251850000007
12.991358 77.61894699999993
12.998158 77.61535700000002
12.9989146 77.61587780000002
12.988554 77.61737700000003
12.991053 77.61621710000009
12.9907245 77.61927689999993
13.000171 77.61769900000002
13.003904 77.60562299999992
13.006094 77.5711182
13.00485 77.60349999999994
13.0062851 77.57520840000007
12.9963588 77.57143129999997
12.9963214 77.57167340000001
13.00606 77.56489999999997
12.999553 77.59721880000006
13.002767 77.57323300000007
12.999367 77.57473299999992
13.0103164 77.58056850000003
13.003433 77.57266700000002
13.009317 77.59535000000005
13.0073659 77.56683139999996
12.9963588 77.57143129999997
12.9989962 77.5773848
13.001883 77.5743
13.0079906 77.5791772
13.0065576 77.56952090000004
12.9991821 77.57243029999995
13.001133 77.57313299999998
13.002063 77.57855999999992
13.002383 77.57786699999997
13.0035923 77.56407669999999
13.0073489 77.59818440000004
13.0021259 77.57138269999996
13.009033 77.59498299999996
13.0103164 77.58056850000003
13.002833 77.574567
13.0001249 77.57803149999995
13.0017888 77.57392779999998
12.9978595 77.56239030000006
12.9966238 77.57547590000001
13.002749 77.60322700000006
12.9965465 77.5716807
13.007767 77.594517
12.9998312 77.57058589999997
12.9990041 77.57845929999996
13.0076308 77.59376199999997
13.0055747 77.56880899999999
13.0017744 77.57280659999992
13.00666 77.56248000000005
13.0030883 77.56126870000003
13.001853 77.571278
13.0075155 77.56911689999993
13.0016608 77.57504360000007
13.0050013 77.5655203
13.003285 77.60324300000002
12.9986017 77.58373259999996
12.9966742 77.57546260000004
13.002967 77.60784999999998
12.9975563 77.58196099999998
13.001914 77.57133599999997
13.001845 77.57238949999999
13.0017571 77.5721833
13.0018372 77.57251959999996
12.9961518 77.56432540000003
13.010317 77.59491700000001
13.0017713 77.57627839999998
12.9983844 77.57174379999992
13.0010673 77.57284060000006
13.0018404 77.572314
12.9963811 77.56776420000006
13.005396 77.57400600000005
13.00565 77.59823299999994
13.007717 77.59595000000002
13.0062983 77.59998139999993
13.0106456 77.59530769999992
13.007092 77.59827300000006
13.006333 77.572
13.0004027 77.5714246
13.005433 77.57388300000002
12.9965841 77.60801730000003
12.999183 77.577767
12.9990839 77.58063330000004
12.9987097 77.60018049999996
13.004436 77.60608000000002
13.0037476 77.56958929999996
13.001914 77.57133599999997
13.0008296 77.57819459999996
13.004117 77.60673299999996
13.001119 77.57064230000003
13.0052608 77.5687484
13.0064524 77.57179739999992
13.00505 77.55878299999995
13.004433 77.56098299999996
12.999945 77.55085810000003
12.9985615 77.55438720000006
13.0079 77.55696699999999
13.0089746 77.55765359999998
12.994683 77.55741699999999
12.999883 77.55091700000003
12.999417 77.55198300000006
12.995283 77.566417
12.993136 77.59063300000003
12.996278 77.55717900000002
13.0040151 77.5510964
12.9932515 77.56639840000003
13.004983 77.55821700000001
13.0009293 77.55809969999996
13.002815 77.55692700000009
13.0001345 77.55674150000004
13.0015964 77.56076140000005
13.0004255 77.55791090000002
13.0014199 77.55045510000002
12.993136 77.56329299999993
13.0004258 77.56064879999997
12.9939888 77.5586697
13.004035 77.55889000000002
12.9929884 77.57267839999997
13.003618 77.556513
13.0078467 77.55690849999996
12.993351 77.56672700000001
12.9955148 77.57619939999995
13.0040076 77.55115380000007
12.992771 77.59146540000006
13.0002491 77.55403009999998
13.0051732 77.55871430000002
12.994183 77.55696699999999
12.9946174 77.56335450000006
13.0012752 77.55620139999996
12.9937941 77.55255250000005
12.9987624 77.55659270000001
12.995685 77.56858480000005
13.005233 77.55770000000007
12.9951623 77.56294639999999
13.000166 77.553677
12.9953218 77.56307830000003
12.9953047 77.57829240000001
12.9929254 77.5624841
12.9959147 77.56302490000007
12.9978888 77.5584718
12.9999502 77.55091540000001
13.0012533 77.55701810000005
12.9929827 77.5936246
12.9997117 77.55095729999994
12.9975438 77.55913799999996
13.0059259 77.5552073
12.9957 77.56310570000005
12.9937781 77.5629156
12.994558 77.55086200000005
13.0001959 77.55365230000007
12.9948261 77.56320359999995
12.995684 77.555834
12.9989336 77.5575361
12.9939575 77.56454680000002
13.004567 77.56016699999998
12.9930415 77.5803664
12.9929584 77.55977239999993
12.986783 77.53313300000002
13.00052 77.54447000000005
12.985549 77.53729899999996
13.0000132 77.54121120000002
12.9972845 77.5411646
12.9950761 77.54013599999996
12.9874027 77.53878280000004
12.9873752 77.51860720000002
12.9858637 77.53846950000002
12.9878365 77.55602099999999
12.99922 77.54894000000002
12.991764 77.53850379999994
12.992583 77.5589
13.0002658 77.53542229999994
12.9883795 77.55692520000002
12.9958441 77.54683580000005
12.9934651 77.5470497
12.9868303 77.52804349999997
12.9893703 77.5544777
12.9896578 77.5337422
12.9948226 77.53733579999994
12.9873871 77.53873339999996
12.987975 77.530259
12.9901443 77.54787149999993
12.9904226 77.55607729999997
12.995716 77.54190399999993
12.9938363 77.54726929999993
12.986521 77.550746
12.9872785 77.54683750000004
12.9982913 77.54643379999993
12.989832 77.53860099999997
12.9928751 77.53916500000003
12.9961499 77.54772989999992
12.9992204 77.54093020000005
12.9974413 77.5491495
12.9985533 77.53615889999992
12.9915912 77.55902400000002
12.9976608 77.53423139999995
12.9878685 77.5559958
12.9917768 77.55927889999998
12.9925762 77.55096720000006
12.9882756 77.53468980000002
12.9975621 77.53024759999994
12.9944606 77.54947470000002
12.989028 77.53317300000003
12.9968846 77.55017850000002
12.990364 77.550745
12.9939133 77.53943920000006
12.9977278 77.52743940000005
12.9859263 77.55242210000006
12.9876183 77.55341150000004
12.99088 77.55476199999998
12.9961339 77.5462675
12.995617 77.53622059999998
12.9879554 77.55599080000002
13.0013726 77.53703399999995
12.9880286 77.53925890000005
12.9916699 77.53802429999996
12.988102 77.53728699999999
12.9915754 77.55648939999992
12.9882298 77.5583666
13.000731 77.53572810000003
12.996911 77.542372
12.9917843 77.5598589
12.991705 77.52628700000002
13.0002066 77.53748930000006
12.9893262 77.55446979999999
13.0000041 77.53814869999997
12.985328 77.526432
12.988796 77.54517699999997
12.9888431 77.55603139999994
12.986679 77.5279577
12.9974148 77.52823160000003
12.9874788 77.55217100000004
12.9961339 77.5279822
13.0015983 77.54440840000007
12.990094 77.54247800000007
12.9991835 77.54046790000007
12.9883305 77.54829189999998
12.9974213 77.5488947
12.990364 77.550745
12.9893994 77.56035040000006
12.9996653 77.53853099999992
12.986712 77.54027099999996
12.9974066 77.5406633
12.9903573 77.54860770000005
12.9891064 77.5426036
12.9899332 77.545838
12.996981 77.54837700000007
12.9933247 77.54728669999997
12.98902 77.54681000000005
12.99739 77.54511000000002
12.9978055 77.531927
12.9864549 77.54557210000007
12.9926952 77.54855810000004
12.9882102 77.5269975
13.0006157 77.54479160000005
12.9956595 77.54915419999998
12.997553 77.53024830000004
12.9860511 77.55234300000006
12.9909206 77.55458769999996
13.0011772 77.53487480000001
12.98539 77.52513599999997
13.0007493 77.54313769999999
12.995886 77.53995599999996
12.9954034 77.53689350000002
13.0001282 77.5333104
12.9967163 77.54666279999992
12.9989326 77.54105490000006
12.9918752 77.54344850000007
12.987163 77.55603700000006
12.9865134 77.5581631
12.988048 77.55971
12.9978346 77.54646960000002
12.988046 77.54943400000002
12.9890551 77.54681630000005
12.997788 77.52284899999995
12.9856516 77.53973229999997
12.9933988 77.54954850000001
12.9894324 77.54254519999995
12.989771 77.56207599999993
12.9870666 77.55736530000001
13.000011 77.55003199999999
12.9900669 77.55607800000007
12.9954034 77.53689350000002
12.9968036 77.53983149999999
12.9872041 77.55537090000007
12.9835691 77.55411690000005
12.984752 77.53399630000001
12.977732 77.51015400000006
12.989067 77.57773299999997
12.987633 77.57764999999995
13.00633 77.54854999999998
12.991094 77.57593900000006
12.9849815 77.55334399999992
12.984037 77.55447400000003
12.987167 77.57228299999997
12.9800976 77.50966470000003
12.9891063 77.5812618
12.985767 77.5743
13.003983 77.55005000000006
12.9851 77.56423300000006
12.985091 77.52886179999996
12.986333 77.51428299999998
13.00577 77.54786999999999
12.9874 77.51446699999997
13.0017495 77.54439260000004
12.9918562 77.57062999999994
12.9910173 77.57466669999997
13.0010549 77.50604390000001
12.979917 77.51189999999997
13.00875 77.54354999999998
12.990481 77.57472400000006
12.988883 77.57768299999998
12.9889119 77.57885590000001
13.0072 77.54825000000005
13.008733 77.54084999999998
12.9904791 77.57385810000005
12.980483 77.511483
13.0081157 77.53929300000004
13.00242 77.54214000000002
13.0000619 77.50428119999992
12.977983 77.53351700000007
12.9836459 77.55439049999995
12.984245 77.52870699999994
12.9792364 77.53834159999997
12.97796 77.57706600000006
12.977698 77.49905999999999
13.0042607 77.53552519999994
12.976057 77.55380000000002
12.984982 77.55334399999992
13.0088329 77.5434894
12.9915853 77.504592
13.0085516 77.54460549999999
13.0072191 77.5178075
12.981394 77.55167800000004
12.9863039 77.48844069999996
12.9980652 77.49748239999997
13.0063403 77.48825729999999
13.032888 77.62459000000001
13.035117 77.60003299999994
13.027262 77.60441800000001
13.0971769 77.4017675
13.042867 77.57343300000002
13.038667 77.57551699999999
13.030233 77.57093299999997
13.029533 77.59418299999993
13.028025 77.59516899999994
13.0289092 77.63343170000007
13.0357439 77.55519819999995
13.037717 77.565383
13.027533 77.60428300000001
13.041526 77.56838990000006
13.032617 77.57648300000005
13.058017 77.50713300000007
13.0571409 77.50860690000002
13.040517 77.57311700000002
13.037767 77.62329999999997
13.0436422 77.51489470000001
13.027649 77.59493399999997
13.033033 77.61881700000004
13.033017 77.56043299999999
13.038483 77.54988300000002
13.039883 77.59400000000005
13.036067 77.60156699999993
13.0340686 77.55903809999995
13.0358393 77.6047403
13.049567 77.56761699999993
13.0395164 77.60247000000004
13.027215 77.5797576
13.0302 77.55356699999993
13.043883 77.51496700000007
13.031267 77.60481700000003
13.037867 77.56909999999993
13.042783 77.57558300000005
13.04941 77.59718599999997
13.027032 77.59346400000004
13.0381633 77.55231849999996
13.055617 77.53444999999999
13.042614 77.57627000000002
13.0322058 77.60463770000001
13.035187 77.59572800000001
13.034417 77.60921699999994
13.039417 77.57401700000003
13.0453638 77.54809610000007
13.05556 77.53436099999999
13.0443672 77.49600780000003
13.027367 77.60436700000002
13.041467 77.51696700000002
13.036517 77.561867
13.043267 77.51491699999997
13.033 77.57631700000002
13.035517 77.59686699999997
13.032167 77.59391699999992
13.039567 77.60146699999996
13.0570044 77.50860190000003
13.0955462 77.40000179999993
13.032383 77.60863300000005
13.045367 77.54848300000003
13.03955 77.55333300000007
13.046217 77.54684999999995
13.047883 77.51771699999995
13.045733 77.52238299999999
13.038483 77.57453299999997
13.058117 77.587717
13.027074 77.579881
13.0314 77.59806700000001
13.031167 77.577267
13.027833 77.59584999999993
13.0586443 77.55664360000003
13.0287727 77.55802219999998
13.0441394 77.57436229999996
13.0513119 77.50953090000007
13.050283 77.50896699999998
13.057567 77.51070000000004
13.0492013 77.60354210000003
13.0475956 77.51452849999998
13.0507057 77.51518469999996
13.052913 77.60148600000002
13.055483 77.45958999999993
13.0563453 77.50949100000003
13.042541 77.57320299999992
13.049067 77.51201700000001
13.0516836 77.50769560000003
13.0429932 77.55149779999999
13.041169 77.57319959999995
13.0504186 77.50781870000003
13.05134 77.50879629999997
13.0503076 77.597486
13.0474683 77.54970030000004
13.058358 77.58507600000007
13.0469319 77.55072900000005
13.0417831 77.54886929999998
13.0507 77.507833
13.0458008 77.54713779999997
13.0458956 77.522377
13.0528869 77.51202439999997
13.056417 77.50573299999996
13.0509219 77.62155039999993
13.0476224 77.51461500000005
13.0565288 77.50665090000007
13.0443689 77.51781559999995
13.0572193 77.51010629999996
13.0505731 77.50814990000003
13.0441269 77.51974810000002
13.0440508 77.51269830000001
13.051726 77.51375140000005
13.0581458 77.58660310000005
13.0591806 77.50196210000001
13.0521689 77.51319680000006
13.0592065 77.56120179999994
13.049135 77.51733009999998
13.0514732 77.50859850000006
13.041215 77.55078200000003
13.059888 77.58955500000002
13.0559073 77.53287320000004
13.0458227 77.52207729999998
13.0494378 77.59695959999999
13.0462336 77.51620960000002
13.0449951 77.62099809999995
13.0408224 77.55769800000007
13.0572049 77.50700699999993
13.0478723 77.54980060000003
13.0429073 77.55039970000007
13.040733 77.55373299999997
13.0496011 77.51292460000002
13.046024 77.51477799999998
13.0447776 77.57766279999998
13.049128 77.61170500000003
13.051333 77.51421700000003
13.057373 77.58350700000005
13.0408662 77.55222830000002
13.0488769 77.51500090000002
13.056717 77.50824999999998
13.0601489 77.50495539999997
13.0570034 77.50932510000007
13.0569943 77.53279569999995
13.056367 77.50598300000001
13.056717 77.508283
13.039317 77.57376699999998
13.031576 77.57003099999997
13.0342832 77.55909079999992
13.029152 77.57188199999996
13.029503 77.57909799999993
13.0342231 77.55780490000006
13.0361356 77.5481873
13.0322332 77.55383800000004
13.030226 77.56053610000004
13.0295162 77.59096350000004
13.034895 77.55960299999992
13.0283452 77.58844120000003
13.0289005 77.56022770000004
13.0274407 77.58938999999998
13.0383622 77.55644110000003
13.0366343 77.56570209999995
13.0289701 77.56703119999997
13.0291497 77.55805009999995
13.0377181 77.56460140000002
13.0399911 77.55732149999994
13.0399078 77.55535439999994
13.0330622 77.5661235
13.0290217 77.55826969999998
13.0342329 77.5577872
13.0301708 77.55357709999998
13.037365 77.59068419999994
13.0345928 77.56429860000003
13.0384102 77.59178789999999
13.0334088 77.55507749999992
13.029931 77.56273799999997
13.0335669 77.56548550000002
13.0287852 77.5580129
13.0261606 77.58058099999994
13.0276729 77.55673909999996
13.0270366 77.55821130000004
13.0269233 77.58912310000005
13.0370746 77.59215300000005
13.026123 77.55702450000001
13.0302146 77.55830919999994
13.0318631 77.55918500000007
13.0399042 77.55532859999994
13.035455 77.57509800000003
13.0390795 77.54873509999993
13.0329381 77.55877729999997
13.0293751 77.55441329999996
13.03401 77.56758300000001
13.029251 77.55919999999992
13.0340918 77.55997320000006
13.02753 77.57973100000004
13.0336802 77.55516
13.035595 77.55392010000003
13.0282736 77.58837410000001
13.0332801 77.55883829999993
13.0340536 77.55891739999993
13.0267306 77.55649670000003
13.0324478 77.56123449999996
13.0287368 77.55926210000007
13.029664 77.57082600000001
13.039301 77.573982
13.0261726 77.55802389999997
13.0277298 77.55484389999992
13.0293715 77.56016469999997
13.028403 77.56209379999996
13.038283 77.59013299999992
13.028617 77.56238299999995
13.031662 77.56999999999994
13.0273309 77.55363080000006
13.0384468 77.5498298
13.037695 77.56608600000004
13.035058 77.56788000000006
13.035521 77.56728900000007
13.028867 77.55943300000001
13.0266264 77.55709990000003
13.0321891 77.5573799
13.0376417 77.54954780000003
13.0340245 77.55387489999998
13.0337615 77.56911130000003
13.0335404 77.55825830000003
13.0321378 77.55389029999992
13.0300793 77.56290860000001
13.0330018 77.56040770000004
13.0324021 77.57636060000004
13.0333481 77.55652020000002
13.0307846 77.57064479999997
13.0329658 77.56948560000001
13.0289629 77.56127909999998
13.0421136 77.57267920000004
13.026404 77.56715600000007
13.0384138 77.55468389999999
13.0270479 77.57901240000001
13.0283331 77.55811879999999
13.0319644 77.56011939999996
13.0290854 77.56064850000007
13.0292653 77.55135389999998
13.0421348 77.54934290000006
13.0323995 77.5670331
13.0355366 77.57253300000002
13.0347562 77.55886510000005
13.0323619 77.5539751
13.0313843 77.55380590000004
13.0387287 77.58983360000002
13.029511 77.58081600000003
13.032383 77.55383299999994
13.0279656 77.56125870000005
13.0298337 77.55699730000003
13.0386908 77.59213260000001
13.029477 77.57104300000003
13.027227 77.57178299999998
13.0331913 77.57552510000005
13.020415 77.58887200000004
13.019933 77.56063300000005
13.0235 77.59273299999995
13.020921 77.59270500000002
13.024833 77.605367
13.022167 77.56193299999995
13.024433 77.59494999999993
13.022967 77.59844999999996
13.023833 77.59186699999998
13.020467 77.59383300000002
13.01983 77.58733699999993
13.0223141 77.59489459999998
13.024167 77.59754999999996
13.021767 77.59393299999999
13.024133 77.59719999999993
13.024183 77.59768299999996
13.022783 77.55786699999999
13.0245508 77.55678979999993
13.025833 77.593167
13.023933 77.60313300000007
13.0258 77.60378300000002
13.021783 77.55706699999996
13.024628 77.60321599999997
13.0230793 77.5938463
13.0223141 77.59489459999998
13.0232798 77.55568229999994
13.023483 77.59988299999998
13.0387699 77.60723110000004
13.025317 77.60365000000002
13.0250418 77.55763669999999
13.019568 77.596813
13.034367 77.59936700000003
13.0257898 77.55775900000003
13.0218667 77.55924970000001
13.0391 77.59806700000001
13.0254057 77.55754249999995
13.0215969 77.56001279999998
13.019986 77.605954
13.02453 77.58998999999994
13.0251231 77.55953769999996
13.027967 77.59614599999998
13.0198153 77.60713989999999
13.022406 77.60159199999998
13.0190013 77.52920629999994
13.0231299 77.55897679999998
13.027217 77.60656700000004
13.026791 77.59376199999997
12.9966834 77.69659460000003
13.0124056 77.53614749999997
13.0154169 77.48586950000004
13.0153466 77.48540980000007
13.0171998 77.52663230000007
13.0183976 77.52915699999994
13.0112898 77.55722370000001
13.011765 77.52197799999999
13.0165027 77.52617699999996
13.0168597 77.52397900000005
13.0280874 77.5120799
13.0113489 77.52207859999999
13.033607 77.53882099999998
13.0230724 77.55917829999999
13.0223489 77.55287509999994
13.0258725 77.55771579999998
13.0328933 77.52883380000003
13.023333 77.554033
13.0132498 77.52063290000001
13.018702 77.51986599999998
13.0143581 77.5208374
13.0176633 77.52061849999996
13.014229 77.520667
13.0120372 77.52186069999993
13.02283 77.46880499999997
13.0139501 77.49018849999993
13.0169806 77.52547529999993
13.011765 77.52197799999999
13.0148736 77.53313070000002
13.0192616 77.5302097
13.0191937 77.52605429999994
13.0245868 77.5572836
13.011765 77.52197799999999
13.016428 77.53513199999998
13.0178799 77.52967869999998
13.0343361 77.52746320000006
13.018617 77.51883299999997
13.021583 77.55548299999998
13.0162106 77.51951209999993
13.0141376 77.52003880000007
13.0185688 77.52034189999995
13.023187 77.55266099999994
13.017383 77.52195219999999
13.0225997 77.55916890000003
13.0148786 77.52986639999995
13.0202403 77.53493449999996
13.0129538 77.52110870000001
13.0168427 77.52072309999994
13.021738 77.55530320000003
13.022645 77.55913599999997
13.020076 77.532419
13.021812 77.53362400000003
13.0225645 77.56048550000003
13.0167326 77.52321189999998
13.0197948 77.56164330000001
13.016014 77.52647909999996
13.0160055 77.5265733
13.0408502 77.49499709999998
13.0153708 77.52357129999996
13.0333691 77.51999479999995
13.023517 77.55743299999995
13.0225132 77.55525720000003
13.028472 77.51966500000003
13.018633 77.59031700000003
13.010354 77.54387999999994
13.010264 77.55868399999997
13.0089864 77.51724360000003
13.0075886 77.54574739999998
13.0072802 77.54572639999992
13.007697 77.531923
13.008747 77.52579650000007
13.0084726 77.52824199999998
13.0087035 77.5055499
13.0076879 77.51958549999995
13.0081322 77.48644009999998
13.0091053 77.50574099999994
13.010098 77.53306999999995
13.0076402 77.54299049999997
13.0087898 77.49869779999995
13.0079113 77.50541670000007
13.0084549 77.53157060000001
13.0071071 77.50510329999997
13.010537 77.545977
13.010246 77.50066600000002
13.010529 77.49452099999996
13.0080253 77.5313208
13.0085113 77.49959220000005
13.0077549 77.50544259999992
13.008754 77.52639599999998
13.0079646 77.54735110000001
13.0101552 77.53264319999994
13.0095385 77.53209900000002
13.008076 77.54414109999993
13.009765 77.525396
13.007928 77.54944449999994
13.0096385 77.51946650000002
13.0081015 77.48876459999997
13.0102408 77.54371839999999
12.9603763 77.74853410000003
12.9698066 77.74996329999999
12.963949 77.74863000000005
12.958568 77.74662000000001
12.9790093 77.75171260000002
12.8761527 77.59584180000002
12.8762373 77.61714219999999
12.855255 77.66462200000001
12.848257 77.65011099999992
12.9792166 77.75133519999997
12.9289263 77.55180759999996
12.973581 77.70132000000001
12.8760734 77.63973290000001
12.9775897 77.67949550000003
12.916857 77.51320129999999
12.9164517 77.60635400000001
12.9271366 77.57821260000003
12.9232515 77.5438643
12.9098718 77.61446019999994
12.912182 77.56456000000003
12.9068778 77.63870580000003
12.905317 77.58581900000001
12.904839 77.64450899999997
12.9136932 77.60856239999998
12.875842 77.59575599999994
12.870746 77.65740600000004
12.8759758 77.61633749999999
12.885927 77.60453200000006
12.894997 77.60940099999993
12.891233 77.59398299999998
12.8922104 77.61187700000005
12.8926487 77.59742740000002
12.895774 77.59956799999998
12.888189 77.59214900000006
12.8911854 77.61169319999999
12.895031 77.61100499999998
12.892748 77.61986409999997
12.8837705 77.62074630000006
12.90015 77.60109799999998
12.875443 77.64830899999993
12.8919594 77.59429780000005
12.895147 77.63617499999998
12.8911707 77.59884710000006
12.8949148 77.60859600000003
12.8926732 77.5868011
12.8941298 77.60934700000007
12.889416 77.60117530000002
12.9005524 77.58618109999998
12.8799542 77.61262540000007
12.8961401 77.61088999999993
12.896078 77.64782100000002
12.8952079 77.63350029999992
12.8779185 77.64883350000002
12.884571 77.61829
12.8996296 77.60185909999996
12.892394 77.61111200000005
12.90042 77.58623139999997
12.8768677 77.60154039999998
12.8957076 77.63280629999997
12.8941863 77.62583219999999
12.8794348 77.62470129999997
12.8941242 77.61992129999999
12.879836 77.60391800000002
12.89836 77.61794699999996
12.8852293 77.64945609999995
12.8710845 77.65780810000001
12.893473 77.63412599999992
12.870274 77.65810299999998
12.8981327 77.65232879999996
12.8897497 77.59975310000004
12.8708639 77.65515110000001
12.879918 77.60218699999996
12.889717 77.60223399999995
12.8710061 77.65582419999998
12.8927699 77.61288820000004
12.882985 77.598118
12.8965289 77.63167599999997
12.893786 77.625856
12.8978631 77.64211360000002
12.8702533 77.65651730000002
12.884395 77.60232399999995
12.89339 77.58643800000004
12.899884 77.58988099999999
12.8873984 77.6402779
12.8917139 77.5941891
12.899451 77.61822400000005
12.893352 77.62871300000006
12.897325 77.58869900000002
12.896766 77.59961799999996
12.888613 77.61565900000005
12.8993135 77.65941279999993
12.8961479 77.610949
12.870285 77.65436550000004
12.8973578 77.58877849999999
12.8866856 77.61864689999993
12.8708694 77.65531770000007
12.8883675 77.592083
12.9005524 77.58618109999998
12.8961649 77.58621429999994
12.877886 77.63855899999999
12.8912076 77.61596629999997
12.8981607 77.62165499999992
12.8885682 77.61638740000001
12.892927 77.59553499999993
12.8796169 77.60638519999998
12.8806339 77.60120649999999
12.8974529 77.5887285
12.8867052 77.62187319999998
12.8863238 77.62179779999997
12.8805486 77.60181969999996
12.895159 77.65781300000003
12.8709276 77.65446939999993
12.8814553 77.59694910000007
12.888983 77.60286500000007
12.8817005 77.60344789999999
12.8984775 77.62169389999997
12.88451 77.60355200000004
12.8992556 77.6297171
12.8928157 77.61091680000004
12.8881289 77.61909979999996
12.900137 77.58835199999999
12.895605 77.63288699999998
12.8816014 77.59577530000001
12.8899461 77.63981220000005
12.878834 77.65485000000001
12.890454 77.59529799999996
12.8967698 77.62127439999995
12.8905589 77.59759659999997
12.8725001 77.65278799999999
12.884567 77.602487
12.8947393 77.63452789999997
12.8717065 77.65409829999999
12.8965387 77.58622100000002
12.89003 77.62065400000006
12.888534 77.61637300000007
12.8950602 77.63498660000005
12.900137 77.58835199999999
12.8961139 77.63226680000002
12.8933503 77.62009060000003
12.8984631 77.60717239999997
12.88299 77.65012200000001
12.8759784 77.61586820000002
12.897017 77.60715800000003
12.8704321 77.65473399999996
12.899924 77.64875699999993
12.8759309 77.61698649999994
12.8762333 77.61757399999999
12.8959694 77.63232919999996
12.8762125 77.59919960000002
12.8766187 77.64809349999996
12.8707426 77.65633490000005
12.899132 77.62209600000006
12.8857993 77.59531709999999
12.8934928 77.62568729999998
12.8911475 77.59408889999997
12.8935836 77.6374525
12.8940965 77.63664990000007
12.8977856 77.63001140000006
12.881872 77.62531899999999
12.9043874 77.57917559999999
12.9167346 77.60527780000007
12.912362 77.642203
12.906114 77.59241299999996
12.9052032 77.58583339999996
12.909412 77.56458099999998
12.9187314 77.65180299999997
12.9157745 77.68204790000004
12.910929 77.58016900000007
12.9188202 77.67016669999998
12.9037695 77.58586990000003
12.87459 77.53805990000001
12.909421 77.63781600000004
12.916989 77.59346299999993
12.9034424 77.6024142
12.9118376 77.55280070000003
12.912917 77.64897799999994
12.912999 77.680206
12.9057734 77.5859375
12.9183049 77.55595229999994
12.9112563 77.63791590000005
12.9136932 77.60856239999998
12.9186833 77.59366709999995
12.9188183 77.65176270000006
12.9164936 77.6197171
12.912844 77.637922
12.9143392 77.59890949999999
12.906525 77.58499899999993
12.914617 77.61005
12.8565569 77.58898539999996
12.916267 77.55071699999996
12.911817 77.58278300000006
12.9139929 77.59949189999998
12.898583 77.572317
12.918041 77.59222399999999
12.906531 77.648909
12.915393 77.64387800000009
12.917453 77.63200200000006
12.90299 77.54456000000005
12.916267 77.55071699999996
12.9113696 77.59992290000002
12.917283 77.57883300000003
12.9154016 77.60987449999993
12.8545848 77.6702861
12.91762 77.55614000000003
12.91199 77.58760000000007
12.914531 77.60552430000007
12.908633 77.647517
12.9163193 77.61018179999996
12.9077244 77.54912669999999
12.912217 77.57428299999992
12.8551405 77.6687627
12.9172784 77.57883509999999
12.917713 77.58586079999998
12.9188644 77.59105899999997
12.910491 77.5857168
12.902705 77.59176300000001
12.913489 77.70142699999997
12.9062709 77.64457849999997
12.897792 77.54617099999996
12.9163173 77.61220309999999
12.9102253 77.59035360000007
12.910617 77.58128299999998
12.918167 77.55616699999996
12.918042 77.55708140000002
12.906818 77.632474
12.908817 77.57780000000002
12.916335 77.61017850000007
12.911961 77.5865
12.9090565 77.54927959999998
12.917667 77.57756700000004
12.914333 77.63831700000003
12.9096317 77.606538
12.9062 77.59051699999998
12.9141 77.63544999999999
12.914688 77.609828
12.9161295 77.55434960000002
12.918367 77.55536699999993
12.918822 77.58590900000002
12.9133463 77.61086130000001
12.9064947 77.62998399999992
12.9030141 77.55702610000003
12.9144674 77.60571329999993
12.906933 77.58633299999997
12.9031587 77.67589509999993
12.916733 77.554667
12.917883 77.56016699999998
12.904527 77.60149509999997
12.902641 77.56128110000009
12.9078 77.55404999999996
12.9154987 77.58664679999993
12.9119674 77.58648949999997
12.906283 77.58121699999992
12.9176971 77.5859739
12.912183 77.57851699999992
12.904179 77.58460400000001
12.9084282 77.56255120000003
12.885347 77.58246099999997
12.9189592 77.58580370000004
12.9060575 77.54333350000002
12.90954 77.58636000000001
12.9061849 77.57103400000005
12.892117 77.58163300000001
12.908467 77.58658300000002
12.906872 77.563443
12.917333 77.59503300000006
12.9162036 77.61008040000002
12.91085 77.57905000000005
12.906783 77.60611700000004
12.906717 77.559483
12.914433 77.57901700000002
12.9144361 77.61219940000001
12.8578549 77.58898709999994
12.9066451 77.59920549999993
12.911249 77.59300699999994
12.9173068 77.60712289999992
12.908417 77.63806699999998
12.8916374 77.57512799999995
12.9012959 77.56000979999999
12.912717 77.5589
12.9047848 77.6443961
12.9019887 77.60186529999999
12.908717 77.64723300000003
12.9037255 77.53763900000001
12.895783 77.571867
12.913467 77.55893300000002
12.910383 77.55106699999999
12.9134531 77.60832040000003
12.9162334 77.58614420000004
12.9084147 77.55867130000001
12.911917 77.578983
12.8501799 77.65703200000007
12.8519161 77.66908850000004
12.8513709 77.66899469999998
12.8526105 77.67114979999997
12.8917783 77.57939579999993
12.8612183 77.59977040000001
12.909217 77.58330000000001
12.8656476 77.57970790000002
12.8921973 77.58145809999996
12.9083223 77.56403180000007
12.888117 77.57088299999998
12.9090105 77.54922950000002
12.8818756 77.58493279999993
12.9067908 77.59042399999998
12.9081654 77.54820399999994
12.8826133 77.58407319999992
12.9093563 77.63850200000002
12.9091439 77.54935249999994
12.892428 77.58165050000002
12.910505 77.55816040000002
12.908717 77.55031699999995
12.8909919 77.57184400000006
12.908867 77.60719399999994
12.9027688 77.54473159999998
12.904471 77.56531900000004
12.9019365 77.60163769999997
12.91007 77.56684900000005
12.9044575 77.63634009999998
12.8619799 77.56321159999993
12.901194 77.55897049999999
12.9102265 77.57827180000004
12.888226 77.580239
12.909386 77.57320759999993
12.84899 77.65798399999994
12.907854 77.64908400000002
12.8908504 77.58197810000001
12.9052862 77.5848866
12.849848 77.65448600000002
12.847714 77.67148599999996
12.910585 77.55801900000006
12.9068 77.58698099999992
12.8522614 77.65509180000004
12.8498482 77.65448570000001
12.9093145 77.61124670000004
12.9073637 77.61324420000005
12.8730449 77.5832461
12.9021139 77.58422710000002
12.8652551 77.59861890000002
12.9052555 77.62749450000001
12.9069212 77.5631952
12.9074997 77.55403879999994
12.906547 77.63661030000003
12.910775 77.58611900000005
12.9093259 77.65198669999995
12.9097004 77.58715069999994
12.8901866 77.58199379999996
12.9046303 77.56301989999997
12.855162 77.58812599999999
12.903973 77.58891100000005
12.907183 77.54708299999993
12.8890532 77.57132430000001
12.88694 77.55461400000002
12.8552137 77.58881700000006
12.905516 77.67564600000003
12.8413162 77.6473952
12.841996 77.64567599999998
12.83967 77.64993500000003
12.835415 77.68215209999994
12.8395261 77.65930120000007
12.84053 77.65117899999996
12.8313611 77.68938950000006
12.8405407 77.65077440000005
12.8354864 77.69933319999996
12.8351384 77.69401730000004
12.838017 77.695291
12.8262799 77.67754289999993
12.849132 77.65439700000002
12.8480695 77.67191290000005
12.841322 77.64388299999996
12.850313 77.67168700000002
12.846957 77.64818400000001
12.84939 77.680024
12.850358 77.65350999999998
12.8483585 77.67216770000005
12.823235 77.60313900000006
12.826935 77.58176500000002
12.8733427 77.52798559999997
12.8968024 77.46230229999992
12.873047 77.76612799999998
12.879312 77.44599199999993
12.798471 77.70603400000005
12.777215 77.77064999999993
12.776757 77.76947900000005
12.78587 77.750902
12.8626725 77.65452890000006
12.775585 77.77029399999992
12.897212 77.58221070000002
12.811593 77.68317400000001
12.8795345 77.75354859999993
12.8549316 77.66579239999999
12.889522 77.57985200000007
12.8922071 77.58137290000002
12.892436 77.45700599999998
12.8830901 77.58303079999996
12.882178 77.75475559999995
12.863455 77.57581499999992
12.8776973 77.58422740000003
12.891704 77.55981599999996
12.882678 77.58316689999992
12.8792148 77.58396719999996
12.8969973 77.58184389999997
12.855655 77.58637899999997
12.8955413 77.58163339999999
12.887703 77.58249569999998
12.8068241 77.698444
12.884732 77.55007
12.871386 77.56635800000004
12.8043871 77.69749580000007
12.878468 77.44533100000001
12.868881 77.53616799999998
12.878634 77.56823899999995
12.8807003 77.56828740000003
12.8966646 77.54761289999999
12.881824 77.44773599999996
12.8682462 77.56580459999998
12.884076 77.56994399999996
12.883533 77.58289809999997
12.8858846 77.5710196
12.8701213 77.58175240000003
12.8885708 77.58211340000003
12.894672 77.57217600000001
12.793504 77.50460999999996
12.9026842 77.52029029999994
12.9028917 77.52113150000002
12.9147927 77.52334739999992
12.9028696 77.52050699999995
12.911117 77.52075000000002
12.919628 77.67114049999998
12.924277 77.56473690000007
12.924035 77.63871599999993
12.9224504 77.66834570000003
12.9195615 77.67113640000002
12.926226 77.63372400000003
12.92422 77.51911999999993
12.9285909 77.58304959999998
12.920789 77.58415000000002
12.921995 77.597847
12.928015 77.63729699999999
12.919264 77.66885400000001
12.923418 77.553315
12.929869 77.68483700000002
12.9283535 77.6328972
12.9222551 77.58600909999996
12.928837 77.59132899999997
12.9270278 77.55079780000005
12.9200486 77.58343390000005
12.920767 77.59293300000002
12.934443 77.61338899999998
12.930042 77.62917760000005
12.920422 77.59497599999997
12.9246 77.58601699999997
12.9209318 77.55556739999997
12.926155 77.58650999999998
12.921978 77.62633500000004
12.9298838 77.58423970000001
12.934303 77.61705400000005
12.929283 77.56365000000005
12.9307793 77.58225590000006
12.9337 77.61901699999999
12.925933 77.56386700000007
12.9295678 77.63421679999999
12.9268497 77.61580809999998
12.92872 77.58274099999994
12.9254046 77.56103170000006
12.9273307 77.62872900000002
12.9244421 77.56065239999998
12.9245642 77.55345109999996
12.9259401 77.58304199999998
12.922964 77.56224299999997
12.9648459 77.6751577
12.9392046 77.55336319999992
12.9463143 77.56944840000006
12.9450902 77.57200910000006
12.947872 77.571418
12.9422304 77.57483760000002
12.944567 77.56627700000001
12.944756 77.57103000000006
12.9484425 77.56003750000002
12.9449863 77.5710186
12.942133 77.54971699999999
12.9485982 77.56063790000007
12.94233 77.57106199999998
12.940583 77.57153300000004
12.949246 77.57649500000002
12.945633 77.57095000000004
12.9436996 77.57103689999997
12.94155 77.58764999999994
12.942033 77.55131699999993
12.944933 77.5693
12.9391693 77.55207080000002
12.9422519 77.54862409999998
12.942578 77.54568710000001
12.9391268 77.55326330000003
12.938604 77.57338200000004
12.9409861 77.54406369999992
12.9448827 77.56793300000004
12.947283 77.56451700000002
12.9422304 77.57483760000002
12.942383 77.58513300000004
12.942183 77.5643
12.9443566 77.55602160000001
12.9421412 77.55118459999994
12.9397558 77.56009259999996
12.9416556 77.56215889999999
12.943533 77.56020000000001
12.9416085 77.56232219999993
12.941683 77.55821700000001
12.945061 77.57194379999999
12.9434211 77.559931
12.9427561 77.55499269999996
12.9458811 77.57179889999998
12.9428581 77.54568710000001
12.944433 77.55636700000002
12.94175 77.55848300000002
12.942198 77.54832469999997
12.944417 77.55751699999996
12.940884 77.58514500000001
12.9451885 77.54848500000003
12.9418347 77.56129349999992
12.94408 77.55472899999995
12.9467228 77.55858480000006
12.942254 77.56419200000005
12.944435 77.55635630000006
12.950183 77.57799999999997
12.9546309 77.54929800000002
12.940317 77.54976099999999
12.9446637 77.58945770000003
12.9420553 77.57750720000001
12.947332 77.56048499999997
12.9445452 77.58990029999995
12.941659 77.55790400000001
12.9416551 77.55890720000002
12.943655 77.57092999999998
12.9525786 77.55420849999996
12.939086 77.57225700000004
12.9420621 77.54788889999998
12.9389288 77.55321979999997
12.940855 77.55922550000003
12.9445905 77.55716289999998
12.9483936 77.55306380000002
12.944733 77.5616043
12.94727 77.56157099999996
12.9436184 77.56310540000004
12.9442409 77.55396410000003
12.944875 77.57091200000002
12.9421426 77.57774789999996
12.9421412 77.5578878
12.944185 77.55404399999998
12.9445659 77.5574967
12.942213 77.55658700000004
12.9407612 77.56031789999997
12.9421389 77.56436400000007
12.9400884 77.5577131
12.9397061 77.54508529999998
12.945074 77.54927900000007
12.9405907 77.54785530000004
12.9399816 77.55999299999996
12.9421706 77.55791390000002
12.9432669 77.57297689999996
12.9421921 77.55117930000006
12.9418748 77.55122649999998
12.944311 77.548677
12.9468278 77.55052810000007
12.9440256 77.55406870000002
12.9424186 77.5849442
12.9533422 77.56478240000001
12.9393219 77.56032319999997
12.941752 77.55751229999998
12.942117 77.57536099999993
12.9434459 77.56431700000007
12.9446623 77.55875089999995
12.9416971 77.55883289999997
12.9392951 77.55892849999998
12.9446562 77.55267430000004
12.942547 77.56257800000003
12.9404008 77.56435090000002
12.9457482 77.54827509999996
12.9436161 77.56025720000002
12.9449974 77.54855680000003
12.9451891 77.55699600000003
12.9435867 77.56112389999998
12.9446722 77.55138650000004
12.94765 77.57144300000004
12.943935 77.57095900000002
12.953866 77.55040400000007
12.9451506 77.54858319999994
12.9548398 77.56171059999997
12.94235 77.54494899999997
12.943178 77.56584399999997
12.94606 77.57158800000002
12.9459453 77.55406100000005
12.9524225 77.58095920000005
12.94408 77.55472899999995
12.9484162 77.55113099999994
12.941969 77.55535310000005
12.9399573 77.57563270000003
12.9398855 77.55303839999999
12.940306 77.57129099999997
12.9429672 77.546022
12.953212 77.58114599999999
12.938638 77.552866
12.9398326 77.5451051
12.939053 77.55287799999996
12.9417481 77.56027560000007
12.952917 77.58006
12.9399365 77.58334639999998
12.945546 77.54434830000002
12.9442853 77.55718739999998
12.9466345 77.55404599999997
12.9417223 77.55352070000004
12.9484283 77.57207440000002
12.942017 77.55153300000006
12.9445373 77.55399190000003
12.9467105 77.59117029999993
12.9417004 77.54502690000004
12.9415069 77.58765900000003
12.9533285 77.5647811
12.914717 77.51956700000005
12.902717 77.52075000000002
12.9113537 77.53607379999994
12.90315 77.51710000000003
12.9032639 77.51714340000001
12.9023757 77.5226983
12.902918 77.52196500000002
12.9028629 77.52095880000002
12.902927 77.52022299999999
12.916941 77.52568700000006
12.907805 77.51966300000004
12.9148174 77.54138250000005
12.9029113 77.52109759999996
12.9089638 77.53508299999999
12.904426 77.50518199999999
12.903003 77.52110100000004
12.9026999 77.51973369999996
12.9031669 77.51639569999998
12.9088082 77.53381830000001
12.937825 77.56675889999997
12.9194713 77.58470890000001
12.9293585 77.58221720000006
12.931783 77.583483
12.9294 77.58456999999999
12.928285 77.59701599999994
12.934027 77.60804400000006
12.928653 77.60967499999992
12.921646 77.59055599999999
12.932946 77.58386900000005
12.9271215 77.57920230000002
12.93255 77.583483
12.9309141 77.58116270000005
12.91904 77.59251960000006
12.9343123 77.5847655
12.933727 77.58267999999998
12.9299169 77.56973560000006
12.919633 77.55553299999997
12.9315073 77.57947590000003
12.928945 77.552233
12.9350442 77.55556190000004
12.9211492 77.58181650000006
12.9237471 77.56833069999993
12.93661 77.56979799999999
12.9226708 77.60220090000007
12.931083 77.58605
12.923105 77.59147299999995
12.9235965 77.57024799999999
12.9359895 77.56825119999996
12.919367 77.55799999999999
12.930388 77.55379900000003
12.923089 77.56678099999999
12.9344111 77.559076
12.922504 77.58765900000003
12.9285195 77.58449399999995
12.9245511 77.55106479999995
12.9274529 77.590597
12.92165 77.58433300000002
12.9376622 77.56843260000005
12.9309 77.59255000000007
12.9373956 77.58040759999994
12.9371335 77.56690470000001
12.9267171 77.56460479999998
12.9310942 77.51497419999998
12.9383022 77.55909910000003
12.938483 77.57043299999998
12.9407988 77.541652
12.924207 77.553452
12.943406 77.53794619999996
12.9403887 77.53417910000007
12.929 77.51338299999998
12.9378001 77.55039139999997
12.9249076 77.56479079999997
12.94195 77.49458299999992
12.929283 77.56365000000005
12.920517 77.54293299999995
12.929521 77.55195600000002
12.921951 77.55577330000006
12.9302437 77.56050900000002
12.930267 77.51083300000005
12.922 77.55246699999998
12.927767 77.513867
12.9251159 77.55001119999997
12.9299165 77.55215759999999
12.9375217 77.54885279999996
12.9330489 77.55678880000005
12.925557 77.55332699999997
12.937883 77.56849999999997
12.9259233 77.54227500000002
12.93013 77.53998999999999
12.92065 77.51413300000002
12.9303393 77.5530099
12.9302 77.53953999999999
12.9314337 77.55257469999992
12.9234888 77.51880979999999
12.9249155 77.56471399999998
12.9287548 77.56545099999994
12.929217 77.51101700000004
12.9370571 77.5668296
12.934603 77.562993
12.922383 77.55256699999995
12.931946 77.56553600000007
12.9245534 77.564078
12.9371665 77.54874849999999
12.922183 77.55016699999999
12.925833 77.56459999999993
12.923946 77.56748300000004
12.9361647 77.55367640000009
12.9382063 77.55265250000002
12.9435139 77.5406858
12.926933 77.55078300000002
12.9361754 77.55597239999997
12.9234067 77.55304469999999
12.9310066 77.56698819999997
12.9395222 77.54300119999994
12.9407194 77.54319669999995
12.9309371 77.56701980000003
12.92245 77.55266699999993
12.9292693 77.54866790000005
12.93037 77.53962000000001
12.9473804 77.54055070000004
12.9383527 77.55320970000002
12.9338603 77.55511909999996
12.9251553 77.5621602
12.935389 77.56072300000005
12.9250188 77.55029079999997
12.9366444 77.56236910000007
12.938884 77.53426790000003
12.9242233 77.56680879999999
12.9423676 77.52564600000005
12.924956 77.5498053
12.9250436 77.56549089999999
12.9249557 77.56472310000004
12.943483 77.53753299999994
12.9248436 77.56469760000004
12.9383782 77.55306050000002
12.9340841 77.5682405
12.94834 77.54028599999992
12.9382543 77.55124260000002
12.9338809 77.55840039999998
12.9190843 77.56941089999998
12.9201846 77.511033
12.9202856 77.5625096
12.933667 77.48723999999993
12.9282672 77.56659860000002
12.9365777 77.56163649999996
12.9411837 77.53926490000003
12.932355 77.56420200000002
12.9467748 77.52407229999994
12.9251968 77.56181489999994
12.9270091 77.55193229999998
12.9233306 77.55274259999999
12.9242414 77.56570720000002
12.9341952 77.56687390000002
12.925537 77.56429019999996
12.929706 77.56640349999998
12.9269559 77.57065779999994
12.9269 77.56984999999997
12.927646 77.55188269999996
12.9301087 77.55223539999997
12.936217 77.61611700000003
12.9349968 77.61618390000001
12.9434692 77.60062449999998
12.9195314 77.61238660000004
12.9572664 77.70875980000005
12.9499797 77.70084050000003
12.9380664 77.69863699999996
12.9588906 77.7017042
12.9558928 77.70608579999998
12.937917 77.61873300000002
12.961133 77.70166700000004
12.9566148 77.71470899999997
12.940979 77.62059699999998
12.945571 77.64932799999997
12.940551 77.62377500000002
12.9511982 77.69976629999996
12.955379 77.69927099999995
12.9365835 77.63222640000004
12.9528485 77.69802149999998
12.9593677 77.70098000000007
12.9407927 77.62340219999999
12.9387078 77.69678879999992
12.955253 77.69864899999993
12.9570375 77.71452790000001
12.9566 77.71471700000006
12.9331026 77.62741819999997
12.950329 77.62573599999996
12.9383092 77.63038819999997
12.96046 77.63739179999993
12.9592607 77.66131819999998
12.9472285 77.70363270000007
12.956183 77.694167
12.9536468 77.62139300000001
12.9617518 77.63475689999996
12.9488523 77.70359459999997
12.9587788 77.65273339999999
12.9590797 77.66212910000002
12.950078 77.62381600000003
12.9355975 77.63151649999998
12.9303766 77.63318319999996
12.944117 77.62853300000006
12.960075 77.71371620000002
12.947367 77.62783300000001
12.9603828 77.63592700000004
12.960333 77.65751699999998
12.9560858 77.71406569999999
12.9546626 77.6516193
12.9545907 77.69328610000002
12.9566294 77.70468240000002
12.9543449 77.71158679999996
12.9309935 77.62285829999996
12.9298148 77.63373130000002
12.9593 77.65301699999998
12.93795 77.62646700000005
12.940267 77.62003299999992
12.959233 77.70166700000004
12.959854 77.64045599999997
12.9604474 77.63587430000007
12.951217 77.70771500000001
12.9316556 77.62269590000005
12.935367 77.62339999999995
12.9558205 77.65644250000003
12.9354053 77.62263200000007
12.9555758 77.69795840000006
12.9591622 77.65284589999999
12.938994 77.61960999999997
12.950454 77.62443499999995
12.9472684 77.62819119999995
12.929617 77.63400000000001
12.9560676 77.70869670000002
12.9383736 77.63217629999997
12.9355647 77.62323409999999
12.9316556 77.62269590000005
12.9310068 77.63288850000004
12.9592213 77.65572180000004
12.953498 77.62336400000004
12.9488884 77.70820589999994
12.9557333 77.69760440000005
12.9492061 77.70774119999999
12.959812 77.70224099999996
12.9543097 77.71159349999994
12.9613542 77.70471099999997
12.9306909 77.63311169999997
12.950076 77.62279490000003
12.9564982 77.61932179999997
12.9304442 77.63388050000003
12.945742 77.61836300000004
12.9613369 77.63713370000005
12.948263 77.69951800000001
12.932501 77.63188130000003
12.9604256 77.63736670000003
12.948338 77.61839499999996
12.955931 77.69790450000005
12.9546573 77.65251450000005
12.9364644 77.7038248
12.95507 77.69820419999996
12.941956 77.62803600000007
12.9406946 77.62942269999996
12.9493949 77.69964329999993
12.9356386 77.62452200000007
12.9354977 77.61861069999998
12.9299043 77.63364279999996
12.957602 77.70289639999999
12.9510733 77.62265009999999
12.9331892 77.62303780000002
12.9593103 77.65284509999992
12.9389441 77.61903439999992
12.9483031 77.62378060000003
12.9590036 77.70272840000007
12.9551452 77.69786420000003
12.9343004 77.62905419999993
12.94525 77.67621600000007
12.9333329 77.63204050000002
12.9361212 77.62235199999998
12.9331528 77.62772399999994
12.9471004 77.6284829
12.9553474 77.65326959999993
12.9414416 77.6192155
12.9352883 77.62287600000002
12.9360199 77.62083589999997
12.940769 77.625857
12.9516236 77.7000342
12.953778 77.62057900000002
12.9322428 77.62771010000006
12.930846 77.63277800000003
12.929468 77.6306955
12.9564681 77.61960679999993
12.9610813 77.64634939999996
12.940176 77.61801620000006
12.9546035 77.65312340000003
12.933067 77.62759900000003
12.958885 77.63827700000002
12.9304373 77.62230629999999
12.95727 77.70286490000001
12.9546129 77.65321849999998
12.9578676 77.65403659999993
12.94494 77.61909600000001
12.9586306 77.65666999999996
12.9407394 77.61956080000004
12.95854 77.63828999999998
12.9323457 77.6325736
12.9570548 77.65397229999996
12.9590285 77.70288699999992
12.957285 77.7028666
12.9553089 77.65341439999997
12.951046 77.624234
12.9566015 77.65480609999997
12.9593131 77.65281630000004
12.9361888 77.61955250000005
12.9553284 77.71488729999999
12.9292796 77.62925369999994
12.9327866 77.62741749999998
12.9371365 77.62733560000004
12.9479123 77.62455239999997
12.9610366 77.64624649999996
12.9559387 77.69381269999997
12.940734 77.62415899999996
12.942889 77.62841300000002
12.957135 77.70070899999996
12.974133 77.54949999999997
12.9702242 77.55409550000002
12.9707028 77.56091219999996
12.9812451 77.55150649999996
12.9841033 77.55565449999995
12.9834659 77.55561460000001
12.975636 77.55622900000003
12.9704529 77.56064409999999
12.9713383 77.57335349999994
12.9756217 77.54226319999998
12.9758581 77.55847819999997
12.9704046 77.5781134
12.9715141 77.56219850000002
12.971797 77.54080599999998
12.9723375 77.55243519999999
12.9703262 77.5795349
12.9758245 77.54229710000004
12.9757532 77.55860289999998
12.9733268 77.55788280000002
12.9707555 77.58056850000003
12.9716117 77.5721436
12.975636 77.55622900000003
12.973033 77.54996699999992
12.9701815 77.57022380000001
12.975636 77.55622900000003
12.9722973 77.57439790000001
12.971914 77.57225199999993
12.984544 77.56269299999997
12.981937 77.544984
12.975636 77.55622900000003
12.9711302 77.55651420000004
12.971027 77.55318699999998
12.984982 77.55334399999992
12.9729504 77.54871100000003
12.9721464 77.54411200000004
12.9815965 77.55034980000005
12.981568 77.55404049999993
12.9711622 77.55638309999995
12.973197 77.56044299999996
12.973966 77.55803100000003
12.9836335 77.55464899999993
12.970393 77.57178399999998
12.977152 77.54151730000001
12.9707123 77.55860359999997
12.98213 77.55147
12.9736201 77.55790419999994
12.9786232 77.57701509999993
12.9719728 77.55154879999998
12.976842 77.55405399999995
12.9655405 77.55245839999998
12.965409 77.554753
12.971417 77.50818300000003
12.9558535 77.55810710000003
12.9685778 77.52548130000002
12.960883 77.54971699999999
12.965767 77.53646700000002
12.955248 77.557366
12.975917 77.53286700000001
12.955697 77.56757289999996
12.959433 77.524317
12.9598309 77.53205609999998
12.9681502 77.52918120000004
12.96411 77.53173500000003
12.969819 77.5222976
12.967317 77.54186700000002
12.960932 77.54826400000002
12.9576973 77.52726669999993
12.9642504 77.52200419999997
12.9550406 77.52712889999998
12.960399 77.508103
12.967267 77.54231700000003
12.959135 77.50037599999996
12.9561058 77.55843819999996
12.9589143 77.54378369999995
12.955456 77.53059200000007
12.967429 77.50363800000002
12.9740733 77.53370610000002
12.96974 77.53670699999998
12.956663 77.54191100000003
12.959023 77.532871
12.965101 77.56925899999999
12.9644859 77.52581800000007
12.969018 77.51883900000007
12.952633 77.527917
12.9518189 77.52688349999994
12.961111 77.52049299999999
12.961924 77.52153799999996
12.9685942 77.52460489999999
12.9679176 77.52276059999997
12.9667938 77.54398179999998
12.9667772 77.53297280000004
12.9731464 77.53784999999993
12.9633931 77.55902409999999
12.959107 77.53867000000002
12.9591532 77.51922850000005
12.9592915 77.52096789999996
12.956989 77.56373299999996
12.9614381 77.52626050000003
12.9646398 77.55415189999997
12.9557668 77.54133209999998
12.95789 77.56353899999999
12.9572004 77.58852060000004
12.9666247 77.5914037
12.9624726 77.59290839999994
12.9623863 77.59312699999998
12.9665309 77.59102580000001
12.9670309 77.58050370000001
12.9672778 77.58014209999999
12.959983 77.54621700000007
12.957288 77.567226
12.961027 77.54760199999998
12.9637995 77.55680050000001
12.956909 77.56339600000001
12.9652083 77.59055609999996
12.958208 77.55913199999998
12.968702 77.57064600000001
12.965109 77.59004920000007
12.9657827 77.59283499999992
12.958782 77.57896900000003
12.966163 77.59409660000006
12.960255 77.58870300000001
12.9636109 77.59241789999999
12.956989 77.56373299999996
12.9597157 77.54911440000001
12.957376 77.58800300000007
12.959615 77.56519000000003
12.966791 77.59260799999993
12.9663519 77.59264689999998
12.9570622 77.56757770000002
12.9625921 77.55276830000003
12.967395 77.58200599999998
12.9602712 77.5469587
12.962616 77.56591600000002
12.966716 77.58071380000001
12.9586096 77.55605220000007
12.9623912 77.55311770000003
12.9668818 77.592086
12.962322 77.54839700000002
12.9572439 77.5622548
12.968089 77.54640500000005
12.958746 77.55119400000001
12.9672134 77.59194309999998
12.956989 77.56373299999996
12.964573 77.54960600000004
12.9591735 77.56332429999998
12.968488 77.58254
12.963983 77.55683299999998
12.959475 77.56099500000005
12.9607033 77.58086019999996
12.964573 77.54960600000004
12.967941 77.56247899999994
12.9606419 77.58104639999999
12.9660304 77.59009349999997
12.9586596 77.58761470000002
12.965756 77.58247200000005
12.959867 77.56178
12.9860553 77.67018480000002
12.985762 77.58415020000007
12.9864755 77.59578740000006
12.987267 77.60616700000003
12.985709 77.60826900000006
12.987 77.60421700000006
12.9865548 77.60018179999997
12.985533 77.59768299999996
12.9844 77.60331700000006
12.9851625 77.60760979999998
12.9897118 77.60921359999998
12.988417 77.60608300000001
12.9907051 77.59330810000006
12.988333 77.609733
12.986467 77.60848299999998
12.9913952 77.59401430000003
12.987533 77.6055
12.986517 77.61123299999997
12.9882281 77.5938122
12.9893242 77.60735339999997
12.985611 77.59614850000003
12.9854425 77.60127290000003
12.988167 77.60966699999994
12.9874703 77.6054464
12.984894 77.609193
12.986801 77.60939800000006
12.9925928 77.60960139999997
12.980126 77.63930800000003
12.9800577 77.63557830000002
12.9773892 77.61762290000001
12.983817 77.65665000000001
12.977833 77.61795000000006
13.0048917 77.62322429999995
12.99345 77.60709999999995
12.983783 77.61426699999993
12.999117 77.61201699999992
12.9970246 77.61418079999999
13.007817 77.64131700000007
12.997767 77.60951699999998
12.978346 77.6407868
13.012889 77.64851299999998
13.0118584 77.63418780000006
13.011367 77.63956699999994
13.011708 77.63530600000001
12.9947576 77.6152601
12.992533 77.59206700000004
12.9921561 77.59200520000002
12.9924051 77.59402690000002
12.996098 77.61322480000001
12.996421 77.61529080000003
12.99255 77.57601699999998
12.995868 77.61313500000006
12.9904932 77.5758697
13.005083 77.61228299999993
12.9997748 77.61111149999999
12.996553 77.61236800000006
12.999821 77.61153100000001
13.002033 77.61143300000003
12.9923854 77.57605269999999
13.00666 77.61301000000003
12.9961786 77.61374950000004
12.9970937 77.61415480000005
12.996419 77.61391200000003
13.056492 77.62929699999995
13.056011 77.63263699999993
13.0568434 77.63302190000002
13.058153 77.59500500000001
13.05725 77.58862599999998
13.0533558 77.5119932
13.054008 77.50532699999997
13.065872 77.45259999999996
13.0531426 77.60420690000001
13.054083 77.51106700000003
12.9856826 77.66841799999997
12.984693 77.67540400000007
12.985917 77.66871700000002
12.9855434 77.67344120000007
12.992321 77.508418
13.00168 77.53648950000002
12.9846374 77.48383639999997
12.9785789 77.48234449999995
12.9513272 77.49936639999999
12.9636518 77.50484310000002
12.9513311 77.49226650000003
12.961473 77.50895300000002
12.9513236 77.49527230000001
12.9590824 77.50033029999997
12.9518865 77.49731680000002
12.9502107 77.49129160000007
12.9513252 77.49388529999999
12.9580032 77.5016329
12.9632688 77.5049735
12.963159 77.50493699999993
12.9513138 77.49439289999998
12.96328 77.70229100000006
12.989508 77.7021459
12.9814104 77.67995100000007
12.984037 77.67880600000001
12.92884 77.58267999999998
12.930933 77.576683
12.9306364 77.58454089999998
12.930933 77.576683
12.93 77.57113300000003
12.9316051 77.58347530000003
12.9368 77.57913299999996
12.931791 77.57945240000004
12.9278127 77.58076670000003
12.9226071 77.58568420000006
12.928783 77.58156699999995
12.9267157 77.57342619999997
12.9374752 77.57192150000003
12.9272359 77.58955149999997
12.9308467 77.58473090000007
12.923789 77.57274200000006
12.927066 77.58994200000006
12.938217 77.58648300000004
12.9226976 77.57202000000007
12.9310046 77.57671989999994
12.931455 77.58373660000007
12.931204 77.5782706
12.933593 77.5925929
12.9306298 77.57390899999996
12.9232858 77.58229269999993
12.923774 77.57127000000003
12.9223973 77.57620629999997
12.9302106 77.5817773
12.935685 77.57388820000006
12.928165 77.58525570000006
12.9298838 77.58423970000001
12.928222 77.57198199999993
12.9293077 77.59267539999996
12.9335384 77.59258350000005
12.9280195 77.56294279999997
12.934391 77.58878890000005
12.9255298 77.56428349999999
12.9306909 77.59242560000007
12.9273264 77.55272149999996
12.9317987 77.57254609999995
12.9256576 77.56147829999998
12.924059 77.55135500000006
12.928004 77.56495199999995
12.9287162 77.59255600000006
12.9300851 77.55216999999993
12.9230561 77.59138559999997
12.9310272 77.57671660000005
12.92552 77.56433100000004
12.9229982 77.57428349999998
12.925179 77.56469300000003
12.9237894 77.57632969999997
12.9349234 77.58199939999997
12.925446 77.560699
12.928612 77.5625341
12.9256671 77.54977050000002
12.929811 77.58434899999997
12.9349802 77.55218579999996
12.922386 77.56674900000007
12.9265427 77.58154549999995
12.9288296 77.55310140000006
12.9233168 77.57027049999999
12.926127 77.548768
12.9330195 77.57930859999999
12.9729791 77.63571909999996
12.96225 77.63773300000003
12.976567 77.61691700000006
12.9677379 77.64158599999996
12.973833 77.63581699999997
12.974683 77.62554999999998
12.966806 77.63733300000001
12.9698792 77.6390156
12.9677362 77.64153869999996
12.9734629 77.62045549999993
12.969744 77.63282700000002
12.9700467 77.64186949999998
12.9636047 77.64108770000007
12.9694583 77.63263059999997
12.975317 77.623917
12.9650463 77.63511169999992
12.9652208 77.63521379999997
12.9747107 77.6267408
12.975583 77.62548300000003
12.976117 77.62278300000003
12.971817 77.64113299999997
12.970528 77.63810680000006
12.9576281 77.61483010000006
12.890009 77.58195999999998
12.873338 77.56668200000001
12.8791684 77.56743549999999
12.8665464 77.58093740000004
12.8836212 77.57061320000003
12.882563 77.58337600000004
12.861212 77.50460999999996
12.880721 77.54580099999998
12.8776479 77.58408789999999
12.8747756 77.54114579999998
12.8839134 77.57045760000005
12.8855179 77.57534759999999
12.9706019 77.62765650000006
12.9731036 77.6290176
12.9669994 77.60768669999993
12.970463 77.61274400000002
12.9732107 77.62845909999999
12.9745395 77.62678800000003
12.973081 77.60708299999999
12.973695 77.628152
12.9730582 77.60708120000004
12.9710073 77.60709629999997
12.9700602 77.61045319999994
12.9697589 77.61064520000002
12.971848 77.62825020000002
12.969948 77.60966600000006
12.9702576 77.60940490000007
12.9709149 77.62784620000002
12.9748958 77.63005750000002
12.9733692 77.62926709999999
12.9690189 77.60960249999994
12.955675 77.71867769999994
12.9611804 77.71674200000007
12.9602929 77.60168420000002
12.804298 77.78289199999995
12.778799 77.773323
12.859989 77.79153399999996
12.8610385 77.78253659999996
12.869582 77.76952600000004
12.7809635 77.77110640000001
12.8612507 77.77678160000005
12.785124 77.639456
12.784679 77.63958300000002
12.871943 77.461771
12.783542 77.64059700000007
12.86162 77.77183600000001
12.861277 77.787011
12.783179 77.77279699999997
12.971833 77.65496699999994
12.9686675 77.64411369999993
12.9716427 77.6452875
12.980483 77.67846699999996
12.9733197 77.65372430000002
12.969117 77.64783299999999
12.9853149 77.66484220000007
12.983467 77.65710000000001
12.982167 77.680117
12.9732 77.64548779999996
12.9858051 77.67193399999996
12.9844157 77.67695909999998
12.990164 77.67580269999996
12.9757019 77.66607469999997
12.98515 77.674083
12.9624651 77.64268259999994
12.9765226 77.66477020000002
12.979633 77.67968300000007
12.97263 77.67988809999997
12.967601 77.64794499999994
12.9792375 77.67943809999997
12.9715062 77.65504420000002
