12.963513 77.584205
12.9638384 77.58370309999998
12.9597352 77.56752899999992
12.967385 77.57433200000003
12.9800978 77.60728879999999
12.970915 77.56266099999993
12.967725 77.57405900000003
12.969267 77.57543299999998
12.9823662 77.60609420000003
12.963725 77.58479109999996
12.9679764 77.57435290000001
12.9820657 77.59877979999999
12.9821992 77.6072441
12.967496 77.608247
12.972787 77.60747549999996
12.968567 77.57436699999994
12.9676275 77.57430199999999
12.9644437 77.57868659999997
12.958102 77.57630999999992
12.966916 77.542866
12.969444 77.53791609999996
12.9678875 77.57474879999995
12.9725666 77.60562299999992
12.964076 77.583756
12.980701 77.607486
12.9691582 77.57525169999997
12.9802042 77.55542170000001
12.982008 77.60686399999997
12.9816776 77.60798049999994
12.9668962 77.57531210000002
12.9816776 77.60798049999994
12.9698945 77.57565260000001
12.9716527 77.57647220000001
12.976594 77.59927100000004
12.981495 77.60781199999997
12.9675161 77.57197199999996
12.9788476 77.54092639999999
12.9539586 77.54350509999995
12.981715 77.58692999999994
12.978067 77.54461700000002
12.964712 77.57370330000003
12.967726 77.57443050000006
12.9659129 77.57773320000001
12.9685605 77.57303189999993
12.9726872 77.5770728
12.96873 77.57440900000006
12.9715987 77.59456269999998
12.9677969 77.57392430000004
12.9675161 77.57197199999996
12.9695878 77.55725059999997
12.9823254 77.60617400000001
12.9789554 77.57483760000002
12.9675161 77.57197199999996
12.9595036 77.56180429999995
12.9677899 77.57446809999999
12.9640987 77.5824232
12.978872 77.54379999999992
12.9715987 77.59456269999998
12.969458 77.53804400000001
12.9539373 77.55193229999998
12.9675161 77.57197199999996
12.97131 77.53051800000003
12.968086 77.57345299999997
12.9715987 77.59456269999998
12.9767689 77.57796400000007
12.9639107 77.58399069999996
12.979368 77.55494899999997
12.9642099 77.55381520000003
12.9707274 77.52607179999995
12.963009 77.59994099999994
12.962817 77.53789400000005
12.951233 77.52658300000007
12.96432 77.56346699999995
12.9782051 77.54465419999997
12.953068 77.57467700000007
12.9715987 77.59456269999998
12.955506 77.539894
12.9635303 77.56845339999995
12.9688619 77.57365170000003
12.9517847 77.53479700000003
12.9761208 77.53248359999998
12.982067 77.59870339999998
12.967319 77.57272880000005
12.963163 77.58275230000004
12.982382 77.60625900000002
12.967172 77.54250100000002
12.966642 77.57345439999995
12.9558062 77.54128400000002
12.9694027 77.57447939999997
12.967983 77.57338299999992
12.9538918 77.55329080000001
12.9692441 77.55880550000006
12.9540859 77.56507039999997
12.9731386 77.57728550000002
12.964712 77.57370330000003
12.968926 77.57406900000001
12.9748035 77.5583656
12.9653992 77.55670529999998
12.969517 77.57518299999992
12.9633329 77.55715370000007
12.971599 77.594563
12.9610368 77.54977859999997
12.982216 77.60608350000007
12.9715987 77.59456269999998
12.929958 77.58286199999998
12.9432996 77.62153030000002
12.9565185 77.70079329999999
12.96648 77.63713600000005
12.9762231 77.62688170000001
12.9169395 77.60030699999993
13.0125545 77.62756480000007
12.9918142 77.57015290000004
12.922654 77.63920499999995
12.910341 77.67953
12.9383948 77.63135720000002
13.000187 77.61805600000002
12.983574 77.560201
12.973483 77.615767
12.957135 77.70014900000001
12.969556 77.51568999999995
12.9969147 77.57545800000003
13.003368 77.57127500000001
13.0006509 77.53536359999998
12.98506 77.54691100000002
12.9330808 77.579339
12.9565341 77.70070599999997
12.9600885 77.61547359999997
12.9458744 77.60280450000005
13.0192143 77.55724310000005
12.972673 77.51268099999993
12.972567 77.65087700000004
12.9243554 77.57735230000003
12.9872727 77.61639009999999
12.9683083 77.75641919999998
13.0056306 77.63619530000005
12.933081 77.579339
12.922516 77.58592599999997
12.9644405 77.7121558
12.948883 77.52661699999999
12.9935968 77.5559174
13.0203241 77.55718690000003
12.924917 77.60763299999996
12.9241207 77.61861999999996
12.916576 77.61011600000006
12.9320072 77.54489220000005
12.9985416 77.55583760000002
12.921794 77.586005
13.005812 77.55693199999996
12.9372881 77.55830900000001
12.925767 77.57361700000001
13.024594 77.58973300000002
12.911579 77.48478
12.999 77.57351700000004
13.0081369 77.55466560000002
12.9896975 77.60920190000002
13.0158837 77.63599969999996
12.9972985 77.57530040000006
13.0285291 77.55895499999997
12.9061 77.6277
12.9143355 77.5880108
12.946062 77.60267999999996
12.9943471 77.58054809999999
13.009467 77.61011699999995
12.9259433 77.5736968
12.997317 77.65470000000005
12.9863648 77.58200119999992
12.9980146 77.55801550000001
13.023117 77.58473300000003
12.9293858 77.57628309999996
12.9902377 77.55979249999996
12.980359 77.61731800000007
12.9912753 77.58128490000001
12.990581 77.60551199999998
12.9252801 77.60866399999998
12.9615472 77.68782829999998
13.013967 77.61339999999996
12.971909 77.63294599999995
13.012717 77.61646700000006
12.943147 77.56525399999998
13.029583 77.60776699999997
12.9095004 77.56398880000006
12.9846155 77.67531959999997
12.9268205 77.57341339999994
13.007579 77.69705099999999
12.998015 77.55882399999996
12.9976546 77.57843690000004
13.0099069 77.61193649999996
13.025067 77.55756700000006
12.9437949 77.5267758
13.0104267 77.62387969999997
13.0092279 77.69684239999992
12.9320813 77.56404479999992
12.923417 77.54348299999992
13.0006282 77.61602289999996
13.013733 77.61336699999993
12.9936125 77.67531259999998
12.9899588 77.56796120000001
12.9874689 77.60492180000006
13.0088444 77.59424960000001
12.9024515 77.58722749999993
13.0283359 77.6635225
12.9647104 77.67596040000001
12.9900642 77.50283139999999
13.020723 77.592444
13.021003 77.67747899999995
12.9348011 77.57393580000007
12.9624638 77.67101709999997
13.0190758 77.52029360000006
12.9441282 77.52577680000002
13.008115 77.63569099999995
13.0151092 77.60694579999995
13.008055 77.63554499999998
12.9619534 77.50394959999994
12.9568714 77.65498550000007
13.0191966 77.53060540000001
12.9397078 77.57938739999997
12.973734 77.67350499999998
13.0288172 77.55918459999998
13.0001191 77.61817259999998
13.0131688 77.60800119999999
12.9226136 77.58564369999999
12.96112 77.70448529999999
12.923644 77.56891610000002
13.006084 77.61235599999998
13.0115381 77.61194679999994
12.9411992 77.54905699999995
13.0079107 77.62111720000007
12.904951 77.6273923
12.9476748 77.49698920000003
12.9225541 77.56982760000005
12.869836 77.65277100000003
12.8478685 77.58827050000002
12.8699331 77.62783769999999
12.894893 77.58167600000002
12.88908 77.58205099999998
12.880631 77.59591599999999
12.8813033 77.5960801
12.8809644 77.59594730000003
12.894917 77.63491699999997
12.802615 77.70269899999994
12.889846 77.60043799999994
12.710312 77.69284900000002
12.8863902 77.55888600000003
12.911375 77.48450400000002
12.711531 77.69881199999998
12.935571 77.5705911
12.9225356 77.58568430000003
12.9195709 77.63281400000005
12.9212578 77.4841083
12.9163511 77.56927680000001
12.9423761 77.60057899999993
12.93751 77.49275899999998
12.9350141 77.57523700000002
12.890003 77.56391200000007
12.928577 77.59442450000006
12.94183 77.55531700000006
12.911815 77.55531399999995
12.916608 77.569075
12.782185 77.77199100000007
12.923824 77.62877700000001
12.8941948 77.58183489999999
12.920082 77.61763129999997
12.9134929 77.67852599999992
12.9259687 77.58802880000007
12.943782 77.62119699999994
12.889013 77.58204699999999
12.8719951 77.65393700000004
12.9347435 77.57393609999997
12.928347 77.59445870000002
12.93343 77.54260599999998
12.9085213 77.6103521
12.8948155 77.63597750000008
12.879007 77.60261300000002
12.903888 77.544265
12.922256 77.61943599999995
12.91555 77.51346999999998
12.8987703 77.57206900000006
12.881599 77.56706600000007
13.0308352 77.56014189999996
13.033267 77.55831699999999
13.033667 77.61658299999999
13.057985 77.58656999999994
13.0495743 77.50749810000002
13.038283 77.573983
13.034017 77.61533299999996
13.0506871 77.51520479999999
13.0442908 77.51326859999995
13.0681411 77.59273269999994
13.092767 77.5838
13.0874636 77.58735219999994
13.0929284 77.58385150000004
13.1375927 77.60323649999998
13.0722 77.56631700000003
13.104245 77.57131900000002
13.033498 77.62239399999999
13.069593 77.78681400000005
13.0329698 77.55492359999994
13.0313403 77.50275490000001
13.0595079 77.57678839999994
13.0977413 77.56398969999998
12.9613025 77.50450449999994
13.003964 77.52620100000001
12.9938389 77.5489996
13.0058017 77.63619119999998
13.01703 77.66884499999992
12.9653089 77.6571983
13.0307977 77.50777649999998
13.0190644 77.53766300000007
13.067094 77.78126100000009
13.0332543 77.55839370000001
12.989907 77.57099700000003
13.07 77.79999999999995
13.023668 77.58494799999994
13.0060388 77.70018720000007
12.993014 77.4827649
13.015011 77.65115200000002
13.036464 77.57676300000003
13.000777 77.53531599999997
12.9896223 77.60799539999994
13.0049262 77.63594719999992
12.973619 77.68051100000002
13.0138247 77.61043670000004
13.0097492 77.60866639999995
13.01119 77.61549100000002
13.021758 77.60297600000001
13.0180112 77.61283860000003
13.03629 77.62307099999998
13.0170783 77.61244429999999
13.018546 77.55781679999996
13.0604184 77.57636860000002
13.0974498 77.57851719999996
13.018804 77.557234
13.048604 77.64547199999993
13.0970252 77.57804529999999
13.0519269 77.51352640000005
13.029677 77.604557
13.018418 77.60189100000002
13.032333 77.56023299999993
13.0100916 77.61105629999997
13.007764 77.59412299999997
13.0099348 77.64332460000003
13.0105267 77.61332540000001
13.0102183 77.60982650000005
13.0153365 77.6073642
13.0011115 77.5712724
13.0103203 77.60977419999995
12.9579927 77.70286450000003
12.9556 77.6917148
12.9750528 77.62624219999998
12.9580428 77.70102350000002
12.9698963 77.64009529999998
12.971735 77.65782560000002
12.9831107 77.61088930000005
12.9631395 77.67244529999994
12.9668368 77.64192309999999
12.978592 77.62922400000002
12.981731 77.64504
12.972563 77.63925870000003
12.97333 77.513417
12.9900097 77.56397140000001
12.9900398 77.5500548
12.992137 77.720959
12.9900712 77.54852460000006
