12.9763825 77.57823170000006
12.9750354 77.60527690000004
12.9753779 77.60367329999997
12.95862 77.56517099999996
12.9731895 77.60821039999996
12.958567 77.55926699999998
12.9753292 77.60557570000003
12.9754001 77.60484559999998
12.972233 77.58098300000006
12.9613284 77.57538150000005
12.9744858 77.60760379999999
12.975343 77.57869000000005
12.9742193 77.60994549999998
12.9790942 77.57940380000002
12.9611162 77.57557999999995
12.9735605 77.60131999999999
12.97727 77.57732199999998
12.9634479 77.59436219999998
12.9747963 77.60966080000003
12.974756 77.60983220000003
12.97958 77.58389
12.9756647 77.57753060000005
12.968702 77.57901420000007
12.975627 77.57800900000007
12.9701896 77.57999819999998
12.9591456 77.58989429999997
12.974481 77.57821799999999
12.9698269 77.57561110000006
12.967244 77.57791799999995
12.9715987 77.59456269999998
12.974833 77.60531700000001
12.9549602 77.56522500000005
12.96555 77.53711699999997
12.9748 77.60571700000003
12.958505 77.51916600000004
12.9658683 77.57776330000002
12.9702267 77.58001519999993
12.960259 77.6004964
12.967233 77.58611700000006
12.971151 77.60837830000003
12.9713761 77.58034580000003
12.9793024 77.5771168
12.9751 77.60563300000001
12.96997 77.57562050000001
12.966535 77.57614699999999
12.9672505 77.59939020000002
12.975737 77.60223999999994
12.9666322 77.60811790000002
12.968186 77.57874400000003
12.966408 77.57830000000001
12.9635207 77.5821062
12.9726081 77.58432560000006
12.971308 77.58030200000007
12.970942 77.52945399999999
12.9754138 77.53594640000006
12.97794 77.57660799999996
12.9566805 77.52891890000001
12.977084 77.57991100000004
12.9709983 77.58082890000003
12.968732 77.57466899999997
12.9796951 77.57712500000002
12.9665505 77.57811579999998
12.9704269 77.57990500000005
12.9701259 77.61040530000002
12.9704675 77.58009770000001
12.9733602 77.58052129999999
12.9752907 77.606266
12.9719702 77.58062789999997
12.9689839 77.57934380000006
12.971167 77.58028300000001
12.9756838 77.6031726
12.9506989 77.57948590000001
12.9622665 77.57591500000001
12.9725639 77.60797939999998
12.9653468 77.5774083
12.968702 77.57901420000007
12.9739502 77.57948950000002
12.975617 77.57846700000005
12.968835 77.57813199999998
12.972417 77.58108300000004
12.982761 77.55692099999999
12.9662113 77.57767719999993
12.9688101 77.57901370000002
12.967985 77.57862799999998
12.962553 77.61116300000003
12.980076 77.59512700000005
12.9697553 77.5758783
12.958683 77.53551700000003
12.9677182 77.57873810000001
12.971343 77.58025900000007
12.966617 77.57786699999997
12.968702 77.57901420000007
12.970876 77.58011190000002
12.9693232 77.57632690000003
12.97205 77.58086700000001
12.967517 77.523867
12.9696792 77.57961939999996
12.9760648 77.60102759999995
12.9715987 77.59456269999998
12.9748 77.60571700000003
12.95685 77.58112000000006
12.9589031 77.54899120000005
12.9696368 77.60561229999996
12.9806791 77.57909110000003
12.953305 77.58006899999998
12.969013 77.57980599999996
12.9719312 77.59479439999996
12.967517 77.54122400000006
12.9711787 77.58029399999998
12.970142 77.58014200000002
12.967894 77.61188500000003
12.9646131 77.57902769999998
12.981333 77.61148300000002
12.971583 77.570333
12.9676564 77.57789170000001
12.966283 77.57888300000002
12.9645749 77.57711549999999
12.9672505 77.59939020000002
12.9750202 77.5541829
12.966305 77.58096499999999
12.9549283 77.5659177
12.973033 77.55023299999993
12.9689059 77.52457579999998
12.962883 77.57640900000001
12.9661816 77.5235361
12.95875 77.55926699999998
12.972417 77.58108300000004
12.9745982 77.60150580000004
12.968033 77.57691699999998
12.970367 77.58006699999999
12.9677455 77.52388300000007
12.9664639 77.57780049999997
12.9687042 77.57916339999997
12.97345 77.57526699999994
12.975564 77.57842800000003
12.976283 77.52845000000002
12.961004 77.58729399999993
12.970937 77.57284789999994
12.9660641 77.57780439999999
12.970767 77.58053300000006
12.971767 77.58063300000003
12.968396 77.57947300000001
12.970767 77.58053300000006
12.966524 77.57775700000002
12.9720202 77.59562600000004
12.970204 77.58710300000007
12.971533 77.58063300000003
12.970733 77.580783
12.967833 77.57719999999995
12.967518 77.60709999999995
12.9789554 77.57483760000002
12.968438 77.58038499999998
12.9719702 77.58062789999997
12.9699953 77.57967699999995
12.9739414 77.60773689999996
12.972183 77.58095000000003
12.959845 77.53216299999997
12.958983 77.524767
12.956998 77.56569300000001
12.9717694 77.58055680000007
12.967983 77.54521699999998
12.9725 77.58113300000002
12.9526315 77.56449270000007
12.970306 77.58004400000004
12.9537602 77.56741469999997
12.971267 77.57404999999994
12.970983 77.58018300000003
12.968702 77.57901420000007
12.974483 77.53076699999997
12.961167 77.54661699999997
12.956815 77.51861800000006
12.9719702 77.58062789999997
12.960867 77.54938300000003
12.972183 77.58095000000003
12.9756929 77.57850150000002
12.965855 77.57825700000001
12.9595665 77.56180310000002
12.969128 77.58038499999998
12.965 77.52326700000003
12.968169 77.57026429999996
12.9588109 77.53532139999993
12.9663999 77.57795229999999
12.9571 77.53208300000006
12.966375 77.57840399999998
12.968702 77.57901420000007
12.971867 77.58073300000001
12.967985 77.57862799999998
12.9772295 77.57568220000007
12.961137 77.520535
12.974017 77.57553299999995
12.9761476 77.5264171
12.96655 77.57783300000006
12.951367 77.53981699999997
12.9709 77.58015
12.972583 77.53795000000002
12.9703 77.58005000000003
12.9706512 77.58000500000003
12.968856 77.60173600000007
12.971767 77.58063300000003
12.9733216 77.57559530000003
12.971267 77.58051699999999
12.9724856 77.57445740000003
12.9712298 77.58027570000002
12.9713736 77.58034459999999
12.970617 77.57998299999997
12.9708 77.58013299999993
12.9706276 77.57999949999999
12.9705641 77.58017280000001
12.9709858 77.58015279999995
12.9719702 77.58062789999997
12.9719189 77.58085929999993
12.971211 77.58015899999998
12.9711161 77.58057099999996
12.9706699 77.58018140000001
12.9726179 77.57453169999997
12.971195 77.580242
12.9713744 77.58034499999997
12.9717739 77.58055960000002
12.9732261 77.57483789999992
12.9716017 77.58064430000002
12.971498 77.58075199999996
12.970676 77.58002269999997
12.971261 77.58024599999999
12.9698374 77.57951079999998
12.970329 77.57986000000005
12.9719787 77.58082579999996
12.970745 77.58025900000007
12.9709 77.58015
12.9722917 77.58107050000001
12.9703933 77.57988950000004
12.9712574 77.5802883
12.9696429 77.5795574
12.9709457 77.58014709999998
12.9719702 77.58062789999997
12.9712304 77.5804779
12.9713822 77.58034889999999
12.970738 77.58039699999995
12.9717419 77.58053970000003
12.970784 77.58030200000007
12.9705775 77.58017930000005
12.9703615 77.58013310000001
12.970852 77.58125799999993
12.9705647 77.57996939999998
12.971446 77.58034199999997
12.971017 77.58018300000003
12.9713209 77.58052369999996
12.971098 77.57392260000006
12.964183 77.55123300000002
12.9674792 77.57902239999999
12.970667 77.56086700000003
12.9648033 77.56995440000003
12.970014 77.57144800000003
12.9756 77.57618300000001
12.9715987 77.59456269999998
12.977454 77.57693399999994
12.964464 77.55384400000003
12.972965 77.57335799999998
12.9753576 77.55855339999994
12.966383 77.57851699999992
12.965854 77.57825600000001
12.976948 77.57881900000007
12.975636 77.55622900000003
12.964781 77.577134
12.9674719 77.59254629999998
12.963532 77.57172000000003
12.963521 77.58210600000007
12.967067 77.583303
12.9746526 77.55689849999999
12.965903 77.57659699999999
12.9670128 77.5919867
12.9700439 77.57256789999997
12.9679864 77.5786286
12.975743 77.55857800000001
12.975636 77.55622900000003
12.970364 77.57339100000002
12.96351 77.558585
12.969347 77.57273599999996
12.975607 77.57658100000003
12.9684051 77.57027649999998
12.968047 77.57025799999997
12.9686352 77.57906000000003
12.967985 77.57862799999998
12.9680153 77.57524969999997
12.965353 77.58416499999998
12.974602 77.55674499999998
12.9650875 77.57507050000004
12.9671559 77.58927870000002
12.9711547 77.5571301
12.973907 77.57452799999999
12.971533 77.56168300000002
12.966669 77.57755100000008
12.967429 77.57668100000001
12.967204 77.575332
12.9739247 77.54959740000004
12.964573 77.54960600000004
12.9742883 77.54860209999993
12.9845081 77.55376030000002
12.9832453 77.59573279999995
12.9843682 77.56033400000001
12.983751 77.60846100000003
12.9836888 77.60865489999992
12.983629 77.55418499999996
12.984085 77.55413939999994
12.984752 77.533996
12.984157 77.559346
12.9848773 77.55406659999994
12.984204 77.60536200000001
13.0049511 77.57871890000001
12.9874689 77.60492180000006
12.99666 77.57259499999998
12.99223 77.5707605
12.9994877 77.56973319999997
12.990018 77.53799200000003
12.9853015 77.55490340000006
12.9934103 77.57979039999998
12.98872 77.53772700000002
12.993983 77.60751700000003
12.9912005 77.57091500000001
12.986847 77.55277899999999
12.9873507 77.59890629999995
12.988525 77.58128499999998
12.9850332 77.54901970000003
12.9882929 77.55421279999996
12.9970137 77.57148559999996
12.9850947 77.5770463
12.9933955 77.54857279999999
12.9884134 77.54461859999992
12.9947641 77.54577059999997
12.9928229 77.57643689999998
13.0013677 77.5239206
12.9948967 77.57144470000003
12.987667 77.60609999999997
12.9852219 77.55783650000001
13.0003417 77.57064560000003
12.989946 77.53795360000004
12.9899901 77.59906409999996
13.004255 77.56593299999997
12.9875204 77.55426039999998
12.9968204 77.56164430000001
12.9976721 77.55153640000003
12.9938608 77.577538
12.9971795 77.57148469999993
13.002007 77.570922
12.9915269 77.53849070000001
12.9979963 77.55088619999992
12.991432 77.537598
12.993372 77.56744600000002
13.001613 77.57134539999993
12.9987095 77.55514719999996
12.9897877 77.60714280000002
12.9992381 77.56936840000003
12.9983795 77.55084
12.9909755 77.57951449999996
12.9995647 77.55077860000006
12.9874689 77.60492180000006
12.994133 77.57695000000001
12.9980528 77.57146920000002
12.9900639 77.57452549999994
12.9963588 77.57143129999997
12.9853004 77.6047893
12.988517 77.5666
12.9927218 77.53905370000007
12.993167 77.56501700000001
12.9867355 77.55426750000004
12.9941345 77.5394986
12.997985 77.55208800000003
12.9987109 77.5601107
12.998769 77.5555855
12.992133 77.59461699999997
13.004133 77.55084999999997
12.9874505 77.55340879999994
13.0041495 77.5653403
12.9882089 77.55581310000002
13.006217 77.57721700000002
13.003868 77.55051400000002
13.000093 77.55202899999995
12.997958 77.55227500000001
13.0010955 77.57122989999993
12.9992381 77.56936840000003
12.979867 77.53208300000006
13.00056 77.54102
12.9925154 77.57615729999998
12.9880381 77.56799939999996
12.9966719 77.5715255
12.988283 77.53790000000004
12.9941352 77.56309839999994
12.983242 77.54917499999999
12.996093 77.56394290000003
12.997619 77.54795460000003
12.9845352 77.55491759999995
12.9973867 77.54833980000001
13.0010822 77.56064779999997
12.991486 77.56520669999998
12.9866369 77.56803289999993
12.9833087 77.53015479999999
12.9790234 77.54252180000003
13.0019812 77.54456660000005
13.00451 77.54979589999994
12.9844084 77.55469089999997
12.976267 77.52648299999998
12.9881367 77.53603720000001
12.992082 77.53220499999998
12.9963588 77.57143129999997
13.00595 77.59368300000006
12.9900201 77.55465609999999
13.0057537 77.52521380000007
12.981533 77.55388300000004
12.996359 77.57143099999996
12.9888316 77.54450259999999
12.9966905 77.57156809999992
13.005019 77.5590737
12.991486 77.56520669999998
12.98629 77.521839
12.99249 77.53088500000001
12.9906514 77.54843069999993
12.9980966 77.5716281
12.9788548 77.53652569999997
12.9993066 77.53058629999998
12.982323 77.60224500000004
12.9866331 77.55435190000003
12.9889526 77.5746312
12.992521 77.56328600000006
12.977471 77.542328
12.991109 77.54948200000001
13.0014962 77.52969630000007
12.997113 77.52814280000007
12.9916223 77.5374567
12.986466 77.52099699999997
12.9997134 77.53994820000003
12.978443 77.54388600000004
13.003601 77.55012299999999
13.0010786 77.52456870000003
12.98747 77.51874999999995
13.0078192 77.54735010000002
13.0007659 77.54455389999998
12.9888859 77.55008989999999
13.0009375 77.60430559999998
12.976267 77.52648299999998
12.9917046 77.5706434
13.000306 77.53747199999998
12.9964217 77.54694870000003
12.985971 77.5564746
12.987057 77.55445710000004
12.9962326 77.55516979999993
12.9937944 77.56284690000007
12.9959917 77.54816579999999
13.002761 77.57424600000002
12.985108 77.60506499999997
12.9872981 77.55587109999999
12.9973982 77.54823220000003
12.9995908 77.57159290000004
12.978503 77.543228
12.976266 77.53950199999997
12.983886 77.60673900000006
12.9916664 77.55889760000002
12.9929435 77.57240300000001
12.9771586 77.63930449999998
12.9792177 77.64673530000005
12.9739501 77.61937920000003
12.9963728 77.61165419999998
12.981994 77.62561319999998
13.0056974 77.66077109999992
12.990106 77.50310400000001
12.969692 77.61654099999998
13.0245459 77.6369396
12.9677674 77.64344830000005
12.9718915 77.64115449999997
13.018183 77.59861699999999
13.0268902 77.5945365
12.9757693 77.64602939999997
12.972433 77.65103599999998
12.99725 77.62004999999999
13.023846 77.58822199999997
13.0095402 77.5601117
13.0121156 77.5562989
12.9702902 77.64486490000002
13.0004821 77.62953270000003
12.9756507 77.6411584
13.0146166 77.5681624
12.9902527 77.50539389999994
12.990992 77.61407899999995
12.9780138 77.63223749999997
13.0004164 77.61134440000001
12.9971503 77.61425580000002
13.0036302 77.61811539999997
12.969567 77.62848299999996
13.014933 77.63586699999996
13.017604 77.63060700000005
13.022527 77.59099600000002
12.97775 77.62803299999996
13.011567 77.60666700000002
13.012084 77.63511300000005
12.9653192 77.65862349999998
12.997313 77.60966400000007
13.026783 77.61368300000004
13.0081415 77.56480770000007
12.989912 77.50199999999995
13.006433 77.64353299999993
12.8377764 77.65605030000006
12.84588 77.66303489999996
12.871527 77.60205689999998
12.8756804 77.59563359999993
12.8678253 77.59600909999995
12.855555 77.58643499999994
12.8759379 77.57744819999994
12.8780297 77.56897000000004
12.8619714 77.56340580000006
12.8701458 77.65791979999995
12.8819047 77.5689294
12.8761523 77.57792700000005
12.869077 77.56943100000001
12.88117 77.59697200000005
12.88174 77.56881679999992
12.877652 77.56982800000003
12.880254 77.557726
12.9346045 77.61167950000004
12.930647 77.58119779999993
12.923099 77.58475899999996
12.957798 77.64119340000002
12.9454927 77.59581600000001
12.930215 77.63288599999998
12.927115 77.52286700000002
12.9613325 77.63653249999993
12.9363578 77.61614170000007
12.9488603 77.56741090000003
12.9071197 77.59888039999998
12.927342 77.58565999999996
12.9581128 77.71620150000001
12.9637657 77.71204280000006
12.9217384 77.58664069999998
12.94211 77.58701599999995
12.9317322 77.63571390000004
12.915602 77.64462900000001
12.919805 77.62122899999997
12.9559951 77.72172679999994
12.9586709 77.63964439999995
12.8932413 77.58643180000001
12.922938 77.665073
12.910491 77.5857168
12.929426 77.60318299999994
12.9689848 77.7034281
12.92476 77.51806800000008
12.949975 77.53041299999995
12.9261847 77.67527100000007
12.9464394 77.59735320000004
12.9561526 77.63923290000002
12.957282 77.61956699999996
12.925574 77.56477700000005
12.9162779 77.61457129999997
12.9071322 77.59885899999995
12.928865 77.59934099999998
12.938293 77.55433500000004
12.936129 77.61333300000001
12.939767 77.57548199999997
12.923333 77.58298300000001
12.944862 77.57167200000004
12.943531 77.55972599999996
12.931083 77.58476700000006
12.9207784 77.57224470000006
12.953978 77.62052199999994
12.945452 77.572677
12.9376878 77.6188803
12.9221979 77.56236469999999
12.9116008 77.58699150000007
12.968194 77.67007160000003
12.9453764 77.56612930000006
12.9399941 77.54090040000006
12.9383941 77.57793579999998
12.907903 77.66365900000005
12.933352 77.63511799999992
12.9351082 77.60832170000003
12.945757 77.57125799999994
12.9210601 77.57295249999993
12.94542 77.571327
12.887563 77.59692199999995
12.908333 77.63239899999996
12.9471509 77.59952569999996
12.887823 77.58216300000004
12.899925 77.58594199999993
12.9479701 77.5722012
12.9409017 77.55659370000001
12.9300746 77.58348580000006
12.9584502 77.70097869999995
12.926275 77.59155099999998
12.955867 77.69303300000001
12.9215534 77.57181549999996
12.9482067 77.56769150000002
12.9154 77.60593859999994
12.9588409 77.6611686
12.9446366 77.5722548
12.933735 77.61907099999996
12.945033 77.57171700000004
12.9282748 77.58702100000005
12.9298263 77.58430479999993
12.9297018 77.58415539999999
12.9349419 77.61275699999999
12.9338947 77.57770310000001
12.90308 77.54456000000005
12.932729 77.567766
12.9282702 77.58164609999994
12.940312 77.57121200000006
12.9126426 77.60056080000004
12.927534 77.55494699999997
12.9375582 77.58564810000007
12.9185719 77.58356090000007
12.9137453 77.66738069999997
12.9198941 77.59277750000001
12.9603763 77.74853410000003
12.9385647 77.55435499999999
12.917902 77.55692099999999
12.906149 77.59867980000001
12.922633 77.61431700000003
12.920673 77.58667200000002
12.9350167 77.61276139999995
12.9113484 77.56695390000004
12.9310763 77.6228069
12.942246 77.55014389999997
12.909243 77.54946999999993
12.913984 77.58626149999998
12.89525 77.571867
12.9274529 77.590597
12.94185 77.55401699999993
12.9165501 77.67116050000004
12.9293924 77.58433880000007
12.916267 77.55071699999996
12.9122504 77.57853209999996
12.96065 77.66578299999992
12.921683 77.58461699999998
12.9142311 77.58805329999996
12.8921754 77.58141750000004
12.94049 77.56007350000004
12.9111239 77.57674339999994
13.035509 77.57021399999996
12.9871256 77.73630739999999
13.063775 77.58936100000005
12.985417 77.73530319999998
12.9843744 77.67166759999998
13.033883 77.55698299999995
13.035083 77.60466700000006
13.0464815 77.52254229999994
13.034662 77.55720500000007
12.984307 77.70628299999998
13.0452133 77.62684860000002
12.919298 77.59246819999998
12.91876 77.56657700000005
12.9423029 77.54812790000005
12.9381244 77.51894579999998
12.9334113 77.55799679999996
12.9213761 77.54329959999995
12.932542 77.58336699999995
12.9162425 77.59317959999998
12.9176827 77.57796140000005
12.932495 77.58383400000002
12.9153909 77.56161099999997
12.9107014 77.59505109999998
12.929067 77.59256700000003
12.9091664 77.57786859999999
12.917767 77.56063300000005
12.9243856 77.56157259999998
12.9255543 77.5735995
12.9282679 77.57695160000003
12.9410723 77.58316460000003
12.9376808 77.5709812
12.933546 77.55784399999993
12.9148536 77.59278970000003
12.943396 77.61191699999995
12.902583 77.51999999999998
12.929567 77.55231700000002
12.927683 77.61598300000003
12.8983561 77.54331219999995
12.9250991 77.5646322
12.9 77.48333300000002
12.9308024 77.55389059999993
12.9532354 77.56474720000006
12.9417123 77.55832050000004
12.9321572 77.56407000000002
12.9377292 77.61882270000001
12.945517 77.49578300000007
12.9598776 77.5263281
12.9087566 77.48251970000001
12.9304717 77.56688830000007
12.9163049 77.60018349999996
12.9248923 77.5647841
12.9274529 77.590597
12.933383 77.56271700000002
12.9421425 77.55935090000003
12.9543835 77.55341859999999
12.904308 77.59846500000003
12.962817 77.53789400000005
12.9281991 77.55043560000001
12.916802 77.56898999999999
12.93611 77.56883199999993
12.9140769 77.56634350000002
12.958653 77.66558199999997
12.9402878 77.5533944
12.914104 77.59692640000003
12.9280872 77.56743240000003
12.929862 77.57118600000001
12.915372 77.48080000000004
12.9377086 77.56824210000002
12.9436147 77.57132409999997
12.9131 77.56468799999993
12.923442 77.62455799999998
12.9151981 77.57153519999997
12.9039872 77.58460230000003
12.949936 77.59652200000005
12.9252347 77.56475490000003
12.925754 77.55031120000001
12.943599 77.57136700000001
12.9165255 77.6001235
12.9448575 77.59467429999995
12.9190974 77.5936259
12.9376401 77.57953229999998
12.926498 77.56726400000002
12.930269 77.55336999999997
12.9193892 77.59154549999994
12.9418494 77.56027059999997
12.9461505 77.55410619999998
12.937041 77.55395099999998
12.9350981 77.57411049999996
12.9234917 77.59357490000002
12.925456 77.55267099999992
12.9378962 77.56844939999996
12.9389846 77.56376219999993
12.9414662 77.55870849999997
12.9246828 77.54969400000004
12.925179 77.56469300000003
12.9363307 77.55368709999993
12.9200117 77.59275249999996
12.9168468 77.60162790000004
12.9418755 77.60778119999998
12.921708 77.59361799999999
12.943233 77.56487700000002
12.939914 77.59974499999998
12.9389722 77.55320770000003
12.9444422 77.57235969999999
12.9230633 77.60489150000001
12.94185 77.553403
12.9384789 77.56662870000002
12.9443896 77.5573081
12.9194503 77.58965510000007
12.9336457 77.57158090000007
12.9255808 77.56192550000003
12.9267471 77.59545819999994
12.945589 77.57125599999995
12.916956 77.55972700000007
12.9234456 77.57182990000001
12.9297413 77.57066450000002
12.928497 77.59726969999997
12.9436015 77.56591600000002
12.9152346 77.56270540000003
12.9370192 77.56739530000004
12.9461489 77.57169750000003
12.933465 77.58446900000001
12.9393781 77.55917729999999
12.930122 77.5843317
12.925669 77.60463200000004
12.9249981 77.56463459999998
12.9460763 77.59146980000003
12.9427584 77.55652429999998
12.9177304 77.59319299999993
12.9342404 77.58296949999999
12.942871 77.56133899999998
12.9382165 77.57141990000002
12.9442674 77.55618729999992
12.932412 77.54488579999997
12.9193065 77.57393780000007
12.945199 77.571279
12.9162291 77.59318699999994
12.921012 77.60190490000002
12.9411357 77.53982510000003
12.9224179 77.57620059999999
12.9195621 77.59126549999996
12.9439073 77.60685349999994
12.942968 77.563895
12.944216 77.57112400000005
12.9378074 77.55674820000002
12.9179683 77.59320780000007
12.943677 77.56638900000007
12.9224554 77.58699309999997
12.9379906 77.56750080000006
12.9283558 77.58155609999994
12.929876 77.58440210000003
12.9317693 77.57137899999998
12.9290865 77.59241150000003
12.9265507 77.58611440000004
12.9447261 77.5582915
12.9190977 77.5921171
12.9176409 77.59313539999994
12.9343848 77.59062089999998
12.9405482 77.54140860000007
12.9349187 77.53666249999992
12.9390002 77.5532938
12.942297 77.60795189999999
12.9202839 77.5931491
12.9296773 77.61428699999999
12.9198523 77.56935090000002
12.9429979 77.54538530000002
12.934527 77.54352199999994
12.8919121 77.57925150000005
12.9024303 77.51909669999998
12.9025244 77.51943299999994
12.909569 77.56497450000006
12.9498156 77.59675300000004
12.951468 77.49214499999994
12.936956 77.61997700000006
12.8986941 77.57209850000004
12.9546319 77.59248460000003
12.9531622 77.57519249999996
12.9485622 77.56040370000005
12.9023829 77.51989230000004
12.902159 77.58584100000007
12.892279 77.581819
12.9211408 77.61938510000004
12.9131108 77.55050970000002
12.902737 77.51961600000004
12.912099 77.55247699999995
12.9070859 77.57009649999998
12.9086883 77.53452270000002
12.908146 77.52129000000002
12.9059526 77.5697834
12.9102465 77.57826219999993
12.9122238 77.5923219
12.9107079 77.56655330000001
12.9049519 77.5848856
12.9093576 77.54937889999997
12.9057954 77.58928879999996
13.0007657 77.67526840000005
12.9976246 77.69001630000002
12.9927928 77.66380019999997
13.007033 77.69758300000001
13.006083 77.70058300000005
13.0051884 77.69441039999992
12.996317 77.67206699999997
13.01025 77.6431
12.9796168 77.67951829999993
13.011478 77.67221300000006
13.0081 77.64156700000001
13.007717 77.64106700000002
12.993375 77.67347399999994
12.991505 77.72121300000003
12.9947637 77.67898990000003
12.9903822 77.66380189999995
12.995559 77.67233099999999
13.0129832 77.63320870000007
12.989012 77.66649800000005
13.0081486 77.64152749999994
13.01285 77.63427580000007
13.010003 77.64860299999998
13.0068487 77.68896840000002
13.026091 77.63799900000004
13.025496 77.631712
13.014107 77.63880399999994
13.013016 77.63212499999997
13.0222519 77.63885329999994
13.0374576 77.65338870000005
13.017498 77.65250700000001
13.015118 77.64043400000003
13.017424 77.67836799999998
13.0244617 77.63702309999996
13.056302 77.61149049999995
13.0651465 77.64536659999999
12.972617 77.67843300000004
13.0728519 77.59693370000002
12.975579 77.66764190000004
13.063369 77.59101399999997
13.0379527 77.57436229999996
13.0353729 77.56753800000001
13.030639 77.55995299999995
13.0344001 77.5575632
13.030083 77.578033
13.0288717 77.56111680000004
13.0251 77.58690000000001
13.025941 77.580829
13.02125 77.60618299999999
13.027387 77.579699
13.019088 77.58975099999998
13.0253626 77.5859729
13.040762 77.55262800000003
13.0299921 77.56298800000002
13.013731 77.61344400000007
13.030283 77.57778299999995
13.0216 77.55741699999999
13.04293 77.57350799999995
13.0316156 77.56507779999993
13.040783 77.591317
13.011865 77.61585500000001
13.0351694 77.56261289999998
13.0358416 77.55733190000001
13.039683 77.59446700000001
13.028117 77.60445000000004
13.0215 77.55621700000006
13.0342649 77.55878370000005
13.0317844 77.61110229999997
13.034212 77.55933690000006
13.0116474 77.61584470000003
13.028883 77.55902600000002
13.0258 77.60378300000002
13.019489 77.55642999999998
13.018739 77.55050370000004
13.02186 77.56714199999999
13.0246789 77.58916810000005
13.0240991 77.59872380000002
13.0304723 77.59798049999995
13.0216 77.55741699999999
13.0277575 77.55459399999995
13.01282 77.54395499999998
13.028464 77.55876699999999
13.0340262 77.56173039999999
13.027721 77.55769770000006
13.030617 77.55296699999997
13.011932 77.605636
13.0329002 77.55863980000004
13.0293372 77.5592259
13.025097 77.58793560000004
13.0400793 77.58981610000001
13.0242033 77.5566503
13.0197425 77.60681299999999
13.011609 77.61573499999997
13.0288832 77.5616556
13.042808 77.55053399999997
13.0291579 77.56792999999993
13.0347838 77.56050909999999
13.0425983 77.57312179999997
13.0369499 77.60687669999993
13.0203253 77.61616589999994
13.0235297 77.59231290000002
13.025109 77.58637099999999
13.0431676 77.55212310000002
13.0209574 77.55829410000001
13.0245348 77.59492810000006
13.0341663 77.55630969999993
13.0429808 77.55441229999997
13.0263376 77.5580698
13.0430137 77.55158630000005
13.013346 77.54477429999997
13.0341721 77.56015930000001
13.0251663 77.60325109999997
13.0207499 77.61104820000003
13.0499048 77.5159582
13.0203486 77.53721689999998
13.0279661 77.54091560000006
13.00668 77.61289
13.055467 77.53476699999999
13.0385505 77.51834910000002
13.048267 77.51856699999996
13.057483 77.54653299999995
13.006083 77.614417
12.996567 77.62128299999995
13.0153447 77.52357529999995
13.0121244 77.52457950000007
13.0489357 77.51502010000002
12.996554 77.62299099999996
13.00842 77.57093099999997
13.015811 77.53902399999993
13.0173674 77.52032080000004
13.007514 77.62203699999998
13.0502383 77.51591189999999
13.009765 77.525396
13.055151 77.63210099999992
13.059465 77.64242000000002
13.0005085 77.62254140000005
13.0021952 77.6120138
13.0464185 77.57579729999998
13.0162969 77.52655720000007
12.9964533 77.61273989999995
13.06122 77.51926600000002
13.009071 77.61029699999995
13.049819 77.60032999999999
12.9990329 77.54477580000002
12.9981522 77.54059989999996
12.99739 77.54579000000001
13.055336 77.53419699999995
13.0015372 77.53654340000003
12.9968088 77.52822459999993
13.050336 77.55290100000002
13.0646799 77.6172924
13.05544 77.53420699999992
12.8268291 77.51013949999992
12.889179 77.5713548
12.864655 77.51116100000002
12.8887006 77.57092069999999
12.8833804 77.56618449999996
12.8921734 77.62581269999998
12.911921 77.63293999999996
12.9245243 77.61654440000007
12.8958877 77.57199349999996
12.899869 77.60479599999996
12.802602 77.50815399999999
12.9094334 77.48437650000005
12.90308 77.54456000000005
12.922701 77.61911299999997
12.9229077 77.6196933
12.896513 77.54844700000001
12.9025668 77.51898269999992
12.9167105 77.67147299999999
12.9099174 77.48180560000003
12.9069066 77.62826480000001
12.891981 77.45747600000004
12.8972751 77.57221679999998
12.9102536 77.48280769999997
12.882659 77.56545200000005
12.9130112 77.61258399999997
12.9246685 77.4981487
12.9027329 77.51969409999992
12.913055 77.67965000000004
12.9243776 77.48500680000006
12.898421 77.57252500000004
12.908059 77.63782400000002
12.925622 77.61927100000003
12.9034917 77.60243160000005
12.8834895 77.5662754
12.9086139 77.60640699999999
12.8751593 77.44432310000002
12.970167 77.63128299999994
12.9736791 77.62040890000003
12.9683366 77.65094079999994
12.9661702 77.65759930000002
12.973624 77.61120789999995
12.9602891 77.61470859999997
12.9738462 77.63594239999998
12.967093 77.63932900000009
12.9730706 77.62911689999999
12.9591226 77.70287800000006
12.9720122 77.64227800000003
12.9633212 77.67153129999997
12.9593223 77.64343770000005
12.9585835 77.63959360000001
12.962448 77.64286600000003
12.955889 77.69397600000002
12.9572817 77.61907429999997
12.9659634 77.6679881
12.955761 77.692137
12.9511497 77.62247939999997
12.9687093 77.6485887
12.97805 77.62976700000002
12.965926 77.71847500000001
12.976217 77.62393299999997
12.967445 77.71691099999998
12.9974099 77.76424529999997
12.9711541 77.75021300000003
12.974142 77.65137700000002
12.9760908 77.64093449999996
12.9366596 77.6259483
12.978226 77.63947580000001
12.979142 77.62537700000007
12.968926 77.74447299999997
12.956422 77.71009300000003
12.9780314 77.62974220000001
12.9745617 77.62659830000007
12.9766606 77.68223139999998
12.9777178 77.62877960000003
12.969593 77.75071079999998
13.073002 77.79669799999999
13.0982032 77.57755180000004
13.100883 77.566867
13.0980517 77.57757059999994
13.1376034 77.60324689999993
13.070017 77.56496700000002
13.075317 77.50118299999997
13.0565925 77.5070935
13.0653188 77.50440430000003
13.0893198 77.54663600000003
13.104562 77.60497299999997
13.056306 77.50679300000002
13.0564119 77.50612720000004
13.0577941 77.50665490000006
13.0505861 77.51162169999998
13.0568443 77.50400620000005
13.052181 77.50987800000007
13.100339 77.57928600000002
13.124072 77.624368
13.094454 77.58601199999998
13.0302737 77.50726280000003
13.0513573 77.50862099999995
13.050606 77.51184599999999
13.123977 77.61955599999999
13.091763 77.49151299999994
13.082538 77.559981
13.0504532 77.50784680000004
13.0481904 77.51270729999999
13.0653534 77.50439089999998
13.0498598 77.6457828
13.1521611 77.61286810000001
13.0571321 77.50239320000003
13.0567709 77.50813519999997
13.0376417 77.514907
13.097327 77.59557700000005
13.0828211 77.56006879999995
13.0565618 77.50644169999998
13.101288 77.59795400000007
13.062945 77.64957299999992
13.0438708 77.5132112
13.084932 77.559214
13.0844554 77.55989690000001
13.0304671 77.50759540000001
13.0461804 77.52253859999996
12.902524 77.51966330000005
12.9645474 77.59037820000003
12.959978 77.56194099999993
12.9600584 77.5980667
12.959371 77.56733800000006
12.9660584 77.57783819999997
12.965674 77.576325
12.9592408 77.56210629999998
12.971556 77.55773599999998
12.965039 77.592892
12.960467 77.565967
