12.9528204 77.54359199999999
12.958833 77.527017
12.975746 77.57274600000005
12.968228 77.57593199999997
12.971598 77.594562
12.9655327 77.5345337
12.9543433 77.59221070000001
12.9636246 77.53455489999999
12.9788625 77.54061009999998
12.9763747 77.52368230000002
12.957782 77.53382999999997
12.962635 77.59095309999998
12.9691376 77.55453250000005
12.959622 77.52037500000006
12.9703681 77.61038039999994
12.9577653 77.59302649999995
12.968444 77.58966699999996
12.953032 77.52169300000003
12.9598303 77.53160120000007
12.9785592 77.59164729999998
12.9782863 77.54885319999994
12.9667447 77.60923939999998
12.974017 77.61386399999992
12.973841 77.59544200000005
12.965211 77.538094
12.960473 77.56442100000004
12.963639 77.568446
12.958301 77.52649900000006
12.9553336 77.59399929999995
12.972069 77.52941699999997
12.9775597 77.60701419999998
12.982337 77.588529
12.981718 77.60808900000006
12.966293 77.59450400000003
12.975539 77.55310199999997
12.9613542 77.59950400000002
12.9759157 77.5637716
12.9615 77.55963999999994
12.971842 77.537872
12.977233 77.59914400000002
12.976147 77.53073799999993
12.962643 77.56550199999992
12.9669483 77.5881832
12.9653215 77.52316189999999
12.9677282 77.53604940000002
12.973751 77.58676700000001
12.9747748 77.571372
12.960577 77.57774199999994
12.967466 77.52390400000002
12.9757727 77.55692709999994
12.979157 77.58523400000001
12.962238 77.56915600000002
12.9767048 77.57197989999997
12.9549828 77.59192410000003
12.96361 77.58503080000003
12.9514766 77.52084480000008
12.9720153 77.52924080000003
12.98055 77.59320400000001
12.973809 77.59564699999999
12.979556 77.56446699999992
12.964753 77.53884300000004
12.97543 77.58645000000001
12.954648 77.55714999999998
12.9680819 77.52861280000002
12.9675516 77.54489230000001
12.9663963 77.56360799999993
12.961411 77.61248460000002
12.966783 77.60979999999995
12.9647996 77.61005580000005
12.9824411 77.56198670000003
12.9685 77.58977800000002
12.977199 77.608339
12.960392 77.56671400000005
12.9589909 77.53559010000004
12.957663 77.56734699999993
12.972108 77.58248800000001
12.958258 77.60613000000001
12.975686 77.60585200000003
12.976715 77.60001499999998
12.9739893 77.61296600000003
12.952158 77.59609699999999
12.963474 77.60682399999996
12.9640986 77.58403969999995
12.9570801 77.56281050000007
12.959377 77.52165100000002
12.971953 77.53762200000006
12.9777531 77.59838820000004
12.951655 77.60795000000007
12.974385 77.52052000000003
12.964394 77.53436599999998
12.977448 77.59076900000002
12.9632487 77.55897460000006
12.9790077 77.57175649999999
12.9791514 77.55343169999992
12.954131 77.55685199999994
12.9738325 77.61122520000004
12.950606 77.55541300000004
12.9636283 77.57740530000001
12.9765324 77.58877759999996
12.9555801 77.59572879999996
12.963675 77.57720399999994
12.978644 77.54907500000002
12.966054 77.60691299999996
12.958572 77.59311100000002
12.951162 77.52711699999998
12.9511991 77.5913286
12.950758 77.53735789999996
12.965502 77.53043000000002
12.962115 77.53763500000002
12.9757323 77.56032849999997
12.9583901 77.52874999999995
12.978562 77.57300099999998
12.974743 77.54880789999993
12.954401 77.52265999999997
12.9747356 77.58686940000007
12.9780223 77.57238419999999
12.977306 77.60801700000002
12.9703408 77.56619009999997
12.9544008 77.59265540000001
12.9536824 77.56761789999996
12.9566074 77.57389160000002
12.9806556 77.55836959999999
12.9673059 77.61116089999996
12.9810934 77.5355816
12.9578389 77.55947190000006
12.9601648 77.55632660000003
12.9621018 77.55974939999999
12.981174 77.548901
12.969805 77.58725099999992
12.95707 77.56250999999997
12.961665 77.52180599999997
12.959068 77.57668899999999
12.9633297 77.60671060000004
12.976368 77.52597800000001
12.954067 77.54432900000006
12.9558833 77.57712360000005
12.9542117 77.58472099999994
12.9788848 77.55354699999998
12.9561251 77.56743070000005
12.957697 77.52869399999997
12.975584 77.60800300000005
12.960271 77.55932800000005
12.97561 77.53113699999994
12.970226 77.59439499999996
12.9619295 77.52171780000003
12.974601 77.5660461
12.9710276 77.60113739999997
12.9611406 77.58776469999998
12.9677689 77.59041130000003
12.982509 77.51808000000005
12.9741122 77.60136009999997
12.95569 77.54602999999997
12.9570308 77.55046249999998
12.95474 77.57919800000002
12.981739 77.594787
12.9561172 77.56750650000004
12.97933 77.55366000000004
12.9769219 77.58570399999996
12.9641001 77.57761449999998
12.95339 77.56761600000004
12.973488 77.54153900000006
12.953885 77.59260599999993
12.9681365 77.57021889999999
12.9648672 77.53040490000001
12.95516 77.57970999999998
12.96011 77.53129009999998
12.960409 77.52952299999993
12.9634609 77.58362260000001
12.9619815 77.55970109999998
12.98027 77.571234
12.976078 77.55250799999999
12.9602115 77.55938889999993
12.9664669 77.59865109999998
12.963238 77.56719599999997
12.981084 77.588659
12.9743 77.61098700000002
12.9591665 77.52700879999998
12.982165 77.56769299999996
12.982217 77.58850400000006
12.9656729 77.60293330000002
12.9502476 77.53721240000004
12.9604306 77.55673990000003
12.9754862 77.55228880000004
12.9727283 77.53817249999997
12.964979 77.52330700000005
12.9537843 77.5962237
12.957768 77.51935400000002
12.9655393 77.60959389999994
12.9677771 77.54490220000002
12.9628174 77.53789370000004
12.959286 77.52163700000006
12.971425 77.52687300000002
12.97831 77.57081900000003
12.9682653 77.54535299999998
12.96446 77.55476299999998
12.9646268 77.61023820000003
12.975607 77.53656999999998
12.9699043 77.5322056
12.967614 77.53639799999996
12.9524564 77.57638599999996
12.9598998 77.64762470000005
12.9203227 77.64448459999994
12.9221565 77.61038980000001
12.9983981 77.55082100000004
12.9167226 77.60974340000007
12.9667796 77.50502589999996
12.9930072 77.59509960000003
12.9579588 77.66817119999996
13.0287781 77.5615186
12.9254428 77.50120509999999
12.935888 77.60705699999994
12.998698 77.5520285
13.010361 77.5250016
12.924766 77.59346200000005
12.9172566 77.57283340000004
12.9370699 77.62660460000006
12.923762 77.62799700000005
13.0104744 77.52500829999997
12.9868444 77.5543831
12.9176507 77.62334650000003
12.9247207 77.59255069999995
12.9912348 77.5461027
12.918624 77.615994
12.92692 77.56128719999992
12.917199 77.58922910000001
12.988357 77.53367200000002
12.971999 77.50757799999997
12.9963097 77.45151880000003
12.9222181 77.58377940000003
12.9340874 77.53969469999993
12.9977831 77.57129350000002
12.915763 77.51074130000006
12.9805602 77.50679880000007
12.9591376 77.6555836
12.938069 77.53329699999995
13.019902 77.709563
12.9962796 77.66778049999994
13.0022841 77.56935599999997
12.9975252 77.54599489999998
12.9406055 77.57638229999998
12.9659677 77.50064050000003
12.9310941 77.50612899999999
12.9990401 77.54182909999997
13.0180269 77.54139129999999
12.986261 77.51153599999998
12.955298 77.64126199999998
13.030861 77.57754640000007
12.978325 77.70944699999995
12.931962 77.61316099999999
13.036025 77.497389
12.907035 77.69556499999999
12.9185981 77.66990929999997
12.9083916 77.5346965
12.9877798 77.5152134
12.985235 77.51930399999992
12.916654 77.62303599999996
13.015028 77.44694500000003
12.929037 77.61549500000001
13.003277 77.61891700000001
13.006329 77.62093400000003
12.98911 77.50085999999999
13.024745 77.53403500000002
13.0145722 77.53079649999995
13.0339165 77.55784019999999
12.92824 77.53192000000001
12.99496 77.64369699999997
13.0082374 77.42125510000005
12.972425 77.50790000000006
12.931413 77.49925899999994
13.0089383 77.53942069999994
13.0116609 77.67021509999995
12.923501 77.61463900000001
13.033516 77.67442200000005
13.0055717 77.55638479999993
12.9914354 77.5429282
12.914516 77.54704900000002
12.956553 77.41068599999994
13.033949 77.615276
12.906333 77.59502299999997
13.026573 77.514682
12.92627 77.60032869999998
12.98474 77.59684300000004
13.002978 77.616488
12.912192 77.71458099999995
12.966552 77.50488700000005
12.9366519 77.57643699999994
12.95032 77.49104
13.002822 77.57121200000006
13.016945 77.62945890000003
12.975231 77.50962600000003
12.910716 77.568624
12.945183 77.54732999999999
12.9353568 77.69122029999994
12.975537 77.49773099999993
12.9980296 77.55161099999998
12.932686 77.46157400000004
13.026749 77.58637199999998
13.0045474 77.59968270000002
12.9754191 77.66684350000003
13.0220879 77.5722849
13.0249264 77.59182809999993
13.019647 77.70912799999996
13.026635 77.42382999999995
12.916616 77.50016400000004
12.9198425 77.56910919999996
12.918254 77.75470100000007
13.008479 77.622927
13.01339 77.55381
12.9246556 77.55441880000001
12.9219888 77.57786929999997
13.0260319 77.58500079999999
13.014428 77.56840680000005
12.99046 77.57169999999996
12.95159 77.47932000000003
13.01328 77.50355000000002
13.005941 77.44214499999998
13.034041 77.615183
13.029847 77.54012699999998
12.9513 77.62251800000001
12.912913 77.50695999999994
12.992153 77.71609899999999
13.0356385 77.55769639999994
12.926543 77.55374400000005
13.02156 77.46762509999996
12.9423872 77.58501160000003
12.912763 77.52822300000003
13.020712 77.61893499999996
12.9666985 77.64137589999996
12.999037 77.54195500000003
12.9714592 77.75011540000003
12.9410332 77.53542070000003
13.010968 77.53455499999995
12.9999842 77.56938620000005
12.99359 77.49964999999997
13.0039915 77.66307929999994
12.992862 77.59507800000006
13.014324 77.71698200000003
12.994013 77.595507
13.01632 77.53208999999993
13.0288953 77.53966659999992
13.0176349 77.53426190000005
12.9305139 77.48724820000007
12.967708 77.74957500000005
12.93575 77.51340240000002
12.95061 77.48675000000003
12.93705 77.60109999999997
12.911413 77.52764200000001
12.94746 77.59815800000001
12.9974348 77.54892559999996
12.911661 77.48035600000003
12.96145 77.70558000000005
12.992207 77.56649500000003
12.9850335 77.64530530000002
12.917516 77.595058
12.960214 77.43736200000001
12.918534 77.55964599999993
12.9263729 77.6171147
12.945286 77.49536799999998
12.976969 77.494597
12.9317817 77.61336430000006
12.948842 77.62018899999998
13.011244 77.63176199999998
13.012383 77.53735800000004
13.0115041 77.67317890000004
12.9626089 77.47491539999999
12.989075 77.44956400000001
12.972254 77.460418
12.948416 77.549394
12.984739 77.54725400000007
12.9100177 77.48139560000004
12.9987501 77.73668829999997
12.924981 77.51784499999997
12.949394 77.57359099999996
12.9352089 77.61432049999996
12.914291 77.52488199999993
12.94919 77.62045999999998
13.0687676 77.60370969999997
13.003235 77.54381599999999
12.963292 77.45382599999994
13.050575 77.54154199999994
12.9739501 77.75030579999998
13.051175 77.49565989999996
13.0140077 77.63935089999995
13.056826 77.59365600000001
13.030953 77.66820400000006
12.963365 77.63830200000007
13.0598187 77.57695860000001
13.06723 77.59357699999998
13.066564 77.59338000000002
12.985619 77.54962840000007
13.0638125 77.58961309999995
13.064754 77.51728400000002
13.0607 77.76177000000007
13.051616 77.41155600000002
13.067414 77.63398600000005
13.0583456 77.54600499999992
13.018414 77.598658
13.0484156 77.57601980000004
13.0479576 77.76045799999997
13.053492 77.57518490000007
13.0322375 77.69288710000001
13.045166 77.54775999999993
13.046801 77.56869400000005
12.96868 77.51026000000002
12.9990081 77.57745090000003
13.037785 77.46117700000002
13.043743 77.60094800000002
13.0472103 77.5744843
13.046051 77.50749199999996
13.056343 77.65850699999999
12.949626 77.60626200000002
12.99469 77.52690400000006
12.975518 77.75466800000004
12.9938948 77.70162110000001
12.9840995 77.59716739999999
12.9425715 77.57693319999998
13.0408902 77.61838579999994
12.9971973 77.52345809999997
13.003786 77.55006100000003
13.012581 77.63525000000004
12.9669034 77.6415154
13.0705743 77.67359729999998
12.9411093 77.62418200000002
12.972349 77.44196420000003
13.0060213 77.45296959999996
12.969975 77.49645299999997
13.041988 77.61353400000007
13.003304 77.44238300000006
12.9473788 77.56628619999992
12.987203 77.56759899999997
12.9530733 77.50020330000007
12.9582081 77.64148439999997
12.86142 77.78552560000003
12.8919463 77.59870169999999
12.8934057 77.62579800000003
13.0931887 77.60092729999997
12.8859016 77.57063719999996
13.086489 77.53059299999995
12.901757 77.63240599999995
12.8873465 77.59680730000002
12.902938 77.43011899999999
12.874153 77.54059400000006
12.888488 77.80158099999994
12.8925209 77.51479849999998
12.870845 77.45044200000007
13.0764894 77.63357880000001
12.8921855 77.72844320000002
12.923132 77.36880300000007
12.8801333 77.40379669999993
13.014763 77.38339300000007
12.8914351 77.57571589999998
12.869389 77.56636000000003
12.892413 77.45739600000002
12.897952 77.51214600000003
12.910096 77.39407600000004
12.879861 77.44646499999999
12.865466 77.57976800000006
12.899596 77.80847500000004
13.086198 77.52882999999997
12.8765249 77.57712360000005
12.867068 77.36818599999992
13.093629 77.75054699999998
13.10255 77.627656
13.108049 77.775484
13.0797082 77.53824229999998
13.075511 77.504595
13.07326 77.50313400000005
13.072731 77.39361199999996
13.099763 77.58856100000003
12.9028254 77.58369240000002
12.897605 77.58583199999998
13.103304 77.57682699999998
12.864037 77.57519500000001
13.075215 77.43587100000002
13.121726 77.61102099999994
13.126063 77.64531199999999
13.094162 77.554619
13.106582 77.56564600000002
13.086659 77.59363499999995
13.111186 77.60499000000004
13.094184 77.59419000000003
13.0976744 77.59146989999999
13.084308 77.48641999999995
13.131263 77.61541499999998
13.0770479 77.59269990000007
13.114695 77.578889
13.097706 77.59182799999996
13.129914 77.57127600000001
13.110597 77.57911999999999
13.093027 77.60084600000005
13.10185 77.65830699999992
13.122119 77.63034900000002
13.078024 77.65337099999999
13.09595 77.588799
13.1072332 77.6655293
13.076825 77.52594399999998
13.095789 77.54136700000004
13.10703 77.57572000000005
13.087964 77.58916299999999
13.0960757 77.48518279999996
13.114818 77.57882799999993
13.09694 77.59971399999995
13.129148 77.60488299999997
13.099187 77.64189799999997
13.134562 77.667735
13.097579 77.56301699999995
13.0860167 77.55562229999998
13.1233913 77.57488080000007
13.080701 77.49643200000003
13.0805233 77.63395430000003
13.137623 77.49451399999998
13.078926 77.496984
13.1213431 77.61797479999996
13.101322 77.530621
13.122306 77.630585
13.07971 77.55912899999998
13.104342 77.60507099999995
13.087825 77.49514999999997
13.088177 77.54665299999999
13.099711 77.58864100000005
13.121278 77.61083800000006
13.1008405 77.59457320000001
13.1036765 77.61592050000002
13.1111504 77.64375640000003
13.133899 77.51477899999998
13.103471 77.60083099999997
13.096098 77.57880499999999
13.10647 77.49019299999998
13.092897 77.52366099999995
13.089398 77.55630500000007
13.0860516 77.55539769999996
13.079942 77.63406599999996
13.089076 77.510265
13.082869 77.544761
13.1303878 77.58038520000002
13.0836551 77.56077759999994
13.118627 77.57977800000003
13.117394 77.63411900000006
13.1193698 77.5585949
13.0993648 77.58806709999999
13.106123 77.66076099999998
13.109777 77.58020399999998
13.094034 77.59438999999998
13.104434 77.606267
13.0814619 77.54837210000005
13.081763 77.54843099999994
13.127949 77.64650499999993
13.122307 77.66830700000003
13.0979906 77.61854229999994
13.098306 77.52519600000005
13.131897 77.64745800000003
13.092246 77.53389300000003
13.095109 77.59454200000005
13.102528 77.58568400000001
13.122274 77.63028899999995
13.127706 77.528685
13.093976 77.55458899999996
13.114643 77.51490100000001
13.1043218 77.60626849999994
13.100449 77.54691000000003
13.088798 77.63546500000007
13.0941477 77.58273480000003
13.1007206 77.55383800000004
13.077018 77.53856399999995
13.121204 77.61810300000002
13.1100991 77.57931489999999
13.0985066 77.59874220000006
13.087861 77.49497900000006
13.110818 77.60477100000003
13.10147 77.63597800000002
13.135502 77.49111900000003
13.07937 77.51557100000002
13.0867171 77.59368029999996
13.10664 77.490276
13.1076969 77.66557080000007
13.135392 77.491087
13.092187 77.53276600000004
13.130038 77.67285600000002
13.1058403 77.57244229999992
13.082807 77.54467899999997
13.1019667 77.49150750000001
13.1034715 77.51687049999998
13.1039129 77.600143
13.0750159 77.53982480000002
13.0821118 77.66162400000007
13.084245 77.48651599999994
13.0753634 77.50467720000006
13.0885779 77.58189270000003
13.133341 77.51473299999998
13.087414 77.52110300000004
13.106047 77.66083500000002
13.081918 77.54829100000006
13.125658 77.49735499999997
13.1366464 77.53510410000001
13.0947421 77.59441990000005
13.081884 77.50020500000005
13.10411 77.61725799999999
13.101003 77.59429499999999
13.126603 77.51964900000007
13.1299791 77.57150709999996
13.1329111 77.66816319999998
13.0763536 77.55831599999999
13.079591 77.53841399999999
13.093289 77.52865900000006
13.0977555 77.56316809999998
13.114286 77.50099699999998
13.134266 77.66897100000006
13.0790498 77.51613020000002
13.077334 77.530167
13.1218522 77.61052199999995
13.079345 77.60757999999998
13.07854 77.57896000000005
13.126118 77.64517599999999
13.088552 77.58788900000002
13.1171055 77.60803609999994
13.117484 77.63393099999996
13.138822 77.49271899999997
13.075968 77.48825099999999
13.10604 77.58224300000006
13.0814879 77.55966519999993
13.08072 77.50284499999998
13.112637 77.52483499999994
13.105392 77.55435299999999
13.075417 77.60474799999997
13.079309 77.50587300000007
13.07679 77.63362600000005
13.099245 77.64212599999996
13.092719 77.52355299999999
13.110083 77.55712399999993
13.0994507 77.57699950000006
13.138299 77.617343
13.1249129 77.48640060000002
13.097997 77.61823700000002
13.134459 77.66780799999992
13.095869 77.54129899999998
13.104295 77.569977
13.092244 77.55946900000004
13.102755 77.58569899999998
13.135119 77.56924600000002
13.081904 77.59306400000003
13.076322 77.55810099999997
13.086433 77.53072599999996
13.101907 77.63357399999995
13.1149917 77.57880810000006
13.08854 77.58778000000007
13.098933 77.59750699999995
13.111673 77.60468000000003
13.09105 77.61942599999998
13.086905 77.59344799999997
13.106162 77.57238600000005
13.109191 77.49164700000006
13.0906183 77.53892359999998
13.0894296 77.5561381
13.0921272 77.53381779999995
13.1057599 77.57256389999998
13.0983303 77.62720579999996
13.104578 77.61033099999997
13.101602 77.65826300000003
13.0976893 77.58420030000002
13.100381 77.54678000000001
13.093477 77.48886600000003
13.0782242 77.48906139999997
13.099471 77.576911
13.087847 77.58916699999997
13.127763 77.52878899999996
13.086563 77.60418099999993
13.102439 77.62895800000001
13.1144615 77.56774659999996
13.1025545 77.6288849
13.107872 77.60606329999996
13.10339 77.62311599999998
13.109756 77.58034399999997
13.094022 77.58268399999997
13.0980052 77.56779890000007
13.099568 77.59752100000003
13.095733 77.57914370000003
13.098647 77.59797400000002
13.099141 77.57711199999994
13.103634 77.60097700000006
13.104455 77.610458
13.1034819 77.61635090000004
13.091153 77.61935599999993
13.10378 77.57685400000003
13.107058 77.57585599999993
13.099187 77.57672000000002
13.10435 77.57160999999996
13.092893 77.60095100000001
13.08621 77.55551100000002
13.104164 77.57307700000001
13.11495 77.57897300000002
13.0924104 77.55949080000005
13.089869 77.54244700000004
13.099166 77.53881000000001
13.098899 77.59739000000002
13.09806 77.58448999999996
13.103083 77.60052399999995
13.097006 77.59953700000005
13.089859 77.54222299999992
13.086672 77.60407299999997
13.1035 77.62330799999995
13.103276 77.59997999999996
13.0883813 77.54673989999992
13.0979528 77.59664070000008
13.10461 77.60052300000007
13.104422 77.60520099999997
13.098493 77.62737800000002
13.116861 77.60837600000002
13.10385 77.60011199999997
13.1113382 77.60459420000007
13.086684 77.59386199999994
13.104202 77.61742400000003
13.092158 77.53403800000001
13.090633 77.53894000000003
13.097807 77.59897799999999
13.097829 77.56792100000007
13.105771 77.58224999999993
13.0846617 77.62688400000002
13.083906 77.56024300000001
13.084713 77.627659
13.084056 77.56132500000001
13.08584 77.555792
13.084178 77.59398999999996
13.092148 77.53385200000002
13.09326 77.52853600000003
13.091998 77.53317900000002
13.051569 77.55202199999997
13.055965 77.55782799999997
13.050309 77.55755499999998
13.057803 77.55132800000001
13.0577455 77.55143479999992
13.050691 77.54158299999995
13.056527 77.54639299999997
13.0556382 77.55724310000005
13.049805 77.55351999999993
13.056149 77.54621999999995
13.0503239 77.53489209999998
13.04973 77.53733999999997
13.05471 77.54890699999999
13.049703 77.537916
13.054678 77.54907309999999
13.054618 77.54098099999999
13.0519893 77.55186800000001
13.054743 77.54102899999998
13.0560957 77.55750899999998
13.053843 77.53293400000007
13.0339151 77.56856199999993
13.051086 77.50763600000005
13.041862 77.54735299999993
13.0315529 77.50367670000003
13.038118 77.49382200000002
13.049946 77.51633530000004
13.055064 77.534582
13.0637128 77.50483310000004
13.0412735 77.51913430000002
13.0410018 77.54556479999997
13.041187 77.56276000000003
13.034975 77.51805300000001
13.0360958 77.52562519999992
13.050228 77.49232699999993
13.047116 77.572767
13.061854 77.55115999999998
13.0409391 77.5049186
13.033814 77.568757
13.056263 77.50722999999994
13.0459911 77.57528609999997
13.037971 77.55341499999997
13.043735 77.51819799999998
13.047303 77.50170200000002
13.045537 77.50555499999996
13.050307 77.52536399999997
13.0351641 77.52705749999996
13.0372207 77.49131169999998
13.031551 77.50345500000003
13.045853 77.54114000000004
13.054952 77.534762
13.062908 77.49988400000007
13.060527 77.53121599999997
13.047231 77.575605
13.053551 77.53292899999997
13.0433883 77.56109229999993
13.04046 77.49610699999994
13.039453 77.50015299999995
13.046979 77.50160900000003
13.039465 77.51838799999996
13.0450866 77.55671910000001
13.0347278 77.52993019999997
13.058414 77.55917599999998
13.0437858 77.55788540000003
13.049038 77.54485399999999
13.035002 77.51791100000003
13.048927 77.54988500000002
13.049618 77.53798299999994
13.04894 77.56745899999999
13.045013 77.50769000000003
13.058908 77.58099500000003
13.042579 77.56667500000003
13.0634366 77.50550550000003
13.062009 77.57398
13.042684 77.56659400000001
13.0431339 77.51310999999998
13.036049 77.49754600000006
13.042503 77.580739
13.047187 77.57585300000005
13.0460395 77.55594289999999
13.052961 77.53027199999997
13.033735 77.50408600000003
13.033601 77.50413600000002
13.041721 77.57275200000004
13.048862 77.53546899999992
13.0490602 77.51230540000006
13.041681 77.547371
13.0398298 77.49902309999993
13.0405184 77.49622420000003
13.05006 77.52548999999999
13.0586804 77.55913520000001
13.05865 77.58311900000001
13.057023 77.507248
13.03508 77.55723999999998
13.039625 77.51822900000002
13.0327916 77.5539569
13.0634132 77.58569080000007
13.042902 77.51237700000001
13.050781 77.49217799999997
13.049391 77.54475500000001
13.045551 77.50543800000003
13.063836 77.504951
13.038263 77.55334900000003
13.0570714 77.50718340000003
13.0337138 77.50399249999998
13.0344743 77.55735040000002
13.0452152 77.50548720000006
13.042729 77.550072
13.036014 77.49374399999999
13.0423814 77.58077679999997
13.044562 77.56384400000002
13.0614714 77.5309896
13.041736 77.57258139999999
13.0439942 77.56153019999999
13.0469228 77.56966710000006
13.041632 77.51783
13.046352 77.52238799999998
13.0620567 77.55113840000001
13.048467 77.53564299999994
13.06285 77.58520499999997
13.043734 77.55320499999993
13.04391 77.55486599999995
13.058105 77.52179699999999
13.038584 77.50446499999998
13.059947 77.576548
13.031638 77.53537200000005
13.0466455 77.52260649999994
13.06346 77.57206700000006
13.04469 77.56386099999997
13.060685 77.50098300000002
13.054668 77.56895600000007
13.049158 77.55740800000001
13.0503941 77.52575530000001
13.0443903 77.52516930000002
13.058574 77.58299199999999
13.03931 77.50005699999997
13.049701 77.56757300000004
13.05786 77.56443000000002
13.0438651 77.57059730000003
13.062564 77.49527
13.062385 77.49771099999998
13.040787 77.56274499999995
13.058802 77.58106299999997
13.040746 77.55018500000006
13.0535353 77.53065370000002
13.057064 77.50186699999995
13.050263 77.49209700000006
13.039979 77.51863800000001
13.0452931 77.54792529999997
13.049309 77.55410000000006
13.0412314 77.55723839999996
13.0359638 77.49358619999998
13.063727 77.53061200000002
13.041347 77.54886199999999
13.0362142 77.56633020000004
13.0464657 77.5076196
13.0460832 77.55651179999995
13.0363257 77.56668450000006
13.048769 77.55045500000006
13.0377439 77.57429780000007
13.0340496 77.57572879999998
13.033145 77.55410699999993
13.0412631 77.5455326
13.044335 77.50927100000001
13.054907 77.56871899999999
13.0486474 77.49669489999997
13.0344 77.49914100000001
13.054859 77.53476
13.039372 77.51899700000001
13.03268 77.55393000000004
13.0342078 77.5303566
13.044167 77.55463800000007
13.0426558 77.51322270000003
13.0397018 77.49400730000002
13.0435574 77.55330070000002
13.046147 77.52241500000002
13.03257 77.55420000000004
13.0437616 77.55636170000002
13.041317 77.54877299999998
13.0554148 77.57327459999999
13.040899 77.504771
13.043287 77.56142899999998
13.0399748 77.51834839999992
13.056885 77.53268400000002
13.0543331 77.49908210000001
13.0450702 77.508553
13.034296 77.57566999999995
13.04503 77.53498000000002
13.047323 77.572586
13.038067 77.49390500000004
13.055258 77.47985500000004
13.0523943 77.48749759999998
13.054801 77.47981299999992
13.0518953 77.48775780000005
13.053998 77.48329799999999
13.0655186 77.49298269999997
13.063952 77.488519
13.065456 77.49400400000002
13.0534865 77.48335629999997
13.06485 77.517335
13.0512237 77.50781000000006
13.051813 77.48732500000006
13.0506123 77.49240340000006
13.052214 77.48819400000002
13.057323 77.509367
13.0641074 77.51580200000001
13.062466 77.49520000000007
13.026172 77.47314200000005
13.029117 77.53913499999999
13.059097 77.46596599999998
13.0644291 77.58368969999992
13.075878 77.45853599999998
13.068087 77.48936300000003
13.060624 77.46126400000003
13.071361 77.57647599999996
13.0750054 77.47331140000006
13.084529 77.44784000000004
13.0350179 77.41608380000002
13.024287 77.51082799999995
13.075794 77.47242899999992
13.0790916 77.42458110000007
13.0722361 77.55642230000001
13.025678 77.447634
13.0266035 77.54437389999998
13.0731496 77.54138420000004
13.073138 77.50295600000004
13.0698427 77.4843836
13.037349 77.42598699999996
13.073559 77.54634299999998
13.024845 77.48639500000002
13.05704 77.47348439999996
13.072129 77.55624799999998
13.072955 77.541245
13.057732 77.58908599999995
13.0689962 77.44783039999993
13.025922 77.45943599999998
13.0738454 77.43907030000003
13.06552 77.45445599999994
13.059509 77.43562500000007
13.0268753 77.57927480000001
13.026805 77.58646899999997
13.084973 77.46562999999992
13.034337 77.43942600000003
13.0721937 77.55640420000009
13.041592 77.42227700000001
13.0654951 77.55263509999997
13.0232639 77.58393109999997
13.028093 77.51892099999998
13.075384 77.43640099999993
13.027715 77.49376499999994
13.073478 77.54646300000002
13.0667532 77.50336019999997
13.03052 77.54934000000003
13.0550516 77.47883950000005
13.0383004 77.58907469999997
13.02147 77.53535999999997
13.025841 77.45932700000003
13.029086 77.46441299999992
13.076307 77.42379299999993
13.0417896 77.44842900000003
13.07949 77.424172
13.0684841 77.55999640000005
13.071501 77.57653400000004
13.041284 77.58918819999997
13.043778 77.42955899999993
13.08507 77.46554300000003
13.029903 77.43906400000003
13.066878 77.49720500000001
13.025697 77.45462700000007
13.073435 77.43891400000007
13.059506 77.41922699999998
13.025614 77.55767300000002
13.029323 77.48368000000005
13.060892 77.46119799999997
13.029083 77.49787100000003
13.0735759 77.56677149999996
13.041204 77.58969200000001
13.0232064 77.54904629999999
13.071482 77.42284599999994
13.065698 77.40411199999994
13.059406 77.43564800000001
13.073269 77.56669099999999
13.0723562 77.55644380000001
13.067391 77.50010599999996
13.056733 77.47472300000004
13.066887 77.50320799999997
13.0566037 77.47333559999993
13.066732 77.50333899999998
13.155781 77.681284
13.138159 77.45335399999999
13.15687 77.623108
13.130362 77.46242699999993
13.129254 77.45585000000005
13.135894 77.71816799999999
13.045876 77.797732
13.005985 77.44227999999998
13.00239 77.61632699999996
12.9904952 77.58868510000002
13.0266605 77.59079099999997
12.99252 77.65479000000005
12.99791 77.58464500000002
13.03764 77.69160599999998
13.025974 77.34852699999999
13.009985 77.56910599999992
13.01025 77.61481000000003
13.020383 77.555836
13.0293265 77.60146740000005
13.02636 77.66069000000005
13.0169712 77.6600535
13.01967 77.51882
13.0039201 77.57861230000003
12.9979157 77.57135419999997
12.973167 77.36168799999996
13.097968 77.39376500000003
13.047579 77.628605
13.0498389 77.59305270000004
13.055087 77.60185999999999
12.984929 77.55341099999998
13.008741 77.53051499999992
13.083863 77.3931
12.98782 77.51483600000006
12.994878 77.36452699999995
12.9905718 77.55260040000007
13.028538 77.60447299999998
13.0103813 77.65774399999998
12.9914127 77.56389539999998
13.014654 77.63574300000005
13.0179528 77.55585180000003
13.018707 77.52619900000002
13.0184842 77.56120469999996
13.017653 77.53414900000007
13.020267 77.50799499999994
13.0185078 77.55341829999998
13.0203474 77.50815069999999
13.02324 77.57214999999997
13.018766 77.52627400000006
13.043941 77.49050199999999
13.036813 77.488655
13.028827 77.54031099999997
13.02822 77.48959200000002
13.023048 77.54977299999996
13.021519 77.52637900000002
13.016749 77.50563899999997
13.028265 77.48942399999999
13.028159 77.51897899999994
13.023537 77.5217897
13.018588 77.53957300000002
13.0307924 77.53610189999995
13.017748 77.556919
13.02419 77.54774700000007
13.0188712 77.55350420000002
13.021492 77.52708600000005
13.0198588 77.55263509999997
13.017554 77.55952300000001
13.022916 77.53306999999995
13.01974 77.55547000000001
13.020944 77.52917000000002
13.0294833 77.54007969999998
13.026176 77.56195400000001
13.044012 77.49061200000006
13.024033 77.54792700000007
13.016319 77.50596199999995
13.0283302 77.51980509999999
13.0283962 77.56163659999993
13.029404 77.55935899999997
13.0263069 77.54402789999995
13.0278589 77.53830730000004
13.020302 77.58382400000005
13.022509 77.52408300000002
13.0195024 77.58398680000005
13.025216 77.51130699999999
13.026566 77.51492299999995
13.0246907 77.54768769999998
13.030591 77.53738399999997
13.022899 77.522872
13.028852 77.56154839999999
13.0185836 77.53195260000007
13.0179707 77.55870559999994
13.0208022 77.52914429999998
13.018594 77.53973700000006
13.020086 77.52082500000006
13.0263752 77.56179410000004
13.027062 77.57971399999997
13.021258 77.52656400000001
13.029771 77.54023899999993
13.017672 77.553811
13.023708 77.52182500000004
13.030757 77.57739800000002
13.016321 77.52019700000005
13.0368522 77.48682980000001
13.035734 77.48439200000007
13.044301 77.48513400000002
13.035414 77.52633100000003
13.049962 77.51620000000003
13.049104 77.49684200000002
13.040995 77.51891699999999
13.0384998 77.5043164
13.044109 77.52505900000006
13.042967 77.51315999999997
13.058603 77.46620499999995
13.0589579 77.46470690000001
13.0609737 77.46183289999999
13.054546 77.53234999999995
13.048881 77.53564400000005
13.0353314 77.61351590000004
13.016685 77.48309100000006
13.036622 77.59738199999993
13.020503 77.61902199999997
13.019885 77.44844
13.0184218 77.59882029999994
13.032353 77.62199699999996
13.066429 77.609736
13.027574 77.63243799999998
13.049227 77.60357899999997
13.0257085 77.63231289999999
13.0496586 77.59268580000003
13.029327 77.63118699999995
13.029703 77.6095507
13.039969 77.62465999999995
13.0297992 77.60470379999992
13.041219 77.62077399999998
13.07278 77.59274000000005
13.0265785 77.603792
13.02888 77.60133799999994
13.0409756 77.6234293
13.0348977 77.60461629999998
13.0174874 77.59195090000003
13.0576551 77.59328909999999
13.015055 77.62741499999993
13.039883 77.62421300000005
13.028954 77.60142999999994
13.03373 77.59929
13.016681 77.48320899999999
13.056244 77.63296000000003
13.015308 77.62893699999995
13.058161 77.62360000000001
13.015984 77.61778500000003
13.0333455 77.62926579999998
13.04117 77.59005000000002
13.025231 77.619688
13.0118626 77.54407360000005
13.000355 77.61850400000003
13.0372673 77.71049629999993
13.097461 77.470685
12.992052 77.50458800000001
13.0702817 77.64265539999997
13.094594 77.69315800000004
13.1090723 77.46339799999998
13.0120529 77.66784669999993
13.0053627 77.68518180000001
13.111405 77.438263
12.9938896 77.60202520000007
13.111926 77.48180300000001
13.036744 77.65502600000002
12.999096 77.44280500000002
13.0060552 77.7003846
12.9974321 77.54892619999998
13.102807 77.74407799999994
13.088497 77.78082900000004
13.072718 77.73708799999997
13.102743 77.74433199999999
13.032189 77.75874499999998
13.099618 77.74363700000004
12.997723 77.73670400000003
13.0630339 77.73990690000005
12.9890336 77.57424289999994
13.051468 77.78489100000002
12.98553 77.70835
13.072138 77.78674899999999
13.056214 77.76772000000005
13.0599978 77.80676360000007
13.047644 77.73861409999995
13.0532167 77.76183889999993
13.063206 77.739961
13.06062 77.76187000000004
13.061317 77.741941
13.045826 77.72271599999999
13.0568206 77.71505359999992
13.06995 77.78348400000004
13.04637 77.78480000000002
13.044182 77.760266
13.053063 77.76149699999996
13.046479 77.750318
13.0708356 77.78437259999998
13.0464002 77.75025219999998
13.070216 77.78704300000004
13.061227 77.74188700000002
13.060185 77.78451300000006
13.05315 77.76195800000005
13.07167 77.78661
13.0459351 77.74983910000003
13.0724567 77.78712380000002
13.0566455 77.76764359999993
13.042507 77.77099399999997
13.068951 77.80899199999999
13.0499329 77.72002099999997
13.046001 77.79775999999993
13.072606 77.73720900000001
13.0595797 77.80586240000002
13.060223 77.78438800000004
13.046361 77.78497600000003
13.049319 77.80198300000006
13.047305 77.75165500000003
13.041696 77.744462
13.0498729 77.79260290000002
13.05996 77.75988000000007
13.0464368 77.75045869999997
13.051539 77.78468499999997
13.050172 77.71997699999997
13.0457418 77.7219629
13.071575 77.720822
13.043993 77.76276400000006
13.060254 77.71628199999998
13.068908 77.80887699999994
13.0425225 77.75453570000002
13.058419 77.75596100000007
13.058514 77.75576799999999
13.07029 77.78695800000003
13.072628 77.78820500000006
13.063433 77.73994100000004
13.05683 77.71518700000001
13.045948 77.79763300000002
13.051325 77.78481599999998
13.042326 77.74469199999999
13.060164 77.71614699999998
13.0670941 77.78126120000002
13.07258 77.78757500000006
13.049233 77.80189500000006
13.044203 77.76046500000007
13.053769 77.76186099999995
13.047415 77.73810800000001
13.056191 77.76682600000004
13.077183 77.79963599999996
13.0792 77.73704599999996
13.0818192 77.73848529999998
13.088469 77.78073399999994
13.076922 77.80218300000001
13.077439 77.80216700000005
13.077298 77.80328600000007
13.089952 77.80838500000004
13.081816 77.73842200000001
13.076217 77.81148499999995
13.078873 77.78677700000003
13.087926 77.80741799999998
13.076272 77.81158900000003
13.074407 77.74696700000004
13.0773842 77.80141000000003
13.0839301 77.73395779999998
13.077806 77.80174799999998
13.07917 77.73691499999995
13.076917 77.80203299999994
13.081977 77.73840700000005
13.079621 77.81225700000005
13.078092 77.809485
13.077739 77.80192499999998
13.087832 77.80747500000007
13.056127 77.65186500000004
13.0684282 77.68237269999997
13.054473 77.67102399999999
13.048279 77.64535999999998
13.040177 77.74163399999998
13.064661 77.65192400000001
13.1025101 77.7440858
13.0764267 77.68140790000007
13.094618 77.77864399999999
13.064866 77.65168599999993
13.0871697 77.71453859999997
13.095409 77.69377600000007
13.099597 77.715195
13.040371 77.67959700000006
13.0389715 77.75989159999995
13.054413 77.67095199999994
13.054611 77.67093699999998
13.09968 77.74375599999996
13.09477 77.74290300000007
13.09879 77.7151394
13.085148 77.68723799999998
13.0382646 77.6653576
13.038931 77.67744300000004
13.0660072 77.68864180000003
13.091938 77.74163799999997
13.099732 77.71496400000001
13.0696011 77.65912950000006
13.10299 77.75077899999997
13.056905 77.64828299999999
13.095148 77.69374700000003
13.061841 77.68678999999997
13.102146 77.77776799999992
13.0400385 77.67946159999997
13.0658243 77.65182319999997
13.0385429 77.64658750000001
13.09454 77.73541
13.057196 77.64827600000001
13.0526461 77.64612520000003
13.051877 77.68114500000001
13.086694 77.71494499999994
13.051971 77.68097880000005
13.057101 77.64859899999999
13.038796 77.67744700000003
13.094667 77.68340799999999
13.0943593 77.74284119999993
13.053186 77.64607799999999
13.039699 77.74170400000003
13.080989 77.68280800000002
13.056263 77.65185599999995
13.065781 77.64303399999994
13.070983 77.67366600000003
13.0516523 77.69124090000003
13.039593 77.72941100000003
13.094592 77.77855699999998
13.09241 77.79331400000001
13.038515 77.64662999999996
13.0381 77.75968699999999
13.071494 77.65150670000003
13.061576 77.64887799999997
13.0616196 77.68653799999993
13.051654 77.69106999999997
13.080892 77.69126400000005
13.0569766 77.64821589999997
13.039632 77.66792599999997
13.052338 77.68200999999999
13.080761 77.69136300000002
13.079831 77.68550299999993
13.0660882 77.6887706
13.098006 77.66581399999995
13.094642 77.68329399999993
13.0396169 77.71237129999997
13.0618149 77.64892229999998
13.0717448 77.66364099999998
13.0665279 77.66015449999998
13.051686 77.68837299999996
13.039123 77.73992599999997
13.083679 77.67541699999992
13.0784672 77.69173709999995
13.0931054 77.65431760000001
13.077879 77.65360099999998
13.0554096 77.70560150000006
13.1003888 77.65745579999998
13.054697 77.67079899999999
13.0805442 77.65344860000005
13.039556 77.72966099999996
13.0858321 77.68724440000005
13.0583674 77.64865280000004
13.079703 77.68544599999996
13.0262963 77.63852700000007
13.034733 77.75891200000001
13.020889 77.70505000000003
13.037401 77.69272690000003
13.023228 77.71543299999996
13.0211158 77.75221820000002
13.0263327 77.63630869999997
13.027119 77.76090799999997
13.0262063 77.7205682
13.035071 77.79643999999996
13.0394287 77.64147520000006
13.0648212 77.64077329999998
13.0268021 77.76886940000009
13.02418 77.692721
13.036793 77.64096300000006
13.036048 77.73585200000002
13.064863 77.64063899999996
13.070339 77.64282000000003
13.025291 77.640537
13.025416 77.63145399999996
13.06756 77.63391000000001
13.021159 77.679077
13.033326 77.785573
13.030761 77.66801800000007
13.031612 77.63600700000006
13.0241709 77.69281000000001
13.0261828 77.63173610000001
13.025926 77.63693799999999
13.020686 77.68396009999992
13.0319552 77.63604970000006
13.021583 77.70001000000002
13.033438 77.78560900000002
13.023905 77.71591999999998
13.020585 77.67613499999993
13.020932 77.70496600000001
13.035827 77.79356800000005
13.020625 77.68351800000005
13.023897 77.74748299999999
13.021069 77.63685499999997
13.031873 77.79309699999999
13.0676872 77.63351710000006
13.027069 77.76073599999995
13.0227046 77.64746020000007
13.0700648 77.63358010000002
13.0377468 77.65061739999999
13.032422 77.65376900000001
13.020952 77.63696800000002
13.027455 77.64122099999997
13.052277 77.63104599999997
13.0346625 77.77058599999998
13.031945 77.79298500000004
13.034673 77.77018499999997
13.0239 77.68649000000005
13.0317358 77.75856969999995
13.028348 77.63326000000006
13.061719 77.63322400000004
13.026511 77.66085220000002
13.028881 77.66389200000003
13.0278474 77.6325488
13.022491 77.64782000000002
13.0358723 77.63144369999998
13.023115 77.70614499999999
13.067618 77.63364449999995
13.022961 77.70620699999995
13.035946 77.79355099999998
13.032077 77.73137799999995
13.027457 77.63392799999997
13.0623258 77.63332130000003
13.037175 77.77039400000001
13.055898 77.63217099999997
13.032415 77.73140599999999
13.0223153 77.63724000000002
13.031693 77.71602000000007
13.019456 77.65578900000003
13.018597 77.70695899999998
13.019374 77.65433299999995
13.019931 77.67446500000005
13.017102 77.704251
13.017461 77.70487600000001
13.019205 77.67814699999997
13.017166 77.66030899999998
13.01729 77.68500210000002
13.019991 77.67432299999996
13.0186957 77.71695180000006
13.03588 77.73526400000003
13.0199816 77.67458710000005
13.0337892 77.67453279999995
13.0211963 77.67882159999999
13.0195792 77.65453219999995
13.031254 77.74299799999994
13.0329169 77.74485830000003
13.018224 77.67183
13.0171932 77.70459419999997
13.036534 77.65489600000001
13.019289 77.65581799999995
13.0325093 77.70325179999998
13.036071 77.70881600000007
13.021441 77.70011899999997
13.036218 77.70892600000002
13.0338905 77.65516090000006
13.032174 77.73142099999995
13.030368 77.67752100000007
13.0199424 77.7095577
13.021995 77.68797599999994
13.0317998 77.73056610000003
13.0365935 77.65488490000007
13.024032 77.73648400000002
13.0175983 77.70520450000004
13.02632 77.72020999999995
13.037697 77.65050500000007
13.01933 77.67820600000005
13.032609 77.731043
13.036153 77.73538200000007
13.032555 77.65371800000003
13.025874 77.64992699999993
13.039127 77.74006299999996
13.0288082 77.66376450000007
13.0333007 77.6731962
13.006018 77.62087799999995
13.0109317 77.65913690000002
13.0145382 77.65771330000007
13.0025825 77.63467479999997
13.013372 77.76100300000007
13.006367 77.64522599999998
13.004264 77.71266700000001
13.007177 77.64077399999996
13.013597 77.70967799999994
13.014412 77.63558499999999
13.006642 77.61251500000003
13.008057 77.683131
13.0121609 77.62573859999998
13.008074 77.784224
13.013192 77.64946599999996
13.013297 77.76112599999999
13.010775 77.615227
13.012258 77.625633
13.01193 77.61762999999996
13.011761 77.67867030000002
13.0066485 77.67655850000006
13.0044326 77.71005220000006
13.0048662 77.69136900000001
13.0040384 77.66328039999996
12.999488 77.61589099999992
13.0178414 77.63640310000005
13.0147812 77.63579830000003
13.0111709 77.66225429999997
13.0211869 77.6298114
13.057308 77.627656
13.021206 77.62874280000005
13.00806 77.69260380000003
13.021334 77.62862610000002
13.034861 77.62293199999999
13.0134385 77.66172600000004
12.99989 77.67628100000002
13.0003093 77.67592079999997
13.014189 77.65830800000003
13.0289606 77.61066240000002
13.0004711 77.61599850000005
13.0000025 77.67652900000007
13.0024948 77.66128600000002
13.0116949 77.6985522
13.011918 77.67852599999992
13.018171 77.64715799999999
13.013106 77.76115299999992
13.019583 77.60769600000003
13.0041447 77.61951820000002
13.001225 77.757472
13.003708 77.61547599999994
13.003084 77.66785400000003
13.014395 77.63609300000007
13.008389 77.70943160000002
13.015562 77.68319399999996
13.056241 77.61143600000003
13.1651574 77.67879010000001
13.161449 77.64273200000002
12.9198425 77.56910919999996
12.896163 77.54871500000002
12.9065534 77.57748019999997
12.917088 77.51133900000002
12.942 77.55468599999995
12.91691 77.59211700000003
12.943462 77.75123299999996
12.9425859 77.60793690000003
12.898807 77.55813699999999
12.8889016 77.62567160000003
12.939651 77.69514200000003
12.9303295 77.54355980000003
12.892839 77.67886799999997
12.9141 77.65182000000004
12.878935 77.56753100000003
12.88421 77.59661000000006
12.924239 77.573487
12.927798 77.77582200000006
12.8802077 77.62444950000008
12.894987 77.55479000000003
12.912147 77.64476100000002
12.907279 77.69516699999997
12.912004 77.56735300000003
12.874884 77.53724899999997
12.8703027 77.657555
12.94425 77.53012000000001
12.968341 77.70162600000003
12.992578 77.637651
12.861951 77.59047399999997
12.9012384 77.66036329999997
12.963699 77.74840199999994
12.9151433 77.55204530000003
12.883849 77.50188500000002
12.965956 77.65795600000001
12.94984 77.62648899999999
12.888753 77.652467
12.891797 77.60444800000005
12.906783 77.51214200000004
12.9095277 77.53657909999993
12.8979284 77.53912209999999
12.872723 77.56636400000002
12.921415 77.73632799999996
12.95693 77.70177999999999
12.954735 77.68002100000001
12.9589599 77.65960159999997
12.9617777 77.63851399999999
12.956111 77.69164699999999
12.958643 77.66527500000007
12.9393287 77.69487260000005
12.961727 77.68205
12.930631 77.67598500000008
12.9422238 77.69668580000007
12.956877 77.67463499999997
12.935543 77.70603000000006
12.956769 77.70222799999999
12.9548404 77.64127940000003
12.9609308 77.716451
12.957099 77.70156500000007
12.959191 77.66642200000001
12.9485904 77.70820589999994
12.958411 77.66564730000005
12.9562454 77.70886969999992
12.954166 77.64141619999998
12.9455398 77.68057640000006
12.9569681 77.70182490000002
12.937681 77.72864900000002
12.95706 77.70044000000007
12.938922 77.71745199999998
12.939517 77.69481799999994
12.950067 77.69970899999998
12.9301567 77.68542589999993
12.942259 77.69713300000001
12.9605491 77.71652470000004
12.9593521 77.66041840000003
12.9565341 77.70123880000006
12.94713 77.68070599999999
12.9583665 77.66575460000001
12.94585 77.64008999999999
12.9617015 77.63860750000003
12.94362 77.65370400000006
12.9312808 77.68624410000007
12.959537 77.65419700000007
12.951181 77.63969799999995
12.9563512 77.70485580000002
12.94598 77.63995999999997
12.9567513 77.65677719999996
12.955898 77.72155099999998
12.954084 77.70025099999998
12.935308 77.70575699999995
12.9580999 77.6413116
12.9564845 77.70899980000002
12.9602721 77.66777690000004
12.945971 77.64903300000003
12.946414 77.67309
12.958497 77.66637200000002
12.9600039 77.64671840000005
12.948835 77.70791099999997
12.9583404 77.71557789999997
12.955218 77.68778199999997
12.939341 77.695516
12.952302 77.70622900000001
12.9613338 77.63614559999996
12.961188 77.63650600000005
12.9315475 77.68648680000001
12.9600708 77.64708910000002
12.939589 77.69558400000005
12.9550756 77.68809199999998
12.9559093 77.71568589999993
12.941261 77.69658099999992
12.9602695 77.70122949999995
12.959333 77.65706499999999
12.9591262 77.71467050000001
12.9562362 77.69385869999996
12.935508 77.69104199999992
12.955874 77.69163700000001
12.955017 77.68960600000003
12.961552 77.68208200000004
12.9558703 77.71394310000005
12.939537 77.72889299999997
12.9569799 77.64132629999995
12.9592186 77.65622489999998
12.958289 77.66792599999997
12.954731 77.68348700000001
12.930412 77.68525499999998
12.9582045 77.66747650000002
12.95953 77.653773
12.9595872 77.64937429999998
12.932011 77.68713400000001
12.93962 77.72903599999995
12.9557349 77.72048889999996
12.9317807 77.68732640000007
12.952288 77.70641699999999
12.958544 77.66572300000007
12.956637 77.67561999999998
12.9552194 77.68818859999999
12.959628 77.70139500000005
12.9350782 77.69050600000003
12.9515941 77.69960489999994
12.954656 77.68221240000003
12.9417729 77.6967287
12.959309 77.65397400000006
12.9605178 77.6436344
12.9611408 77.63807270000007
12.9568792 77.70063400000004
12.961581 77.63820399999997
12.942439 77.69687899999997
12.931778 77.68732599999998
12.93562 77.70607999999993
12.9597192 77.65059399999996
12.9560637 77.6937461
12.945911 77.64919499999996
12.955402 77.69018699999992
12.9560437 77.73039419999998
12.9545371 77.64141080000002
12.9593049 77.65799760000004
12.9570465 77.71505359999992
12.952261 77.64012100000002
12.9522847 77.7000716
12.958505 77.66594759999998
12.9362859 77.7035952
12.9605988 77.64126329999999
12.9543648 77.62268949999998
12.919649 77.64308619999997
12.910572 77.684709
12.9416266 77.62180660000001
12.9638086 77.64155729999993
12.9176654 77.57413900000006
12.930882 77.61139700000001
12.91994 77.58051699999999
12.9277791 77.68073800000002
12.941162 77.5801262
12.932355 77.760447
12.9398496 77.6095881
12.92403 77.58001999999999
12.945505 77.62291800000003
12.924949 77.67404199999999
12.913833 77.67766899999992
12.9389241 77.58516740000005
12.917436 77.63832500000001
12.9413207 77.57365549999997
12.965054 77.617888
12.9385864 77.59822989999998
12.9396581 77.5723815
12.916674 77.59610399999997
12.908039 77.61353699999995
12.929113 77.68295499999999
12.935314 77.60119899999995
12.92218 77.64528999999993
12.953902 77.61702700000001
12.9372819 77.61831029999996
12.9293467 77.57355239999993
12.941137 77.76426300000003
12.926636 77.59703999999999
12.925877 77.62039900000002
12.920108 77.65150199999994
12.9367513 77.58308349999993
12.930728 77.57814200000007
12.9441021 77.60747019999997
12.9369029 77.57724170000006
12.926384 77.59715949999998
12.91968 77.61288000000002
12.920281 77.74182500000006
12.9122 77.63788
12.919692 77.610548
12.964662 77.75508200000002
12.941578 77.573893
12.957692 77.61434400000007
12.907229 77.70535199999995
12.965734 77.61736599999995
12.917836 77.57788900000003
12.9176703 77.57760889999997
12.9351734 77.5785985
12.912704 77.71171800000002
12.9284016 77.62117089999992
12.9278967 77.68038100000001
12.920002 77.58017599999994
12.9364653 77.58394709999993
12.920119 77.62092099999995
12.9622447 77.61908310000001
12.922664 77.71763699999997
12.907248 77.63534500000003
12.912276 77.65175399999998
12.964545 77.62569400000007
12.965266 77.61756700000001
12.907031 77.59947999999997
12.9139624 77.6001238
12.9376976 77.58496639999998
12.922491 77.58365300000003
12.9214947 77.58358240000007
12.962316 77.61860100000001
12.906206 77.58762200000001
12.92397 77.58029599999998
12.926773 77.62249799999995
12.920981 77.58371499999998
12.941746 77.6158385
12.938074 77.6279515
12.917493 77.63815699999998
12.914437 77.66681599999993
12.923982 77.60022200000003
12.9514814 77.62153469999998
12.9318275 77.5838238
12.9081734 77.60040819999995
12.928818 77.73950000000002
12.924713 77.618698
12.94783 77.59160500000007
12.909885 77.60995500000001
12.916858 77.59746900000005
12.942021 77.75729999999999
12.9446458 77.57989700000007
12.9325529 77.58034229999998
12.907837 77.649228
12.9441334 77.60761500000001
12.9477659 77.59201759999996
12.930836 77.60986400000002
12.954222 77.62306899999999
12.939562 77.57215199999996
12.936938 77.57220099999995
12.925755 77.600327
12.93977 77.760628
12.9842154 77.66105930000003
12.982971 77.63745700000004
12.983666 77.60355000000004
12.986373 77.64815099999998
12.9878142 77.59426380000002
12.982569 77.61464799999999
12.978004 77.64077250000003
12.983457 77.59720500000003
12.985755 77.679261
12.983515 77.64053200000001
12.979294 77.68074899999999
12.98843 77.593793
12.9785111 77.64615300000003
12.975861 77.65580399999999
12.9852401 77.64306069999998
12.983677 77.64942099999996
12.983637 77.64068199999997
12.9838429 77.64013410000007
12.9778204 77.64653939999994
12.980701 77.65673400000003
12.987961 77.65057100000001
12.967042 77.62110400000006
12.966887 77.62039000000004
12.984123 77.59766100000002
12.985678 77.60531000000003
12.9874968 77.62211500000001
12.9720473 77.65412719999995
12.979495 77.66111999999998
12.9824257 77.63430210000001
12.978302 77.64121769999997
12.98725 77.64851999999996
12.96681 77.62096999999994
12.9785424 77.62911280000003
12.973618 77.64106500000003
12.964836 77.61779899999999
12.984053 77.60341500000004
12.962619 77.61882800000001
12.9657308 77.65799719999995
12.9876823 77.64995369999997
12.98432 77.61168499999997
12.9737269 77.67345039999998
12.9684876 77.64980309999999
12.9685632 77.64130620000003
12.972476 77.65105870000002
12.9784956 77.64138639999999
12.971016 77.65893000000005
12.975092 77.62537199999997
12.9808111 77.65653309999993
12.9879809 77.64997019999998
12.971465 77.665662
12.975219 77.66610000000003
12.966629 77.60660099999996
12.978294 77.64025400000003
12.9766927 77.60142589999998
12.98412 77.58672460000003
12.9737035 77.61037190000002
12.967742 77.59352899999999
12.971639 77.65829699999995
12.979026 77.61502100000007
12.9741821 77.64690670000005
12.9825405 77.63457029999995
12.964538 77.67241100000001
12.98546 77.58842000000004
12.97278 77.61970999999994
12.9609394 77.58825780000006
12.97463 77.62004000000002
12.9819585 77.62394159999997
12.9715291 77.61961859999997
12.964729 77.58788849999996
12.96727 77.65803000000005
12.97488 77.62528999999995
12.983993 77.58709399999998
12.968278 77.61461499999996
12.9655546 77.60319140000001
12.9725674 77.6777386
12.985596 77.60547099999997
12.9657464 77.65775310000004
12.982188 77.58863500000007
12.962703 77.59008940000001
12.9762868 77.58652210000002
12.98345 77.59710399999994
12.982196 77.58712200000002
12.982629 77.63513599999999
12.98418 77.58710999999994
12.97834 77.63689999999997
12.958079 77.60590300000001
12.971373 77.60692029999996
12.98583 77.61529999999993
12.976407 77.60852999999997
12.9794703 77.62945890000003
12.969441 77.64127499999995
12.962491 77.59100699999999
12.9873648 77.62256430000002
12.9855877 77.6640701
12.977586 77.64661100000001
12.983888 77.59778400000005
12.964725 77.67760099999998
12.981418 77.66562599999997
12.987336 77.59467700000005
12.9674445 77.66489090000005
12.9638897 77.58433609999997
12.9781138 77.63593909999997
12.9582 77.61476500000003
12.967635 77.59966209999993
12.9685109 77.64961440000002
12.991398 77.68756800000006
12.9421102 77.55070920000003
12.9897663 77.57238660000007
12.9925827 77.53865470000005
12.997602 77.584655
12.999417 77.54973700000005
12.9483211 77.55934060000004
12.9824 77.69279900000004
12.99642 77.56405999999993
12.9899209 77.55545269999993
12.993794 77.62663299999997
12.990999 77.65667800000006
12.96918 77.70618080000008
12.994618 77.57840099999999
12.9908467 77.55092680000007
12.997511 77.69030999999995
12.9848338 77.56856900000002
12.937902 77.53350699999999
12.943535 77.56210099999998
12.993968 77.56644499999993
12.996064 77.53078299999993
12.9770526 77.72185560000003
12.9840259 77.53113989999997
12.98758 77.55088999999998
12.987939 77.53711199999998
12.994292 77.66327890000002
12.9968894 77.56880290000004
12.941941 77.55327399999999
12.99062 77.61375900000007
12.991012 77.61409700000002
12.996216 77.62156400000003
12.995598 77.61676499999999
12.994599 77.62696200000005
12.995803 77.61677600000007
12.994993 77.62886200000003
12.99413 77.62916700000005
12.98973 77.61529999999993
12.9912192 77.61413570000002
12.990712 77.613831
12.989572 77.61529949999999
12.99335 77.609959
12.995589 77.60187799999994
12.99515 77.60284999999999
12.995421 77.60837300000003
12.9918876 77.6024678
12.996467 77.62151999999992
12.991523 77.64329699999996
12.998869 77.62171699999999
12.9966557 77.61213109999994
12.993138 77.60978499999999
12.995036 77.64379699999995
12.991994 77.60431399999993
12.9838547 77.64009550000003
12.99553 77.60209399999997
12.9974 77.62095999999997
12.9955682 77.60653530000002
12.992182 77.60415339999997
12.987138 77.61980900000003
12.9963441 77.61242779999998
12.98591 77.61547100000007
12.991952 77.60165499999994
12.995498 77.60138400000005
12.999536 77.60962199999994
12.983312 77.6029522
12.992864 77.60940800000003
12.996025 77.60689200000002
12.992913 77.60977060000005
12.998216 77.62248999999997
12.9984867 77.6221137
12.9848021 77.64300409999998
12.9837198 77.63920000000007
12.992655 77.63789999999995
12.996338 77.61232599999994
12.987343 77.61923000000002
12.99502 77.59274600000003
12.99363 77.59564
12.9927815 77.59492009999997
12.990583 77.59943299999998
12.9938403 77.59733929999993
12.995217 77.59205999999995
12.982995 77.60325799999998
12.989724 77.59934199999998
12.9900668 77.59944139999993
12.983749 77.59640100000001
12.982442 77.61434899999995
12.984825 77.59696699999995
12.987579 77.59461299999998
12.983672 77.59660099999996
12.9898176 77.57169750000003
13.000546 77.59964000000002
12.9970713 77.66295089999994
13.003559 77.59387600000002
12.988747 77.57518700000003
12.99441 77.65802699999995
12.9877686 77.57456350000007
12.994394 77.66338080000003
12.933481 77.54199399999993
12.946278 77.52567099999999
12.92928 77.53501299999994
12.949583 77.52676999999994
12.9325261 77.51611869999999
12.942269 77.50586599999997
12.930793 77.53142600000001
12.972178 77.51267699999994
12.958856 77.51669900000002
12.949156 77.562726
12.9464443 77.5799882
12.9463005 77.58866519999992
12.9519091 77.6209556
12.9519909 77.62104099999999
12.9494492 77.56774910000001
12.94834 77.57379000000003
12.9477826 77.59202870000001
12.94931 77.62027
12.953998 77.61699199999998
12.96117 77.56885899999997
12.9737907 77.58138839999992
12.9603923 77.57193089999998
12.946764 77.62881600000003
12.963736 77.57916799999998
12.9463128 77.58860549999997
12.947618 77.59120789999997
12.9481221 77.57013059999997
12.9503809 77.59612709999999
12.949766 77.60622799999999
12.950721 77.62384199999997
12.9563951 77.62091090000001
12.953972 77.61762899999997
12.947669 77.59397200000001
12.9575516 77.61423719999993
12.9526185 77.60527609999997
12.952082 77.60530300000005
12.951589 77.60775699999999
12.952496 77.604873
12.9527231 77.6051688
12.961478 77.57523800000001
12.953525 77.60522700000001
12.959234 77.57697299999995
12.9538833 77.59153049999998
12.954754 77.59308099999998
12.96356 77.58437500000002
12.9553239 77.5928801
12.960407 77.57634699999994
12.967957 77.591541
12.961852 77.597802
12.9524727 77.58331150000004
12.95836 77.60601999999994
12.9615693 77.57520699999998
12.963929 77.58382699999993
12.955015 77.60536200000001
12.961517 77.61424829999999
12.9606576 77.60102749999999
12.9616364 77.61330479999992
12.965485 77.60678600000006
12.9641966 77.5776012
12.9559957 77.57728729999997
12.96477 77.61023999999998
12.9564788 77.62098909999997
12.955302 77.579926
12.9635 77.57894999999996
12.957507 77.575557
12.965643 77.59547999999995
12.9535506 77.61754399999995
12.967071 77.62034100000005
12.960482 77.57756100000006
12.9601739 77.57716579999999
12.9537007 77.5799078
12.95465 77.62069999999994
12.9541003 77.58573120000005
12.953007 77.57734299999993
12.962327 77.61820999999998
12.9583535 77.59302909999997
12.964886 77.59628799999996
12.95557 77.58563000000004
12.967473 77.59943899999996
12.958915 77.58675199999993
12.96078 77.60053700000003
12.9605491 77.58799729999998
12.957967 77.60607099999993
12.960911 77.588078
12.9657716 77.60687469999993
12.9680875 77.594786
12.9533034 77.57680449999998
12.958509 77.574026
12.9572418 77.57305339999994
12.95353 77.57385999999997
12.957792 77.5737077
12.977357 77.57077000000004
12.977257 77.57100500000001
12.9748412 77.5733669
12.9760246 77.57439640000007
12.974845 77.57164809999995
12.9768605 77.57230660000005
12.987713 77.55090799999994
12.990801 77.56651599999998
12.994975 77.56634600000007
12.989235 77.55427199999997
12.9953145 77.55065960000002
12.991529 77.56783399999995
12.9960652 77.55152069999997
12.9889447 77.54250969999998
12.994692 77.57833400000004
12.997303 77.54559100000006
12.985615 77.54917499999999
12.9851837 77.5440936
12.9904622 77.55247140000006
12.9972897 77.5605114
12.995771 77.55146400000001
12.991578 77.543
12.987953 77.58052099999998
12.991428 77.55255599999998
12.995876 77.54008399999998
12.989026 77.54684799999995
12.99645 77.58808999999997
12.9964103 77.56428260000007
12.997129 77.57325700000001
12.9975161 77.54611380000006
12.987912 77.57496200000003
12.98722 77.578798
12.9788953 77.54067379999992
12.9906043 77.55081919999998
12.9827023 77.5623673
12.988113 77.56779800000004
12.984341 77.557319
12.9973498 77.55332980000003
12.9740664 77.55081969999992
12.973678 77.54997800000001
12.9796274 77.55359380000004
12.973536 77.58150999999998
12.971109 77.56649249999998
12.9728432 77.56639210000003
12.973503 77.58294899999999
12.970822 77.56642699999998
12.97522 77.56520899999998
12.974661 77.581996
12.9726919 77.5816456
12.9683253 77.58671249999998
12.949699 77.53703100000007
12.949659 77.53658599999994
12.9482525 77.5431006
12.9432443 77.52631059999999
12.9432119 77.54287
12.94345 77.53678400000001
12.946699 77.52588200000002
12.9445833 77.52742979999994
12.943214 77.54287180000006
12.944952 77.54875500000003
12.9459502 77.52880900000002
12.952741 77.52739799999995
12.95661 77.55898100000002
12.9508073 77.53668360000006
12.9561219 77.54580050000004
12.951435 77.53711499999997
12.957377 77.52334199999996
12.9514278 77.52942759999996
12.94961 77.52686599999993
12.958433 77.51889200000005
12.947388 77.531657
12.95116 77.52181999999993
12.9435041 77.55835890000003
12.950453 77.55545600000005
12.95754 77.55950000000007
12.9571772 77.53148320000003
12.9501093 77.53715720000002
12.958358 77.52875599999993
12.952633 77.520531
12.9579177 77.55389420000006
12.94891 77.56263999999999
12.945752 77.51988000000006
12.951168 77.52701200000001
12.9512742 77.53715829999999
12.9580882 77.51897340000005
12.952742 77.52729099999999
12.943286 77.54449399999999
12.9484185 77.55295189999993
12.9573908 77.55174250000005
12.957658 77.51902700000005
12.957344 77.52342899999996
12.946535 77.52581800000007
12.9524355 77.54108550000001
12.955039 77.53474500000004
12.958734 77.53558699999996
12.958608 77.53569199999993
12.9441737 77.55477109999993
12.954014 77.54377299999999
12.9579614 77.53406610000002
12.9515912 77.54643110000006
12.955657 77.54631500000005
12.958929 77.52360999999996
12.958304 77.52622500000007
12.9578244 77.55940750000002
12.9439563 77.56423659999996
12.95549099999999 77.52117799999996
12.95443 77.54382899999996
12.948353 77.54338400000006
12.956938 77.55099799999994
12.9571249 77.52841469999998
12.944094 77.554307
12.9465593 77.56423130000007
12.954531 77.52259900000001
12.9483227 77.55934520000005
12.955061 77.53495999999996
12.9487317 77.54865280000001
12.956538 77.56032989999994
12.956952 77.56414199999995
12.951521 77.53726800000004
12.9521743 77.55173390000004
12.953863 77.46983499999999
12.929864 77.52078000000006
12.9228306 77.56028470000001
12.91254 77.52804600000002
12.948321 77.49695299999996
12.942152 77.48289090000003
12.917121 77.49038300000007
12.9357724 77.4923579
12.9423716 77.54820940000002
12.9669818 77.5158348
12.92985 77.46509600000002
12.928899 77.48684000000003
12.9393784 77.47285009999996
12.929577 77.50527699999998
12.933411 77.55764899999997
12.9251756 77.49934759999996
12.913456 77.54088100000001
12.9277756 77.51109829999996
12.924239 77.48513200000002
12.926922 77.56133799999998
12.925041 77.4852687
12.912936 77.56509200000005
12.968872 77.50004899999999
12.918437 77.557277
12.963031 77.50509899999997
12.942144 77.48101799999995
12.940267 77.52427399999999
12.9412371 77.52544020000005
12.943152 77.54263900000001
12.941138 77.539583
12.943198 77.52599599999996
12.9410593 77.53935810000007
12.941119 77.53976999999998
12.9329242 77.51611609999998
12.9152021 77.48174159999996
12.9236045 77.56972880000001
12.911459 77.53047700000002
12.9119629 77.54354769999998
12.9408293 77.49312220000002
12.912433 77.52810499999998
12.91424 77.52075500000001
12.936278 77.559618
12.9282944 77.54573110000001
12.917214 77.48246100000006
12.919218 77.54219499999999
12.933237 77.55756300000007
12.92689 77.52013299999999
12.915429 77.56957999999997
12.93505 77.53693999999996
12.9379538 77.56898580000006
12.933636 77.542055
12.9290696 77.56419200000005
12.914098 77.52472899999998
12.9225038 77.4861833
12.9216411 77.48419050000007
12.926089 77.550299
12.94186 77.55575899999997
12.9219444 77.5604846
12.934742 77.53703999999993
12.9135102 77.48739509999996
12.913799 77.53756699999997
12.9364794 77.51840609999999
12.9407979 77.54528849999997
12.919774 77.56926199999998
12.934137 77.53985599999999
12.922101 77.55923299999995
12.935238 77.512295
12.919846 77.51388700000007
12.922809 77.49616500000002
12.9277717 77.514183
12.91845 77.52729999999997
12.929106 77.50111199999992
12.9415181 77.55967179999993
12.931786 77.55554800000004
12.931266 77.48981700000002
12.923906 77.54368099999999
12.917183 77.51129700000001
12.922343 77.47487899999999
12.919476 77.54213519999996
12.930766 77.54332599999998
12.929699 77.54416600000002
12.927709 77.55123200000003
12.9385427 77.53320359999998
12.919938 77.476857
12.9418971 77.55290179999997
12.932547 77.54496900000004
12.916115 77.48218399999996
12.9118362 77.5585145
12.932996 77.54542200000003
12.917245 77.54658799999993
12.9284934 77.5459591
12.9354285 77.56053689999999
12.942467 77.48713580000003
12.926492 77.52003500000001
12.927169 77.51109799999995
12.923769 77.55410000000006
12.937093 77.54890690000002
12.9146556 77.5205853
12.927397 77.54589599999997
12.937645 77.55801099999996
12.9274003 77.56787810000003
12.916779 77.50019199999997
12.941466 77.47933
12.913919 77.48655200000007
12.911503 77.55201199999999
12.937534 77.478924
12.93043 77.53386
12.911442 77.555428
12.913909 77.48630100000003
12.943667 77.50487999999996
12.917819 77.56430539999997
12.941121 77.49342899999999
12.922784 77.54907600000001
12.913015 77.56480099999999
12.925009 77.55084299999999
12.938698 77.55243300000006
12.938492 77.55340000000001
12.914988 77.55223799999999
12.911116 77.56453379999994
12.9385815 77.55395640000006
12.92528 77.48537299999998
12.926181 77.55355099999997
12.915581 77.56966899999998
12.923617 77.52178099999992
12.9267659 77.5110287
12.9193832 77.54208549999998
12.914757 77.48124000000007
12.918904 77.50156199999992
12.91492 77.52096099999994
12.930512 77.55374800000004
12.926117 77.53128400000003
12.930148 77.53945299999998
12.921879 77.560836
12.9158321 77.56928089999997
12.9379851 77.56898039999999
12.927417 77.49506700000006
12.94159 77.49314000000004
12.922501 77.56040299999995
12.923148 77.52955300000008
12.9252227 77.55039269999997
12.9253952 77.4991599
12.9156283 77.56169980000004
12.917653 77.56451459999994
12.9250188 77.51762550000001
12.921709 77.56032499999992
12.9359911 77.51271680000002
12.924046 77.54362600000002
12.9198425 77.56910919999996
12.9283483 77.55688179999993
12.934204 77.510311
12.931605 77.50628099999994
12.9380763 77.53373190000002
12.91601 77.47977600000002
12.9190696 77.50901709999994
12.938236 77.55676849999998
12.9195036 77.52025309999999
12.933426 77.54206999999997
12.914761 77.520711
12.919408 77.52039400000001
12.92151 77.56959000000006
12.9182599 77.55958480000004
12.9256174 77.53792850000002
12.9262893 77.56992730000002
12.94233 77.548629
12.9326052 77.54534209999997
12.919403 77.54216599999995
12.929453 77.534629
12.928367 77.55644000000007
12.924831 77.55068000000006
12.934811 77.56830500000001
12.910993 77.52979299999993
12.909656 77.52090399999997
12.909775 77.513375
12.915577 77.513734
12.909933 77.51350500000001
12.915794 77.51079900000002
12.91536 77.51348099999996
12.915939 77.51337000000001
12.915736 77.51058799999998
12.9098245 77.52094779999993
12.91157 77.52748999999994
12.908335 77.53815099999997
12.891683 77.56028200000003
12.889552 77.48571300000003
12.8934941 77.53800090000004
12.892859 77.486399
12.893965 77.55639799999994
12.892331 77.54273899999998
12.902436 77.55702900000006
12.9051374 77.54351380000003
12.892577 77.48626100000001
12.906885 77.54613999999992
12.905165 77.56271700000002
12.909583 77.49271899999997
12.909692 77.49221599999998
12.90568 77.50199300000008
12.90399 77.51217299999996
12.9062739 77.51956339999992
12.8994019 77.55841350000003
12.9095217 77.54570260000003
12.908551 77.53625499999998
12.919173 77.47228399999995
12.908479 77.53828720000001
12.90373 77.47569699999997
12.895236 77.555069
12.906825 77.52061300000003
12.9106609 77.54547890000003
12.907089 77.49925200000007
12.91904 77.47230400000001
12.9033077 77.51661519999993
12.90283 77.52148199999999
12.905826 77.55852000000004
12.9057967 77.55814929999997
12.900994 77.55988000000002
12.906699 77.52046999999993
12.908525 77.53487500000006
12.899068 77.54376200000002
12.907256 77.48887300000001
12.908212 77.50941
12.901004 77.559483
12.905946 77.541876
12.903172 77.521166
12.904814 77.52981
12.903784 77.50848399999995
12.907137 77.47421800000006
12.903892 77.47010999999998
12.8958765 77.55231549999996
12.9084779 77.56163390000006
12.892467 77.48638099999994
12.8963503 77.54844530000003
12.9057588 77.5427029
12.908755 77.56233799999995
12.914057 77.54999699999996
12.907565 77.48881299999994
12.9032516 77.47417510000002
12.9187423 77.50915239999995
12.910483 77.48318999999992
12.904921 77.54332399999998
12.903938 77.50835600000005
12.905757 77.50197500000002
12.895025 77.55532400000004
12.919043 77.50157300000001
12.911454 77.55789900000002
12.9030071 77.52170619999993
12.919456 77.51158800000007
12.8991468 77.48756470000001
12.912867 77.47343699999999
12.902555 77.55692799999997
12.906913 77.49937399999999
12.9046791 77.50455110000007
12.912427 77.48543799999993
12.9058582 77.54184989999999
12.902954 77.56156499999997
12.907464 77.49103500000001
12.904366 77.52696600000002
12.9176517 77.5596008
12.907611 77.489104
12.898207 77.51220699999999
12.915457 77.56178
12.896274 77.55261399999995
12.916468 77.48220900000001
12.905622 77.56286899999998
12.9117956 77.55238759999997
12.913023 77.50686500000006
12.9168216 77.48237189999998
12.9198634 77.51166699999999
12.899029 77.48755600000004
12.91444 77.48146100000008
12.88881 77.47750700000006
12.91696 77.55939000000001
12.9047052 77.53010990000007
12.9070713 77.4991331
12.897604 77.54621999999995
12.913556 77.54083000000003
12.9198936 77.54669360000003
12.912542 77.48521299999993
12.896358 77.55210999999997
12.913968 77.54986800000006
12.892427 77.54284800000005
12.904287 77.47571399999993
12.919315 77.50869799999998
12.893852 77.55635699999993
12.889419 77.56354299999998
12.904956 77.47106400000007
12.917596 77.49046699999997
12.916662 77.56113200000004
12.9134912 77.48758420000001
12.9040908 77.51239929999997
12.902765 77.53600499999993
12.9029391 77.5616741
12.911972 77.55189500000006
12.9109694 77.48012689999996
12.90697 77.47429199999999
12.90086 77.55987000000005
12.914658 77.48116800000003
12.906748 77.51229599999999
12.88866 77.53600899999992
12.91653 77.48231799999996
12.904311 77.51235700000007
12.906735 77.52178389999995
12.9124826 77.53703410000003
12.9120674 77.55238829999996
12.916 77.479919
12.891806 77.52125000000001
12.912295 77.48073499999998
12.889708 77.48568399999999
12.9112962 77.48032269999999
12.9001769 77.54375430000005
12.8973826 77.54676139999992
12.876319 77.480276
12.878607 77.51487500000007
12.881524 77.50135499999999
12.883925 77.50193200000001
12.885706 77.54176200000006
12.884254 77.55077299999994
12.8808296 77.54607970000006
12.879322 77.54546800000003
12.896222 77.46079899999995
12.887116 77.45874800000001
12.880196 77.45942300000002
12.877961 77.48156300000005
12.885781 77.54161799999997
12.880565 77.45933600000001
12.878751 77.51489900000001
12.876177 77.48025800000005
12.88642 77.49811
12.886894 77.45890600000007
12.8761405 77.46695269999998
12.877422 77.49016499999993
12.881696 77.50134700000001
12.901164 77.46776499999999
12.886423 77.49836900000003
12.900966 77.46703500000001
12.876061 77.533185
12.880534 77.50538899999992
12.8841468 77.5511732
12.884169 77.55072399999995
12.881775 77.48475800000006
12.877657 77.49659900000006
12.88548 77.54169000000002
12.88107 77.54618300000004
12.88556 77.54178999999999
12.892428 77.45780000000002
12.880603 77.50545699999998
12.884229 77.55169699999999
12.908893 77.54900099999998
12.907889 77.549394
12.900299 77.53976799999998
12.8985227 77.54430550000006
12.902624 77.498065
12.902476 77.46936400000004
12.881908 77.48483199999998
12.9070181 77.5459727
12.904789 77.47061899999994
12.90474 77.504775
12.8833 77.54841799999997
12.887434 77.55148899999995
12.896474 77.46078299999999
12.904179 77.47254999999996
12.903059 77.51761999999997
12.90741 77.49125500000002
12.899945 77.52315650000003
12.8957135 77.58166119999999
12.907458 77.57102199999997
12.89198 77.57205099999999
12.892059 77.58049800000003
12.88603 77.57058899999993
12.90073 77.565244
12.9015495 77.57326089999992
12.891794 77.57210599999996
12.9112256 77.57455949999996
12.894514 77.57190300000002
12.898123 77.58265800000004
12.918541 77.58365800000001
12.9062164 77.58045229999993
12.905611 77.56904399999996
12.906541 77.57340599999998
12.9171251 77.57834350000007
12.9094321 77.56522530000007
12.917885 77.57346099999995
12.910825 77.57859099999996
12.9175999 77.57286750000003
12.8956093 77.58166189999997
12.9139393 77.56660940000006
12.891922 77.57915300000002
12.9168047 77.56903950000003
12.891775 77.57911200000001
12.9063262 77.57606950000002
12.909427 77.56539399999997
12.9110112 77.5787732
12.892131 77.58058299999993
12.892715 77.5669782
12.894149 77.568306
12.898119 77.57179999999994
12.903659 77.56808799999999
12.91719 77.58336269999995
12.9179114 77.57809459999999
12.90354 77.568081
12.8879878 77.58181209999998
12.888216 77.58195899999998
12.902538 77.58322599999997
12.9161579 77.57012039999995
12.8969727 77.57121719999998
12.91728 77.58055999999999
12.9136674 77.56725039999992
12.890565 77.56403350000005
12.894683 77.56905099999994
12.8356694 77.67937589999997
12.841375 77.58844299999998
12.856699 77.5888559
12.8465975 77.67156520000003
12.8462076 77.58822800000007
12.8120001 77.68094659999997
12.82565 77.58629599999995
12.845029 77.66022599999997
12.811422 77.58471600000007
12.8784964 77.6097393
12.839127 77.45164199999999
12.858031 77.65957000000003
12.817949 77.48301800000002
12.85533 77.45272499999999
12.849602 77.5882186
12.886868 77.67253400000004
12.8992383 77.59146540000006
12.8895382 77.63942599999996
12.825956 77.62290400000006
12.858298 77.42940999999996
12.806245 77.46518600000002
12.895724 77.626036
12.8866778 77.45103300000005
12.924177 77.37555029999999
12.8707017 77.65289970000003
12.840141 77.58070199999997
12.876286 77.56681100000003
12.849406 77.73782400000005
12.817052 77.67640699999993
12.85283 77.70406400000002
12.8021842 77.69396600000005
12.8494764 77.60006190000001
12.845457 77.609826
12.850619 77.58166400000005
12.8755199 77.54363969999997
12.818027 77.48976500000003
12.85313 77.543498
12.804257 77.626529
12.87985 77.61003000000005
12.898435 77.65122399999996
12.844361 77.44533000000001
12.8025 77.50871200000006
12.844482 77.59840600000007
12.810777 77.66554799999994
12.8188218 77.68881290000002
12.848881 77.45142599999997
12.910421 77.38639999999998
12.807121 77.69870700000001
12.883493 77.60633499999994
12.802129 77.704519
12.8247108 77.51373769999998
12.855512 77.559077
12.855464 77.534626
12.830266 77.66431599999999
12.820986 77.60903899999994
12.8462913 77.58836210000004
12.898671 77.65130699999997
12.886228 77.45037200000002
12.825909 77.58626500000003
12.866893 77.56540599999994
12.8451929 77.74359230000005
12.83026 77.51294400000006
12.839945 77.65990899999997
12.873934 77.448307
12.860739 77.74142600000005
12.887019 77.60311100000001
12.9971207 77.66923210000004
12.99641 77.68375900000001
12.9962208 77.68352419999997
12.9972686 77.66959010000005
12.9963158 77.66868980000004
13.00205 77.66752999999994
12.9972976 77.66275180000002
13.000406 77.68388200000004
13.0022579 77.6839989
13.000141 77.67561699999999
12.9965599 77.66895769999996
13.00026 77.68363899999997
12.9927611 77.65441779999992
12.9919101 77.6517427
12.991016 77.68724580000003
12.9802492 77.69423159999997
13.00024 77.61849000000007
12.995092 77.65230300000007
13.000113 77.64006900000004
12.9950235 77.67721180000001
12.984977 77.70808399999999
12.992966 77.65531899999996
12.99444 77.65826579999998
13.005966 77.64069799999993
12.995584 77.694797
12.993826 77.70179200000007
12.987387 77.66223549999995
12.9733856 77.6200953
13.004809 77.63683200000003
13.005395 77.63864799999999
12.984535 77.66133100000002
12.9821941 77.678088
12.974863 77.67035699999997
12.976962 77.64105900000004
12.983791 77.67943200000002
12.988944 77.68911000000003
12.991815 77.65162800000007
12.9780902 77.64096310000002
12.9859436 77.67897870000002
12.985659 77.66412600000001
13.001711 77.63099299999999
12.9737267 77.64679799999999
13.005888 77.65016600000001
12.996291 77.69370400000003
13.0015089 77.63029230000006
13.0027662 77.66096679999998
12.973856 77.64119359999995
12.9773568 77.71002169999997
13.0025 77.63457599999992
12.9856571 77.66406740000002
12.9931216 77.705736
13.005626 77.68551100000002
13.005498 77.68464799999992
12.9928023 77.7105474
12.9747996 77.6701266
12.98564 77.66382899999996
12.982344 77.69311300000004
12.9859 77.70832100000007
12.979384 77.66119100000003
12.975097 77.66598999999997
12.987177 77.66235099999994
12.997129 77.69075799999996
12.99289 77.70558000000005
12.978184 77.71143000000006
12.988135 77.67861900000003
12.993067 77.70589700000005
12.975819 77.65569200000004
12.994072 77.701506
12.989896 77.65470389999996
12.988638 77.68898200000001
12.99572 77.69497100000001
12.9760803 77.65542540000001
12.978221 77.63208209999993
12.9935446 77.6760918
12.9854008 77.6729067
13.0056606 77.6383558
13.000089 77.63996799999995
12.9900999 77.65467699999999
12.9790129 77.69522940000002
12.978086 77.63314300000002
12.9777889 77.62820149999993
12.985476 77.672999
12.986598 77.74353099999996
13.0066581 77.5928199
12.986234 77.73169099999996
13.0051222 77.57116380000002
13.009224 77.56312300000002
13.011727 77.59305999999992
13.0102549 77.56229639999992
13.0049275 77.58106109999994
13.0047407 77.55990919999999
