12.9761018 77.6014841
12.9716885 77.59444689999998
12.9745516 77.60716070000001
12.975702 77.60608400000001
12.970161 77.61049100000002
12.9747104 77.60530040000003
12.9539778 77.56881420000002
12.965179 77.60125849999997
12.9723127 77.60676549999994
12.9710619 77.60031939999999
12.9824211 77.59477259999994
12.9757097 77.60192430000006
12.981709 77.60932000000003
12.9584233 77.55384920000006
12.975026 77.60794199999998
12.9700867 77.60972679999998
12.9696783 77.61008549999997
12.9713725 77.59784860000002
12.9715987 77.59456269999998
12.965579 77.53638000000001
12.971606 77.59437600000001
12.9712823 77.60711509999999
12.9596068 77.56752110000002
12.9728748 77.60857269999997
12.98189 77.55635899999993
12.973741 77.61091899999997
12.963983 77.58946700000001
12.9758949 77.59963289999996
12.9624739 77.59904559999995
12.9506058 77.5677359
12.9584214 77.59301040000003
12.9717498 77.59423089999996
12.9712886 77.60711489999994
12.972387 77.60694710000007
12.9800556 77.61281770000005
12.9711662 77.60076700000002
12.9754645 77.60565930000007
12.969517 77.57278300000007
12.9756627 77.60456950000003
12.9713155 77.60681169999998
12.962667 77.53771699999993
12.9641839 77.60372039999993
12.9587104 77.52574559999994
12.970226 77.60652499999992
12.9648424 77.52355119999993
12.972933 77.57066699999996
12.977346 77.53099709999992
12.975017 77.60781700000007
12.9659666 77.57361379999998
12.9735607 77.61227669999994
12.9673713 77.60173429999998
12.9725851 77.6011059
12.9755925 77.55923430000007
12.9572671 77.59377710000001
12.9673393 77.60141369999997
12.967862 77.61120900000003
12.9747695 77.60756939999999
12.9697107 77.5366732
12.9709649 77.60083669999995
12.975174 77.60799470000006
12.9736718 77.57917020000002
12.9580486 77.56197109999994
12.9661885 77.59826640000006
12.965579 77.53638000000001
12.9567132 77.58349659999999
12.97496 77.57585599999993
12.9701259 77.61040530000002
12.9732301 77.6093098
12.9709835 77.58002039999997
12.9738998 77.54613470000004
12.9716487 77.59808440000006
12.9676408 77.59996290000004
12.9760499 77.53301209999995
12.9604332 77.5702344
12.977517 77.575467
12.974383 77.60705200000007
12.9787076 77.54096660000005
12.9719016 77.6009219
12.9694069 77.60237159999997
12.963234 77.57113000000004
12.954471 77.54402500000003
12.9634627 77.58594310000001
12.9720895 77.57896800000003
12.9715987 77.59456269999998
12.9646681 77.58403139999996
12.9518634 77.52722549999999
12.9763722 77.58789690000003
12.9678287 77.56024449999995
12.9747557 77.6062978
12.953037 77.57593299999996
12.956404 77.57743700000003
12.9801593 77.5346161
12.9514295 77.52716550000002
12.9568468 77.57638969999994
12.9710646 77.60459749999995
12.9714806 77.60700729999996
12.968033 77.57673299999999
12.957033 77.53231699999992
12.9672505 77.59939020000002
12.974483 77.60976699999992
12.9715987 77.59456269999998
12.965733 77.58584999999994
12.973488 77.53408000000002
12.9660006 77.58235009999999
12.968702 77.57901400000003
12.9666184 77.58090930000003
12.9740718 77.58603930000004
12.9662121 77.5996877
12.9822042 77.53972929999998
12.969236 77.57638099999997
12.9521 77.52538299999992
12.950433 77.52693299999999
12.9722058 77.59660469999994
12.9662073 77.57650409999997
12.9534437 77.57772130000001
12.96435 77.581276
12.9553232 77.56755210000006
12.970665 77.60598400000003
12.9676042 77.59255940000003
12.9689565 77.57027990000006
12.9689489 77.58419939999999
12.9506594 77.57836020000002
12.9719491 77.5767363
12.950667 77.52690000000007
12.9689986 77.57025810000005
12.9640821 77.60646129999998
12.9584709 77.59441530000004
12.97065 77.59961699999997
12.969074 77.58053940000002
12.9789554 77.57483760000002
12.9694069 77.60237159999997
12.961932 77.579655
12.9504923 77.59623869999996
12.973946 77.57507499999997
12.9631177 77.60589230000005
12.9733817 77.54176940000002
12.966726 77.57721500000002
12.963067 77.577766
12.973483 77.54174999999998
12.9727892 77.60326839999993
12.9776502 77.57558019999999
12.972902 77.53968899999995
12.9561134 77.58243960000004
12.95636 77.5550068
12.9662851 77.5701851
12.9541855 77.59197600000005
12.9757745 77.5326794
12.950883 77.52693299999999
12.9615503 77.58408800000007
12.9521074 77.56424760000004
12.955145 77.61352599999998
12.9529126 77.57606550000003
12.9665506 77.57019130000003
12.968853 77.57991300000003
12.9643405 77.53505840000003
12.966211 77.57700399999999
12.972867 77.52876700000002
12.9675464 77.57087810000007
12.9649848 77.55462609999995
12.9662371 77.55186700000002
12.9616313 77.54890139999998
12.9687656 77.5841494
12.967038 77.55362880000007
12.956265 77.55519389999995
12.9700429 77.61041569999998
12.9719763 77.57621940000001
12.9656213 77.57391570000004
12.9663806 77.57147629999997
12.967048 77.60887750000006
12.9548325 77.58227349999993
12.966973 77.59249599999998
12.9649156 77.5389116
12.9667165 77.57250350000004
12.9594539 77.58302990000004
12.970633 77.559935
12.956247 77.54016290000004
12.9742288 77.52712050000002
12.967254 77.577899
12.9718879 77.52781359999994
12.9540209 77.58137629999999
12.9666799 77.59258750000004
12.956085 77.58243100000004
12.957361 77.53119400000003
12.9580803 77.58542510000007
12.956592 77.55492559999993
12.96281099999999 77.566372
12.960355 77.56730199999993
12.9665236 77.57592380000006
12.9618671 77.58107619999998
12.959419 77.55928700000004
12.9543561 77.59277429999997
12.9722278 77.60657790000005
12.9639153 77.55088360000002
12.9711204 77.60530459999995
12.952809 77.52728079999997
12.953646 77.592896
12.956071 77.5818832
12.9753614 77.60975009999993
12.9515389 77.59501060000002
12.95411 77.55004899999994
12.9869705 77.59499219999998
12.970533 77.643552
12.9399892 77.6197664
12.969826 77.64107100000001
12.9290349 77.63528470000006
12.91333 77.65166199999999
12.9672148 77.6422579
12.9960152 77.61334710000006
12.9782002 77.64436679999994
12.985766 77.66878799999995
12.973181 77.6470392
12.9881031 77.59464649999995
12.927329 77.57810999999992
12.9522982 77.63998259999994
12.9796235 77.65784469999994
12.927319 77.586186
12.9233322 77.55557810000005
12.9325364 77.62313599999993
12.9349275 77.62938780000002
12.9792983 77.75134939999998
12.9928263 77.58883719999994
12.9245065 77.6729216
12.9065555 77.59294569999997
12.916634 77.59238400000004
13.0089951 77.58064339999999
12.9937838 77.6605214
12.9873413 77.59587160000001
12.9798271 77.63955750000002
12.9083036 77.58708030000003
12.965875 77.64140399999997
12.9171965 77.58201800000006
12.938921 77.57080150000002
12.9391692 77.56391280000003
12.9263615 77.58377080000002
12.9750149 77.61453180000001
12.933933 77.61540400000001
12.960228 77.64877200000001
12.9136217 77.60712779999994
12.9220269 77.62025619999997
12.9324108 77.63145980000002
12.9337489 77.6199954
12.9927356 77.70276139999999
12.924027 77.67031029999998
12.943093 77.58503619999999
12.9686886 77.70102689999999
12.9291692 77.62181229999999
12.9781733 77.63881279999998
12.9146385 77.63831860000005
12.9677431 77.65443600000003
12.9310804 77.63257020000003
12.8960499 77.59836199999995
12.9348627 77.61174289999997
12.9770213 77.71831509999993
13.0151729 77.56311879999998
12.917068 77.67168400000003
12.9958291 77.55476739999995
12.9721132 77.75020510000002
12.979611 77.72781499999996
12.916258 77.60399499999994
12.9061827 77.59321490000002
12.9261854 77.68050440000002
12.9785203 77.64274249999994
12.985508 77.59647900000004
12.998306 77.54090900000006
13.0136385 77.66141470000002
12.9470863 77.56922450000002
12.9062 77.59410000000003
12.987967 77.59456699999998
12.9757085 77.64153250000004
13.001581 77.66166020000003
12.9692548 77.64779169999997
12.9930154 77.59597159999998
12.925935 77.56496450000009
12.9431325 77.58501060000003
12.975539 77.64111500000001
12.968266 77.64888599999995
12.9786938 77.64423839999995
12.9164838 77.60642610000002
12.9218295 77.5894055
12.9256069 77.63326210000002
12.9909469 77.6872184
12.952788 77.64038200000005
12.9305902 77.58168279999995
12.9070383 77.54864169999996
12.9792842 77.6436539
12.9329575 77.60194709999996
12.9818592 77.51118959999997
12.965126 77.71333600000003
13.0079359 77.65869129999999
12.9911793 77.65795200000002
12.9420196 77.69453980000003
12.963903 77.74858799999993
12.899831 77.57094299999994
12.9064494 77.59187410000004
13.0040047 77.57115169999997
12.997525 77.69631000000004
12.9337764 77.62143909999998
12.9527941 77.69969449999996
12.914613 77.63821000000007
12.9167056 77.62028880000003
12.9346716 77.61246699999992
12.937149 77.693264
12.9587115 77.74646989999997
12.9783309 77.63874629999998
12.8948589 77.59869129999993
13.0055299 77.56333440000003
12.8914104 77.6080819
12.9159178 77.63536079999994
12.9704114 77.6475514
13.0155864 77.63942939999993
12.9341592 77.6110248
12.9310158 77.69198660000006
12.9972737 77.54040179999993
12.924579 77.67432499999995
13.0078192 77.55631500000004
12.964447 77.63865199999998
13.0101122 77.56230779999999
12.9142498 77.59943139999996
13.0054497 77.57043899999996
12.9373185 77.61761899999999
12.9782801 77.71227870000007
13.00988 77.562411
12.9063561 77.59690169999999
12.9263216 77.58456950000004
12.927205 77.63321300000007
12.9102886 77.56685190000007
13.0084403 77.57150939999997
12.9226685 77.6460859
12.935297 77.61067219999995
12.9555511 77.6413116
12.9929838 77.70502880000004
12.962039 77.70133099999998
12.974704 77.61426699999993
12.9860175 77.74359500000003
12.9969995 77.69614660000002
12.9299648 77.63326180000001
12.9201771 77.57556520000003
12.910491 77.5857168
12.9224639 77.5935551
13.0056845 77.56499669999994
12.906871 77.59903899999995
12.988496 77.57710029999998
12.9898271 77.55608810000001
12.920137 77.57566299999996
12.9191845 77.59276160000002
12.989112 77.59331399999996
12.914457 77.59946379999997
12.9267437 77.67083709999997
12.9235166 77.55512269999997
12.9713019 77.74667810000005
12.9343944 77.62557070000003
12.9556785 77.71948020000002
12.9943495 77.59438090000003
12.9689164 77.72491339999999
12.9348627 77.61174289999997
12.9217824 77.56363750000003
12.9941761 77.6613863
12.905502 77.60612100000003
12.9567041 77.73296540000001
12.9224385 77.66842610000003
12.986838 77.591092
12.9287362 77.58714439999994
12.9857732 77.73592889999998
12.899087 77.59685749999994
12.916009 77.48183300000005
13.0181059 77.64742780000006
13.0318611 77.5594552
13.057883 77.58715099999995
13.0325971 77.51365970000006
13.0231609 77.63624959999993
13.0297268 77.57074169999999
13.0281845 77.57336179999993
13.0225035 77.63981760000001
13.0649634 77.64641180000001
13.0336904 77.62894559999995
13.0724728 77.60377840000001
13.0206895 77.59287889999996
13.0162813 77.63467319999995
13.02606 77.58093239999994
13.0434066 77.60956450000003
13.0335382 77.53100040000004
13.0276665 77.57161399999995
13.0595771 77.58779249999998
13.0218684 77.5867796
13.0446914 77.62011410000002
13.037889 77.52228969999999
13.0201296 77.70919490000006
13.0732696 77.50290259999997
13.0364613 77.57466810000005
13.063455 77.59108400000002
13.0505744 77.6216336
13.0287337 77.63486720000003
13.0405491 77.57737650000001
13.0281871 77.58625389999997
12.9786705 77.64515610000001
12.9891063 77.5812618
12.947695 77.59815100000003
13.0084749 77.56943660000002
13.0500752 77.62304760000006
13.0060566 77.58107530000007
12.943036 77.58502799999997
12.9459162 77.57161440000004
13.0100111 77.55457179999996
13.0030665 77.59654890000002
12.9793503 77.75135849999992
13.0113769 77.55517420000001
12.973686 77.62052100000005
13.0211681 77.67882229999998
12.944862 77.57167200000004
12.9564741 77.7110007
12.9847988 77.60968579999997
12.986141 77.60500819999993
13.0001881 77.62576650000005
13.0103176 77.70544589999997
12.947785 77.57974300000001
13.032575 77.56603799999993
13.043274 77.59040800000002
12.9585821 77.63840909999999
12.9557195 77.69100449999996
12.9811009 77.72665949999998
12.9801772 77.66564489999996
13.0337066 77.56890429999999
13.005017 77.56540700000005
13.073183 77.50296700000001
12.9959098 77.69669120000003
12.9695355 77.74592039999993
12.99657 77.69552599999997
12.9564036 77.70966269999997
13.0076801 77.56234229999995
12.9989767 77.57664449999993
12.9824802 77.62498929999992
12.965733 77.64120200000002
12.9980124 77.64788520000002
12.989775 77.50438200000008
13.0944536 77.5860123
13.0950161 77.5973497
13.0952125 77.59727880000003
13.0753508 77.55793419999998
13.0983756 77.58188109999992
13.0961343 77.49959220000005
13.0846317 77.48398210000005
13.0993951 77.58830420000004
13.0510401 77.62131679999993
13.104577 77.57510300000001
13.049643 77.59713639999995
13.072055 77.50321499999995
13.0997792 77.58874960000003
13.0569609 77.5033075
13.0678276 77.55692650000003
13.066038 77.59980399999995
13.052164 77.551602
13.099866 77.57882999999993
13.0675096 77.49980359999995
13.0534675 77.51183659999992
13.0530918 77.49162419999993
13.0757317 77.60304450000001
13.082017 77.5598
13.0501228 77.55620999999996
13.0589666 77.55959740000003
13.0683735 77.5038399
13.0570988 77.50914499999999
13.0516575 77.50504999999998
13.0692493 77.56692249999992
13.0491709 77.59744610000007
13.050434 77.62189269999999
13.0604053 77.56113370000003
13.0585189 77.54611729999999
13.0631485 77.58653849999996
13.0728849 77.50528099999997
13.0479837 77.59631250000007
13.0637127 77.5882302
13.104245 77.57131900000002
13.0691199 77.55695220000007
13.0672907 77.50415279999993
13.0593341 77.56131740000001
13.0463662 77.51393410000003
13.0448588 77.52177219999999
13.0809436 77.5018397
13.0494669 77.62334149999992
13.044076 77.57930829999998
13.061167 77.58721609999998
13.0781693 77.53527409999992
13.097806 77.59646900000007
13.0499372 77.59830740000007
13.0833139 77.48523219999993
13.0699116 77.56485789999999
13.0723712 77.55690950000007
13.0744966 77.50410009999996
13.0484344 77.51857330000007
13.0597159 77.57752660000006
13.0464084 77.62038329999996
13.0505336 77.62177240000005
13.0971877 77.58412390000001
13.0994627 77.58912120000002
13.0882608 77.55551209999999
13.125808 77.619148
13.1144473 77.57805299999995
13.1131705 77.57340479999993
13.1282852 77.58809659999997
13.121789 77.62299680000001
13.0973308 77.62608109999996
13.122172 77.63046409999993
13.1241031 77.57562159999998
13.0724273 77.6337886
13.1320972 77.45743270000003
13.0770698 77.66299830000003
13.0777278 77.65357999999992
13.0749584 77.78675440000006
13.0479034 77.72073690000002
13.0176621 77.64502149999998
13.024835 77.63989900000001
13.057401 77.645037
13.0178562 77.64321330000007
13.051935 77.64605899999992
13.0223532 77.71134810000001
13.052742 77.64609900000005
13.0094222 77.65019469999993
13.013599 77.66154800000004
13.020434 77.64344099999994
13.0007068 77.61309959999994
13.0035637 77.66267870000001
13.0219207 77.6510882
13.0037538 77.61674049999999
13.0085338 77.63556319999998
13.032783 77.61996699999997
13.009783 77.64324999999997
13.006383 77.699567
13.0038943 77.62452770000004
13.023546 77.61493500000006
13.0025789 77.71251000000007
13.014474 77.64835570000002
13.037683 77.60706700000003
13.0156882 77.62892850000003
13.0060407 77.64941759999999
13.0234458 77.63702119999994
13.0205396 77.6052575
13.032217 77.608567
13.0054343 77.62724349999996
13.002833 77.63506699999994
13.01128 77.61577
13.020858 77.63564900000006
13.017469 77.61200170000006
13.0008049 77.61283990000004
13.01465 77.61644999999999
13.0503925 77.63060089999999
13.025312 77.61192499999993
13.0085222 77.65793589999998
13.001774 77.66005300000006
13.0229029 77.63692549999996
13.014452 77.63575500000002
13.0221337 77.63995309999996
13.0228134 77.63967279999997
13.0216708 77.64016019999997
13.0190174 77.61855709999998
13.0148557 77.63315899999998
13.0129623 77.64877219999994
13.0223617 77.6396178
13.0073495 77.65445269999998
13.0249206 77.61985930000003
13.0037136 77.62259080000001
13.0134223 77.6164837
13.0289711 77.61619539999992
13.015239 77.63273400000003
13.0029466 77.61232629999995
13.0242804 77.65620590000003
13.0198837 77.65546999999992
13.0155325 77.608877
13.0032641 77.7270605
13.026095 77.74495649999994
13.017294 77.68152899999995
13.0205229 77.64378629999999
13.0506411 77.63069940000003
13.0218988 77.63966499999992
13.0082815 77.6519505
13.045318 77.62679200000002
13.017273 77.61585609999997
13.0112611 77.60945229999993
13.0217051 77.6218897
13.027754 77.632431
13.0222173 77.63952390000009
13.015717 77.66763300000002
13.0308839 77.653234
13.0167647 77.61293249999994
13.0066236 77.61268840000002
13.0327667 77.62026300000002
13.017666 77.64358100000004
13.0149014 77.63019380000003
13.0224381 77.65086020000001
13.0075266 77.62919199999999
13.0328294 77.619237
13.0105686 77.65914329999998
13.0651346 77.63090729999999
13.017294 77.68152899999995
13.0168967 77.61234779999995
13.0718059 77.6338634
13.0205317 77.61680419999993
13.000176 77.61105999999995
13.0717605 77.63383190000002
13.018559 77.65813200000002
13.0650118 77.63506200000006
13.0152712 77.60819300000003
13.0001906 77.61104560000001
13.063782 77.65145900000005
13.027033 77.61328300000002
13.0126225 77.6100725
13.0399177 77.62412970000003
13.015002 77.61148660000003
13.0277102 77.6203246
13.015641 77.61309740000002
13.0031076 77.66072140000006
13.0565152 77.6295877
13.0151706 77.61338580000006
13.0110507 77.61640190000003
13.0623562 77.64918290000003
13.000872 77.61458100000004
13.0372308 77.65721209999992
13.0339582 77.61598479999998
13.025214 77.61964599999999
13.0071649 77.65904869999997
13.03975 77.62084700000003
13.0211648 77.61419879999994
13.0200277 77.63335740000002
13.0212409 77.64168510000002
13.0008516 77.61227039999994
13.0340954 77.55934189999994
13.033067 77.55836699999998
13.0344658 77.55753879999997
13.0341331 77.56863429999999
13.0355993 77.55738120000001
13.035705 77.54877799999997
13.0370583 77.56085329999996
13.0362094 77.56326200000001
13.0378125 77.56519950000006
13.0381532 77.55236409999998
13.0399268 77.55563810000001
13.0333996 77.52734780000003
13.0354062 77.58910739999999
13.0410821 77.59000119999996
13.0357191 77.55463259999999
13.0341604 77.56267520000006
13.0392712 77.55001419999996
13.0339824 77.56632309999998
13.0416308 77.54885239999999
13.040027 77.56612100000007
13.0357932 77.55588850000004
13.0330671 77.56629220000002
13.036278 77.59483460000001
13.0400858 77.55737720000002
13.033529 77.55537149999998
13.0335574 77.5641273
13.0383655 77.55300749999992
13.0339901 77.55759920000003
13.0310916 77.57708070000001
13.028035 77.57340999999997
13.028617 77.561733
13.0312798 77.57049189999998
13.0329989 77.55896480000001
13.032849 77.56729740000003
13.0308486 77.57721349999997
13.0284373 77.56156710000005
13.0325406 77.60170879999998
13.028262 77.57275819999995
13.0286654 77.57899329999998
13.0295407 77.56142739999996
13.030297 77.562814
13.0318403 77.59600369999998
13.0303335 77.56209890000002
13.028112 77.57919429999993
13.0274842 77.576323
13.0272908 77.57650269999999
13.027468 77.57708500000001
13.0275932 77.55723130000001
13.027495 77.57171199999993
13.0326863 77.52761910000004
13.0318674 77.52478840000003
13.0270295 77.58679570000004
13.004583 77.55368299999998
12.9870381 77.59588699999995
12.98521 77.6062564
12.983953 77.61708899999996
13.0016987 77.57521930000007
13.0069297 77.57111209999994
12.987061 77.54035099999999
12.9974439 77.56016469999997
12.9934001 77.57978370000001
12.9969898 77.57304599999998
13.0068188 77.56451709999999
13.0028329 77.57831450000003
13.0084396 77.56934249999995
12.9899396 77.55276379999998
12.9865647 77.61945659999992
12.9856597 77.59609920000003
12.991171 77.57153700000003
12.9894919 77.60712030000002
12.9873387 77.61688470000001
12.9999327 77.56921149999994
12.9867267 77.55619130000002
13.021317 77.55873299999996
13.0146296 77.56862100000001
13.0194485 77.55618789999994
13.003367 77.571283
12.9885262 77.61758239999995
13.0186829 77.5737226
12.999624 77.550026
12.9838403 77.59338589999993
12.998817 77.550883
12.9963118 77.55132839999999
13.0016548 77.55042389999994
13.025259 77.58641109999996
12.9968534 77.57080139999994
12.997123 77.603929
13.001834 77.59540270000002
12.9949559 77.61614980000002
12.999 77.57328299999995
13.01367 77.54398000000003
13.0248 77.55748300000005
12.997636 77.62050999999997
12.988877 77.60690699999998
13.00917 77.56305999999995
13.006517 77.59961699999997
12.9844 77.602217
12.984254 77.55426979999993
13.0209 77.556017
12.986567 77.60595
13.02145 77.55430000000001
13.005233 77.55758300000002
12.9913838 77.59739489999993
12.987117 77.60743300000001
12.992433 77.592533
12.9884952 77.61750200000006
12.9884772 77.55600449999997
12.9856259 77.57246780000003
13.00185 77.57523300000003
12.9861506 77.58202200000005
13.0052895 77.55684610000003
12.986667 77.60813299999995
12.98655 77.60711700000002
12.9976229 77.56681860000003
12.9844725 77.5603165
12.9933772 77.56650630000001
12.9943484 77.55559819999996
13.003167 77.60351700000001
12.9879646 77.53590880000002
13.022276 77.55295550000005
13.0026343 77.5662231
12.99998 77.56947000000002
13.003368 77.57127500000001
13.020467 77.59383300000002
13.0011287 77.58077279999998
12.9896399 77.53774339999995
13.0011287 77.58077279999998
12.98555 77.60611700000004
13.0005886 77.54419250000001
12.9948566 77.61755530000005
12.9933309 77.54663690000007
13.0197046 77.50859860000003
12.9896788 77.5378829
12.998389 77.56005630000004
12.9961542 77.69673139999998
12.9625273 77.64326770000002
12.9964194 77.69647659999998
12.9696401 77.62861670000007
12.9748179 77.64119490000007
12.9699996 77.50643730000002
12.9741233 77.62741000000005
12.974957 77.61954100000003
12.976816 77.63581399999998
12.9642425 77.63539459999993
12.9603665 77.63650469999993
12.9685102 77.63611479999997
12.974866 77.63582999999994
12.9821572 77.6379306
12.9870914 77.52396279999994
12.986033 77.60576700000001
13.016717 77.58838300000002
12.9845237 77.55722059999994
13.0023029 77.54230470000005
13.0241 77.59278300000005
13.0231097 77.59235860000001
12.9986768 77.55077890000007
12.9875902 77.5509677
12.9936683 77.56301580000002
12.9915736 77.55509189999998
13.0112078 77.55470450000007
12.990721 77.506081
12.9996405 77.50632799999994
12.990364 77.550745
13.0189664 77.57069569999999
13.0209201 77.55594889999998
13.0041291 77.55357179999999
13.012333 77.55333519999999
13.0266718 77.53934370000002
13.0215195 77.55416660000003
13.001033 77.57112519999998
13.0043644 77.52837180000006
13.0246194 77.55754209999998
13.0089273 77.58015810000006
13.0210635 77.54130009999994
13.0198114 77.55569270000001
13.0052748 77.58093199999996
13.005516 77.5561083
13.0158448 77.52645499999994
13.023787 77.54938800000002
13.0054568 77.54261769999994
13.024134 77.55973819999997
13.0256363 77.55762129999994
13.0202234 77.55735579999998
13.005493 77.57835599999999
13.0084677 77.54453409999996
13.0250252 77.55897110000001
13.0074031 77.57116189999999
13.0111826 77.55515319999995
13.020452 77.55517379999992
13.0099684 77.53286479999997
13.022583 77.55913399999997
13.014594 77.55140499999993
13.0041884 77.55095299999994
13.0077568 77.5430361
13.0139214 77.49044400000002
13.008406 77.569342
13.005306 77.58107799999993
13.0142222 77.49127580000004
13.0189196 77.55744860000004
13.0175079 77.53180810000003
13.0244643 77.51904339999999
13.017075 77.507519
13.007377 77.50181399999997
13.0069826 77.54814839999995
13.0214809 77.55422390000001
13.0241134 77.55594819999999
13.0196559 77.55602669999996
13.0254485 77.5538487
13.0060542 77.54811319999999
13.0068177 77.59349350000002
13.0069246 77.59354899999994
13.00089 77.57349599999998
12.9999848 77.61603339999999
12.998948 77.57678429999999
12.9995928 77.57161029999997
12.9990698 77.62438050000003
12.9984625 77.57201929999997
12.997098 77.57390499999997
12.9936648 77.66059389999998
12.996164 77.69647699999996
12.9962087 77.68855020000001
12.984768 77.66390899999999
12.9959229 77.69641760000002
12.9902688 77.67967529999999
12.99042 77.68417
12.9928508 77.6609019
12.9418314 77.56387480000001
12.9659886 77.71781759999999
12.9588893 77.64843960000007
12.9790809 77.72847000000002
12.9567015 77.64119089999997
12.9488282 77.64327230000004
12.9565558 77.71485540000003
12.9420056 77.62108910000006
12.9455116 77.59517789999995
12.9672553 77.71660559999998
12.973283 77.61957400000006
12.9559591 77.73427560000005
12.98908 77.72755299999994
12.9419472 77.55175250000002
12.971145 77.62783100000001
12.9632904 77.71726269999999
12.9591592 77.65493420000007
12.9812737 77.63669949999996
12.9564874 77.69650569999999
12.9751512 77.64702469999997
12.9791789 77.72837879999997
12.9710469 77.64803819999997
12.9725546 77.62533150000002
12.9485067 77.64577209999993
12.9700739 77.63117280000006
12.971457 77.65811589999998
12.9790266 77.640579
12.9733605 77.62048219999997
12.9591882 77.65290070000003
12.978356 77.63687529999993
12.973933 77.62789999999995
12.9704425 77.64199689999998
12.9722985 77.65217050000001
12.9786184 77.62315510000008
12.9713363 77.65085350000004
12.971805 77.63511399999993
12.948981 77.597759
12.979033 77.6291
12.97545 77.62338299999999
12.9680176 77.65295349999997
12.9748754 77.61532629999999
12.9708823 77.62789989999999
12.9602118 77.63803289999998
12.9729989 77.64660559999993
12.9772584 77.62343550000003
12.972361 77.64943599999992
12.9725779 77.65057589999992
12.9724075 77.65161469999998
12.9615495 77.61572219999994
12.967267 77.669983
12.9784428 77.64543149999997
12.9704942 77.6465604
12.9716796 77.65177629999994
12.9762665 77.65268839999999
12.958512 77.61499300000003
12.9567746 77.61607759999993
12.9705056 77.64738409999995
12.9613447 77.63702739999997
12.9498069 77.6425266
12.9668448 77.64157260000002
12.9689791 77.63890400000003
12.974128 77.64631899999995
12.9604752 77.64417609999998
12.9749008 77.62648089999993
12.9602564 77.63768519999996
12.9490965 77.64400419999993
12.9639452 77.64082680000001
12.9772304 77.64108759999999
12.9718915 77.64115449999997
12.9795017 77.62961719999998
12.9655455 77.64178770000001
12.9737021 77.64198510000006
12.9591706 77.654897
12.9714752 77.63203079999994
12.9718583 77.6556266
12.9797251 77.62639050000007
12.9554489 77.6159649
12.972471 77.59516499999995
12.9481933 77.59718650000002
12.9714384 77.60108739999998
12.9695731 77.64770599999997
12.9344286 77.6260029
12.9346732 77.61961780000001
12.9345325 77.61121660000003
12.9332145 77.62733329999992
12.937012 77.62474789999999
12.9335638 77.60727910000003
12.9345972 77.60955149999995
12.937031 77.58518500000002
12.937495 77.62629500000003
12.9396101 77.62636320000001
12.9347668 77.61606129999996
12.934595 77.5875628
12.9382325 77.62617479999994
12.9387239 77.62602760000004
12.9335289 77.59256170000003
12.9385279 77.626258
12.9409736 77.58496339999999
12.937663 77.62705099999994
12.9378719 77.57873289999998
12.9378719 77.57873289999998
12.93676 77.618607
12.9366096 77.58589039999993
12.9324781 77.63141889999997
12.9339528 77.61713550000002
12.9369432 77.5857234
12.9396178 77.57750799999997
12.9349514 77.58300499999996
12.932267 77.58383300000003
12.9334084 77.61520189999999
12.9396656 77.6257683
12.9358423 77.60793039999999
12.9346166 77.61112479999997
12.933543 77.62927000000002
12.9332334 77.60657100000003
12.9375582 77.58564810000007
12.9406498 77.62444579999999
12.9381776 77.62282519999997
12.94015 77.60921699999994
12.9418787 77.62163929999997
12.9334836 77.62989340000001
12.9340039 77.62994830000002
12.9335231 77.58375269999999
12.9364589 77.58285610000007
12.9461006 77.59422310000002
12.9341515 77.61283389999994
12.9352831 77.62423869999998
12.9328039 77.61590439999998
12.9449092 77.59481649999998
12.937589 77.62674400000003
12.9380328 77.6327824
12.93658 77.61377470000002
12.9454584 77.60706540000001
12.9355861 77.60799850000001
12.9336206 77.62215930000002
12.9373443 77.6199666
12.9350743 77.6133304
12.932831 77.6072431
12.9631928 77.57749139999999
12.944306 77.59453389999999
12.934257 77.60439900000006
12.96482 77.5769831
12.9630213 77.57754990000001
12.9501253 77.60035960000005
12.963449 77.57742699999994
12.9334205 77.61512619999996
12.9582954 77.61472260000005
12.9393241 77.62846139999999
12.9648988 77.59960079999996
12.9597545 77.64516249999997
12.9425323 77.59846459999994
12.9594748 77.63850830000001
12.9623984 77.57623579999995
12.9521391 77.61203180000007
12.9431355 77.59860839999999
12.9390569 77.62621139999999
12.9327944 77.6095914
12.9342814 77.61628109999992
12.932074 77.58351300000004
12.9450663 77.61703119999993
12.9633076 77.578307
12.9589716 77.58115150000003
12.9345319 77.6198948
12.9553058 77.58054829999992
12.9621279 77.58042009999997
12.955802 77.64210700000001
12.9339152 77.6174191
12.9613319 77.64597430000003
12.9349337 77.61275409999996
12.9542329 77.59220670000002
12.95479 77.58925999999997
12.9321085 77.57949400000007
12.9602795 77.63729899999998
12.9347021 77.6161012
12.964339 77.58114699999999
12.934334 77.61660800000004
12.951447 77.59531900000002
12.962831 77.58880599999998
12.9440641 77.60934259999999
12.9591703 77.5849584
12.9430215 77.62771079999993
12.9637057 77.60670440000001
12.933647 77.62128299999995
12.9353069 77.61288020000006
12.9373557 77.6270108
12.961481 77.58072579999998
12.9573563 77.64400320000004
12.9621373 77.63742939999997
12.94213 77.59383700000001
12.93456 77.61963760000003
12.963534 77.57747100000006
12.940884 77.58514500000001
12.926349 77.551198
12.922773 77.61434199999997
12.9299619 77.55213049999998
12.928285 77.58170900000005
12.9352622 77.69588180000005
12.925922 77.56495040000004
12.9263429 77.6806368
12.9274294 77.57653119999998
12.936599 77.55443200000002
12.9257747 77.56413109999994
12.9265818 77.5848565
12.9262993 77.60980070000005
12.9309138 77.61400700000002
12.9528838 77.69811809999999
12.967928 77.68436500000007
12.9531752 77.69826149999994
12.9671889 77.6972333
12.9689631 77.68977040000004
12.9422797 77.69450010000003
12.9538118 77.69788210000002
12.9665835 77.63976060000005
12.9689693 77.65027910000003
12.9687269 77.67443700000001
12.9651237 77.64420900000005
12.9690546 77.63619429999994
12.9698387 77.6386794
12.9677816 77.61112600000001
12.9580923 77.69529050000006
12.8472846 77.66338780000001
12.851142 77.65830200000005
12.8505512 77.66323599999998
12.8480329 77.6688203
12.850282 77.65529600000002
12.8489769 77.66302139999993
12.8648334 77.64827160000004
12.8498236 77.66386929999999
12.8478364 77.66244340000003
12.8508327 77.63873650000005
12.845515 77.66275999999993
12.838627 77.66272900000001
12.8377241 77.6595211
12.839259 77.65929499999993
12.8761215 77.59567440000001
12.8758131 77.59572730000002
12.904311 77.57913580000002
12.8923999 77.58166419999998
12.902096 77.59001969999997
12.886283 77.60278300000004
12.904396 77.58475210000006
12.8462413 77.65870870000003
12.8454124 77.66590870000005
12.8433624 77.6578796
12.8921346 77.60247060000006
12.907087 77.56671140000003
12.8946485 77.60269849999997
12.8900089 77.59808539999995
12.9061253 77.64460269999995
12.9069085 77.56344230000002
12.9061536 77.59363469999994
12.907093 77.56136900000001
12.8452243 77.66581889999998
12.907173 77.599332
12.9058858 77.6021859
12.8452186 77.66558080000004
12.9083341 77.56629290000001
12.8759722 77.59543839999992
12.896524 77.60774700000002
12.882458 77.58327159999999
12.9076458 77.56903740000007
12.9081085 77.57042649999994
12.9080621 77.57046330000003
12.8959622 77.62597329999994
12.906257 77.59474469999998
12.9042385 77.6019066
12.9070484 77.5987811
12.9062269 77.5874662
12.9062265 77.59200450000003
12.9023345 77.56713319999994
12.90106 77.58840899999996
12.9033218 77.59158120000006
12.8830787 77.62315439999998
12.908796 77.6504357
12.8867305 77.57060209999997
12.9068046 77.58207900000002
12.9034816 77.58637190000002
12.9044398 77.58471559999998
12.9084556 77.57058440000003
12.8897467 77.67318909999995
12.885184 77.58251139999993
12.8951207 77.58157540000002
12.8889891 77.57111680000003
12.9088896 77.56252300000006
12.845515 77.66275999999993
12.908336 77.56207599999993
12.8567628 77.59019360000002
12.8845145 77.56676960000004
12.901108 77.57283299999995
12.9063301 77.62794480000002
12.887867 77.58187199999998
12.9062121 77.5918805
12.897128 77.59619900000007
12.8970168 77.60715779999998
12.901059 77.58840329999998
12.8806235 77.60128729999997
12.9068876 77.63579090000007
12.883619 77.596
12.906326 77.57607000000007
12.907354 77.613245
12.8858359 77.55660450000005
12.8431339 77.65996670000004
12.8996318 77.57162240000002
12.908164 77.570828
12.8810389 77.62440960000004
12.9005704 77.57334979999996
12.9057801 77.56308230000002
12.9049767 77.56317379999996
12.8340819 77.67958670000007
12.8376348 77.65593690000003
12.8413019 77.64781449999998
12.8413381 77.64775839999993
12.8406535 77.66382490000001
12.834091 77.67959199999996
12.8376248 77.65599129999998
12.8365364 77.67384500000003
12.821333 77.65771900000004
12.8940525 77.54187909999996
12.8128135 77.51153829999998
12.8814351 77.54590910000002
12.79427 77.50667199999998
12.8804611 77.54378380000003
12.8810092 77.54563989999997
12.8805307 77.5459644
12.7991305 77.70580259999997
12.7888467 77.61756300000002
12.90445 77.50539530000003
12.9032528 77.517203
12.9024796 77.51991309999994
12.9025234 77.51889349999999
12.9021332 77.50505339999995
12.9032369 77.51696570000001
12.905032 77.54410299999995
12.9033888 77.52162169999997
12.8957456 77.46067219999998
12.8969345 77.46239349999996
12.903662 77.51717450000001
12.9159576 77.65007539999999
12.9161929 77.59228619999999
12.916256 77.55460249999999
12.9149852 77.55540629999996
12.9279348 77.54187909999996
12.91377 77.60796000000005
12.921661 77.58819829999993
12.915277 77.58556699999997
12.9092818 77.54971550000005
12.9131919 77.67976410000006
12.912327 77.63780799999995
12.906717 77.54569649999996
12.9234355 77.58604839999998
12.922472 77.66832199999999
12.929047 77.67209300000002
12.9259756 77.63343929999996
12.9122988 77.58565309999994
12.9258782 77.61561059999997
12.9156308 77.61023950000003
12.912074 77.68213079999998
12.915658 77.61014720000003
12.9295205 77.63074099999994
12.9189378 77.59201770000004
12.909379 77.56529699999999
12.9118023 77.57303360000003
12.9269301 77.58645200000001
12.9166755 77.62030349999998
12.9090505 77.64771270000006
12.911994 77.586635
12.9169958 77.67134480000004
12.912592 77.60001499999998
12.9241219 77.56636509999998
12.924969 77.61880700000006
12.9135833 77.65157620000002
12.912924 77.68014599999992
12.9162583 77.59223250000002
12.9239176 77.65277739999999
12.9232038 77.59346749999997
12.911466 77.59904000000006
12.916836 77.604149
12.9165007 77.59704839999995
12.9104016 77.59183310000003
12.9101906 77.65203759999997
12.924025 77.553541
12.9181086 77.61275069999999
12.9249127 77.61519750000002
12.924917 77.56078300000001
12.92539 77.56751099999997
12.9163604 77.6031279
12.9136896 77.60789490000002
12.9172 77.58195
12.9181023 77.55984450000005
12.914834 77.56338400000004
12.9247721 77.5645068
12.9197019 77.61334899999997
12.9299864 77.58476859999996
12.9139426 77.61071489999995
12.9215872 77.61792309999998
12.9261575 77.5862548
12.9196807 77.61371929999996
12.9207307 77.55977910000001
12.92601 77.56498699999997
12.9163049 77.60018349999996
12.929792 77.58410300000003
12.9214624 77.62021789999994
12.9144128 77.58650160000002
12.9215891 77.58823400000006
12.9222694 77.6101314
12.9143363 77.60023790000002
12.9156223 77.5613012
12.9111576 77.62409449999996
12.922267 77.55020000000002
12.908772 77.54887329999997
12.916402 77.54033449999997
12.9246975 77.56400289999999
12.9123348 77.64049750000004
12.9241691 77.61611489999996
12.924167 77.614867
12.919166 77.59205380000003
12.925415 77.56477599999994
12.9143657 77.58770490000006
12.9197588 77.59296070000005
12.9146751 77.56396569999993
12.9216098 77.60031400000003
12.9289415 77.62917240000002
12.9281349 77.5592977
12.9094337 77.54949549999992
12.9181745 77.58913589999997
12.9228172 77.64619249999998
12.9187078 77.63657009999997
12.927782 77.59343409999997
12.927103 77.57480799999996
12.9289694 77.5627948
12.9137076 77.63830209999992
12.9294499 77.56720480000001
12.9255282 77.56431299999997
12.9097357 77.5626413
12.928399 77.5900613
12.9218763 77.59365739999998
12.9335934 77.53463209999995
12.9343619 77.53693339999995
12.936212 77.51798200000007
12.9355122 77.53462400000001
12.9304188 77.63319120000006
12.9314371 77.62325839999994
12.916274 77.51583000000005
12.924922 77.49870390000001
12.9351462 77.54402519999996
12.949565 77.56311200000005
12.9405533 77.56586709999999
12.943553 77.57115799999997
12.9444545 77.57283440000003
12.9450454 77.57079580000004
12.9408423 77.56570009999996
12.9441127 77.57397070000002
12.944651 77.56769839999993
12.9550416 77.56736669999998
12.9561973 77.56752929999993
12.9454635 77.57159000000001
12.94435 77.57239800000002
12.9562137 77.57547909999994
12.9549099 77.56589550000001
12.943519 77.566825
12.942117 77.57536099999993
12.9533177 77.56477399999994
12.7092382 77.69685709999999
12.7318462 77.67078779999997
12.7190143 77.70205720000001
12.7080625 77.56957050000005
12.9174739 77.61594689999993
12.9176327 77.58974539999997
12.9148211 77.61024829999997
12.917068 77.57787600000006
12.9166638 77.59014509999997
12.9146213 77.60619610000003
12.9138478 77.60931819999996
12.9132047 77.63228730000003
12.9162034 77.65185539999993
12.9117272 77.60058430000004
12.9115301 77.63503319999995
12.9177608 77.59268640000005
12.9140426 77.60894869999993
12.9136363 77.60718109999993
12.916766 77.59247299999993
12.9125759 77.60635070000001
12.9163694 77.59949759999995
12.9173969 77.65139950000003
12.911862 77.64459199999999
12.9177782 77.60681840000007
12.912099 77.55247699999995
12.9140651 77.61029069999995
12.9166513 77.59334590000003
12.9151246 77.5541495
12.9169654 77.5923894
12.90972 77.58756100000005
12.9167089 77.59315590000006
12.9139125 77.63808519999998
12.9136321 77.58560239999997
12.9101275 77.6064308
12.9116171 77.55557169999997
12.9091184 77.56494410000005
12.9136091 77.58959589999995
12.9166154 77.59218320000002
12.9577238 77.56948940000007
12.9578803 77.56449610000004
12.9601828 77.5695068
12.962208 77.57217400000002
12.9594118 77.56739489999995
12.9587465 77.56778980000001
12.9579274 77.56744049999998
