12.9703875 77.60799799999995
12.9724 77.59501899999998
12.9581516 77.53414190000001
12.9668511 77.59943429999998
12.9671505 77.60791189999998
12.96047 77.55933499999992
12.963868 77.59242159999997
12.9700026 77.52109599999994
12.9671399 77.58751519999998
12.9613438 77.5945097
12.9571721 77.59268850000001
12.950629 77.52318100000002
12.960949 77.528052
12.9728288 77.529721
12.960591 77.593748
12.9509543 77.59742460000007
12.9808098 77.55578059999993
12.961728 77.59421739999993
12.9548839 77.56538990000001
12.970152 77.53573200000005
12.9711613 77.54506809999998
12.960167 77.55726700000002
12.9715987 77.59456269999998
12.9604506 77.60143459999995
12.9827321 77.55389839999998
12.9579901 77.52610759999993
12.981271 77.545886
12.9518833 77.56773010000006
12.9673648 77.60848349999992
12.972047 77.57683599999996
12.9551742 77.59169670000006
12.954047 77.54921650000006
12.9715987 77.59456269999998
12.9508974 77.59654160000002
12.959617 77.58396700000003
12.9574935 77.56967140000006
12.971606 77.59437600000001
12.9766637 77.57125559999997
12.9584195 77.61220120000007
12.9577974 77.5461785
12.951317 77.539717
12.9571521 77.60593219999998
12.9577078 77.56328080000003
12.9774821 77.52975200000003
12.950167 77.57793300000003
12.9761012 77.53319209999995
12.97325 77.54116699999997
12.9594356 77.52162339999995
12.964417 77.55743299999995
12.964388 77.58392700000002
12.9756543 77.53309250000007
12.9698858 77.53327960000001
12.9823892 77.55215020000003
12.9610843 77.52809760000002
12.9539091 77.53499020000004
12.9551502 77.5272443
12.956567 77.51863300000002
12.9614117 77.52968740000006
12.9580411 77.56751729999996
12.958661 77.57771100000002
12.970764 77.60304180000003
12.981704 77.53306999999995
12.962973 77.559753
12.9594313 77.56493869999997
12.9715987 77.59456269999998
12.968748 77.52979900000003
12.9674475 77.54545840000003
12.9611252 77.54061980000006
12.9648542 77.61374120000005
12.9769213 77.53153150000003
12.964668 77.52358800000002
12.9501128 77.59307639999997
12.970101 77.53770600000007
12.9577967 77.5856933
12.955903 77.54630599999996
12.9684155 77.52198410000005
12.9827256 77.55387989999997
12.9715987 77.59456269999998
12.9580607 77.53752220000001
12.9577362 77.58249369999999
12.9610654 77.55214090000004
12.982717 77.53092700000002
12.959967 77.56950000000006
12.9325232 77.63195700000006
12.9714 77.64152660000002
12.935089 77.62187770000003
12.9937913 77.6604893
12.9948753 77.60559319999993
13.0022598 77.66070590000004
12.9241979 77.56267189999994
12.952589 77.64010910000002
12.9690167 77.63590829999998
12.933837 77.62140799999997
12.9918399 77.53838040000005
12.9696282 77.64407310000001
12.92168 77.59663999999998
12.916633 77.58581700000002
12.962859 77.65950799999996
12.9929953 77.67821249999997
12.920715 77.54830500000003
13.0007302 77.55764299999998
12.9234399 77.57506769999998
12.975856 77.61661589999994
12.9107686 77.60661679999998
12.895554 77.61177700000007
12.935588 77.6263798
12.9848946 77.67507440000009
12.9992161 77.56772619999992
12.9024528 77.71689489999994
12.9246101 77.58815979999997
13.0224322 77.63980160000006
13.0218967 77.63723359999994
12.9319851 77.58320609999998
13.011937 77.64732200000003
12.934093 77.58132799999998
12.981349 77.63831000000005
12.991898 77.53756909999993
12.964701 77.71715999999992
12.9425336 77.6945561
12.923161 77.66973129999997
12.9961319 77.61732460000007
12.934634 77.62905699999999
12.956772 77.74557709999999
12.9846744 77.59700220000002
12.9557448 77.71154520000005
12.961934 77.71332600000005
12.91735 77.59334999999999
12.968343 77.65039000000002
12.9543631 77.61573850000002
12.9115984 77.64408789999993
13.020898 77.64300300000002
12.923841 77.57637299999999
12.9551903 77.70034659999999
12.9241696 77.63890519999995
12.984726 77.60786200000007
12.9274529 77.590597
12.919599 77.61294699999996
12.9270921 77.586323
12.9699569 77.74981290000005
12.972201 77.75066199999992
12.9878104 77.53306299999997
13.0057237 77.58059939999998
13.0177029 77.66889270000001
12.899845 77.58599900000002
12.999429 77.61961999999994
12.9108958 77.60988420000001
12.9977629 77.61357709999993
12.9591977 77.74634000000003
12.9124361 77.64410369999996
12.9396535 77.54224750000003
12.989849 77.555655
12.9218803 77.63357359999998
12.9987996 77.54973059999998
13.0102717 77.57960619999994
12.941941 77.62556399999994
12.990217 77.60456499999998
12.9752041 77.67904810000005
12.9592607 77.66131819999998
12.961119 77.51232419999997
12.915426 77.65426100000002
13.009347 77.57946300000003
12.8995808 77.5858945
13.005686 77.56184499999995
12.913537 77.60656900000004
13.010139 77.53680399999996
13.008603 77.65558799999997
12.8999342 77.60089870000002
12.916919 77.59434299999998
12.913576 77.5587736
12.9233902 77.56480770000007
12.9309643 77.60492180000006
12.908783 77.65199299999995
12.925825 77.63158999999996
12.9396746 77.62584040000002
13.004306 77.57107199999996
12.9365731 77.61406199999999
12.911053 77.67621499999996
12.8841437 77.55093779999993
12.890608 77.59817799999996
12.87314 77.59431399999994
12.9930941 77.57231150000007
12.923879 77.5020634
12.910446 77.59803499999998
12.922751 77.582945
12.958831 77.63789700000007
12.972181 77.65394500000002
12.9911352 77.68028770000001
12.923498 77.58605899999998
12.913633 77.60829999999999
12.9167915 77.55966979999994
12.7544122 77.62462019999998
12.8996492 77.6441638
12.839447 77.65038500000003
12.908136 77.64760799999999
12.9026345 77.60461080000005
12.8832474 77.60737629999994
12.8799973 77.60985340000002
12.887971 77.63991399999998
12.8759881 77.61622490000002
12.8898415 77.62629390000006
12.906348 77.59955000000002
12.906962 77.65164900000002
12.8364506 77.65832039999998
12.906586 77.61217199999999
12.9090794 77.6064093
12.8446163 77.80606089999992
12.9069114 77.61241769999992
12.8705598 77.62419210000007
12.837552 77.65558110000006
12.9029489 77.62452729999995
12.9093353 77.60024020000003
12.84151 77.646839
12.8973846 77.6287079
12.8939811 77.60938220000003
12.908867 77.60719399999994
12.8977637 77.61781309999992
12.8488423 77.65754730000003
12.8861683 77.75175390000004
12.9075255 77.69308879999994
12.894808 77.66835560000004
12.7081 77.69425999999999
12.8898451 77.65256649999992
12.8649848 77.5961145
12.8404627 77.65051319999998
12.8914796 77.75271780000003
12.8743233 77.59485339999992
12.8978908 77.66146300000003
12.889626 77.6557057
12.9057709 77.60550039999998
12.8379425 77.65569089999997
12.8921578 77.75280299999997
12.8812524 77.59654690000002
12.852051 77.67315099999996
12.8938428 77.6366696
12.8741435 77.6346158
12.8929094 77.62600989999999
12.8657336 77.65185429999997
12.8281177 77.68217179999999
12.7288255 77.7045822
12.8782279 77.59584710000001
12.893556 77.65319599999998
12.8908093 77.59750639999993
12.8871242 77.62566079999999
12.8995118 77.62668140000005
12.83311 77.65755200000001
12.892277 77.7533032
12.7104673 77.69815829999993
12.8820368 77.65048209999998
12.8924757 77.61079730000006
12.8867595 77.63979749999999
12.9098277 77.66740070000003
12.889572 77.59734300000002
12.8408718 77.6507838
12.9060003 77.60580900000002
12.8761356 77.61713280000004
12.9095707 77.65228679999996
12.8943455 77.6667215
12.839094 77.64716899999996
12.8420821 77.64589019999994
12.8210424 77.51394619999996
13.035937 77.57512799999995
13.0258341 77.63718500000004
13.025265 77.62930299999994
13.0268348 77.56155239999998
13.0358269 77.54733429999999
13.0797369 77.66683009999997
12.9232223 77.58488480000005
12.910812 77.59670299999993
12.9214291 77.61497080000004
12.8834069 77.59026240000003
12.920121 77.58597699999996
12.928506 77.57656199999997
12.8920143 77.58165120000001
12.916535 77.58599730000003
12.9109622 77.57960639999999
12.9137773 77.59470829999998
12.9168277 77.60414259999993
12.914275 77.58575399999995
12.90572 77.58041400000002
12.910609 77.58890599999995
12.891894 77.58162979999997
12.9147263 77.6099405
12.9223026 77.6680586
12.9121439 77.68230919999996
12.9159197 77.65017089999992
12.9121707 77.63231280000002
12.8914247 77.58163109999998
12.916221 77.59432600000002
12.9225052 77.59049579999999
12.887319 77.57807500000001
12.9188669 77.61297460000003
12.8864467 77.58166140000003
12.9289718 77.59137290000001
12.9180846 77.63808849999998
12.9235836 77.58456409999997
12.922002 77.61271499999998
12.915433 77.63236699999993
12.9226842 77.63387109999996
12.9104939 77.58571319999999
12.9246968 77.62019499999997
12.9246 77.58601699999997
12.915338 77.63203899999996
12.915333 77.65162029999999
12.914221 77.60989399999994
12.9167932 77.60682569999994
12.921833 77.61381699999993
12.8895219 77.5798522
12.926517 77.570017
12.91164 77.58772999999997
12.8917325 77.57447260000004
12.9270418 77.58712919999994
12.9203785 77.64922000000001
12.929472 77.67270299999996
12.9151149 77.59531100000004
12.927888 77.62324999999998
12.9251435 77.57101740000007
12.882912 77.58340099999998
12.8553448 77.58754090000002
12.865696 77.58035199999995
12.8641516 77.57367440000007
12.8588957 77.54178019999995
12.881167 77.56693300000006
12.883017 77.569567
12.889733 77.57150000000001
12.8881028 77.54431490000002
12.8914913 77.57783440000003
12.8024307 77.50897439999994
12.8923996 77.58160120000002
12.901649 77.55393200000003
12.9168742 77.55951379999999
12.927384 77.55095800000004
12.9257978 77.56099180000001
12.9178247 77.55728429999999
12.9018763 77.56121810000002
12.924949 77.55369969999992
12.9197023 77.55890139999997
12.9270278 77.55079780000005
12.896933 77.57129399999997
12.895555 77.58184800000004
12.8948282 77.57124019999992
12.9195738 77.56001409999999
12.9089294 77.56262990000005
12.909328 77.56430899999998
12.918483 77.52043300000003
12.917537 77.60079399999995
12.90273 77.58335
12.901675 77.5608909
12.912667 77.57925
12.911367 77.59891700000003
12.914833 77.58863300000007
12.911283 77.59067400000004
12.9049505 77.54360889999998
12.9145948 77.56502920000003
12.9315722 77.62315360000002
12.934372 77.62311499999998
12.933078 77.62941999999998
12.9720421 77.67984419999993
12.9562326 77.64403709999999
12.9363487 77.6279998
12.93455 77.63396499999999
12.9743314 77.62708950000001
12.947383 77.57633299999998
12.9449381 77.56214580000005
12.9337322 77.54325940000001
12.9644648 77.64343459999998
12.93205 77.63241300000004
12.942764 77.58560599999998
12.9535801 77.65307899999993
12.956334 77.63791679999997
12.9553389 77.69380269999999
13.0426145 77.57627030000003
13.0071719 77.705781
12.984716 77.54873499999997
13.0038424 77.54944639999997
13.0011706 77.55112980000001
12.961383 77.51089999999999
13.0279661 77.54091560000006
13.0183176 77.64749000000006
13.0316736 77.56499710000003
13.0127136 77.62582069999996
13.02641 77.59338090000006
13.004255 77.58392490000006
13.022449 77.64981599999999
13.025836 77.63683900000001
13.0222007 77.63835319999998
13.0037375 77.62413850000007
13.024073 77.59729900000002
13.0055365 77.58043279999993
12.9973315 77.58515950000003
13.000467 77.61798299999998
13.0257525 77.63420339999993
13.001067 77.61307420000003
13.02469 77.58718699999997
12.9951993 77.61455520000004
13.0223141 77.59489459999998
13.012017 77.64266700000007
13.0208982 77.64754259999995
13.012017 77.64271699999995
12.996883 77.6114
13.0036536 77.63608590000001
12.9950827 77.58133550000002
13.010333 77.64316699999995
13.0035699 77.63323130000003
13.00992 77.62435000000005
13.014615 77.64699399999995
13.0210116 77.64219060000005
13.024 77.60355000000004
12.999553 77.59721880000006
13.0195745 77.5922392
13.0122469 77.66204649999997
13.0144221 77.64787890000002
13.026667 77.59334999999999
13.01127 77.61576000000002
12.9970455 77.65866519999997
13.0067831 77.59364600000004
13.011233 77.61558300000002
13.0148135 77.63406409999993
13.0086059 77.65561980000007
13.0040715 77.60664180000003
13.026481 77.63206000000002
13.0048138 77.66021799999999
13.0054577 77.6523707
13.0238827 77.59367279999992
13.0249269 77.63679139999999
13.007476 77.65238
13.0246802 77.58882879999999
13.0125573 77.63569910000001
13.0251032 77.58674300000007
13.0128356 77.6277222
13.0220095 77.67140870000003
13.0089783 77.65019600000005
13.0108678 77.64262989999997
13.0208864 77.64752539999995
13.011661 77.67021499999998
13.0263614 77.60627520000003
13.0259372 77.63386749999995
13.0247426 77.58908559999998
13.0220154 77.65789670000004
13.0103164 77.58056850000003
13.011182 77.62783769999999
13.0247325 77.59543239999994
13.027845 77.61751700000002
12.9600447 77.72053870000002
12.9597191 77.74778170000002
12.9892505 77.5974129
12.9928508 77.6609019
12.9942767 77.59409630000005
12.986555 77.59504300000003
12.989329 77.59746999999993
12.977383 77.66576699999996
12.987933 77.60396700000001
12.9783753 77.64155089999997
12.994249 77.62811179999994
12.9845666 77.66220269999997
12.985689 77.67171200000007
12.983252 77.67386499999998
12.9843239 77.66260829999999
12.9874689 77.60492180000006
12.979547 77.638013
12.9937625 77.62684379999996
12.9781467 77.62972609999997
12.9779233 77.632068
12.9885514 77.60582190000002
12.987387 77.59906679999995
12.9798552 77.6727105
12.9941457 77.66641440000001
12.9847746 77.67158700000005
12.9902982 77.60730519999993
12.9875863 77.68584799999996
12.9912329 77.59833049999997
12.9948788 77.61526200000003
12.9837737 77.62819289999993
12.9874546 77.55291929999999
13.0117459 77.55670340000006
13.0048381 77.56241360000001
12.9950248 77.55524279999997
13.0249412 77.56041809999999
13.0053664 77.56216840000002
12.966055 77.71857810000006
13.025185 77.55751399999997
12.970212 77.63957900000003
13.0144454 77.57613360000005
12.974176 77.63455799999997
13.023429 77.55705799999998
12.9699951 77.6477721
13.019996 77.70354909999992
12.9739057 77.64588479999998
13.00898 77.56331
12.984384 77.55304180000007
13.0063923 77.57876110000007
13.0082583 77.55875590000005
13.0396587 77.65443559999994
12.9855313 77.53830029999995
13.0292896 77.57110850000004
12.9889306 77.54262870000002
13.0338207 77.5644787
13.0311746 77.57073660000003
13.0294189 77.56202510000003
13.0330084 77.61931340000001
13.0421371 77.5546306
12.9842627 77.53714660000003
13.03815 77.55195000000003
13.0329684 77.55830200000003
13.0328 77.55913299999997
12.9990434 77.57855059999997
13.0405491 77.57737650000001
13.0093265 77.56295350000005
13.019488 77.67811019999999
13.00694 77.57885999999996
13.022244 77.55906900000002
13.0019 77.57240000000002
13.02815 77.57214499999998
13.0269772 77.57910849999996
13.0123688 77.57644069999992
13.0289485 77.56150279999997
13.02937 77.578666
13.0091005 77.57827929999996
13.0073253 77.56926210000006
13.0197144 77.55972900000006
13.02958 77.5777875
13.0247194 77.55747380000003
13.0247589 77.55745130000003
13.0224116 77.55364750000001
13.053204 77.60476100000005
13.055387 77.603432
13.0437626 77.55315459999997
13.0315441 77.63574519999997
13.0583289 77.58774640000001
13.0285439 77.51971909999997
13.0334369 77.63507279999999
13.0407873 77.54943789999993
13.060017 77.50566700000002
13.035205 77.55793500000004
13.0343556 77.56841929999996
12.998079 77.55574109999998
13.04975 77.50446699999998
13.0367117 77.55338510000001
13.0424153 77.57671189999996
13.0279661 77.54091560000006
13.036183 77.59436700000003
13.0030374 77.55323810000004
13.0423812 77.62498579999999
13.0005611 77.54300760000001
13.0580709 77.58164299999999
13.0015892 77.5532164
12.9999902 77.51321170000006
13.0116026 77.54423969999993
13.043106 77.52000299999997
12.9964403 77.57474990000003
13.0501733 77.50553009999999
13.0152535 77.52370040000005
13.0364641 77.5767631
13.0638263 77.58980559999998
13.0660621 77.59828760000005
13.0613905 77.55166680000002
13.0615705 77.58092669999996
13.0630025 77.57294379999996
13.0512473 77.6120138
13.037206 77.57448099999999
13.0389786 77.60743619999994
13.0366696 77.55335179999997
13.0608339 77.58740990000001
13.0628856 77.58642320000001
13.0475695 77.57228759999998
13.03995 77.57232999999997
13.039827 77.579701
13.0374614 77.60505109999997
13.0438754 77.54638249999994
13.0527791 77.60415260000002
13.039301 77.573982
13.049249 77.59708130000001
13.064815 77.65204300000005
13.0712497 77.55602269999997
13.0822894 77.58792749999998
13.0601702 77.64848110000003
13.0656414 77.49734939999996
13.0711586 77.63377850000006
13.070117 77.56851699999993
13.0689857 77.57354020000002
13.0537971 77.50741870000002
13.0313454 77.55974859999992
13.0757164 77.55701699999997
13.0527559 77.64613150000002
13.0351982 77.50373839999997
13.057078 77.64826500000004
13.0600924 77.50574200000005
13.0338501 77.52976749999993
13.0791122 77.51554650000003
13.1042445 77.57131930000003
13.0985432 77.58549749999997
13.1385547 77.47814340000002
13.017256 77.70522589999996
13.1069439 77.57853009999997
13.0190288 77.69246900000007
13.0983387 77.58376580000004
13.0956473 77.58739179999998
13.0939818 77.58277769999995
13.0890674 77.63475360000007
13.096726 77.59007299999996
13.1040223 77.57128480000006
13.116528 77.60423500000002
13.075811 77.49812999999995
13.1127555 77.47935929999994
13.0266084 77.69568830000003
13.0294277 77.69346580000001
13.0336534 77.55837629999996
13.0561871 77.50752740000007
13.149424 77.61010409999994
13.0326203 77.60235650000004
12.976195 77.63881400000002
12.9731041 77.6475557
12.9704092 77.63779620000003
12.9754208 77.6173923
12.9878223 77.57421469999997
12.993393 77.56600900000001
12.9735424 77.62175830000001
12.9961411 77.57393990000003
12.9860959 77.55610849999994
12.9974658 77.55456690000005
12.9897856 77.55605620000006
12.986847 77.55277899999999
12.970142 77.638643
12.9760646 77.6277503
13.001926 77.55291799999998
12.9870591 77.57442459999993
12.97016 77.63219900000001
12.9481933 77.59718650000002
12.94905 77.57925
12.949151 77.59807249999994
12.9590156 77.61675939999998
12.9488879 77.6046503
12.9499753 77.59657370000002
12.948919 77.60579310000003
12.948897 77.56989499999997
12.9489737 77.51015889999996
12.9389134 77.54858960000001
12.9397139 77.54718849999995
12.942 77.55179999999996
12.9347172 77.53648820000001
12.9446981 77.54116060000001
12.9348194 77.53648550000003
12.9364604 77.51743680000004
12.944404 77.53806699999996
12.9429865 77.54481680000004
12.9334888 77.51607650000005
12.940773 77.573039
12.930126 77.51498049999998
12.9437283 77.56760310000004
12.944419 77.571189
12.9427123 77.55759929999999
12.9277428 77.48667950000004
12.925358 77.55048720000002
12.9299832 77.57021829999996
12.9299169 77.56973560000006
12.9257617 77.51687779999997
12.9272965 77.54826070000001
12.9418425 77.56366930000002
12.938499 77.576143
12.9394024 77.57139089999998
12.9335175 77.54268769999999
12.946667 77.56691699999999
12.9279333 77.56318349999992
12.9307795 77.56691109999997
12.9417755 77.55707810000001
12.9380432 77.55679199999997
12.925596 77.56091500000002
12.9362562 77.57195159999992
12.950011 77.48947799999996
12.9520123 77.49752539999997
12.9257001 77.51634639999997
12.9295744 77.56370790000005
12.947513 77.56355400000007
12.9357039 77.5613204
12.9408667 77.50251209999999
12.9335045 77.54267870000001
12.9319222 77.57589250000001
12.927529 77.56198419999998
12.950852 77.49178099999995
12.9462014 77.56991370000003
12.9262406 77.51486890000001
12.9398462 77.57558940000001
12.938146 77.56972999999994
12.9361029 77.56384800000001
12.9300465 77.57028760000003
12.9382155 77.58484939999994
12.934925 77.60811899999999
12.9364925 77.61496420000003
12.9424 77.61489200000005
12.9356159 77.60791700000004
12.9809679 77.43807790000005
12.9367077 77.58270489999995
12.9466109 77.59746059999998
12.9246184 77.56409680000002
12.924124 77.48517700000002
12.985493 77.53471289999993
12.9848544 77.48647030000006
12.9827452 77.48585609999998
12.9843976 77.53716140000006
12.9719872 77.50738219999994
12.9799786 77.50990539999998
13.0018136 77.53079589999993
12.9904148 77.4849984
13.0014516 77.52078979999999
13.000758 77.53626499999996
13.001939 77.48838699999999
13.001931 77.52522399999998
12.9902119 77.50483710000003
12.9808853 77.50622650000003
12.986938 77.53451799999993
13.0130277 77.50932280000006
13.0066625 77.52633289999994
12.9901029 77.55053969999994
12.9964114 77.54334629999994
12.9895376 77.55029450000006
13.0006284 77.5444053
13.0042229 77.55102599999998
12.909389 77.54957330000002
12.9117904 77.55297129999997
12.9124434 77.59946190000005
12.9103527 77.56429460000004
12.924062 77.63915240000006
12.924157 77.63882000000001
12.9215496 77.6004656
12.9264037 77.60858529999996
12.9186455 77.60269130000006
12.9241633 77.61787079999999
12.9247403 77.61131840000007
12.921969 77.61044400000003
12.9262451 77.63330670000005
12.9253362 77.61724630000003
12.912812 77.60921899999994
12.9268382 77.63497989999996
12.9284787 77.62191919999998
12.922637 77.61744399999998
12.912544 77.63276599999995
12.9198 77.61234000000002
12.936723 77.62030000000004
12.934533 77.58778299999994
12.934718 77.60946200000001
12.9307165 77.60305519999997
12.9334623 77.60742519999997
12.9336166 77.5872349
12.981464 77.60060499999997
12.97192 77.59498600000006
12.964683 77.580917
12.971598 77.594562
12.957093 77.57044199999996
12.970413 77.54035499999998
12.9644582 77.53278669999997
12.956459 77.559123
12.9588978 77.5240407
12.954227 77.59128099999998
12.968032 77.53047300000003
12.9506074 77.57539759999997
12.9581812 77.59230249999996
13.027191 77.577542
12.986083 77.67101600000001
13.029593 77.63444700000002
12.9348627 77.61174289999997
13.0087191 77.65604239999993
12.9151233 77.67251609999994
12.926822 77.59437500000001
13.014587 77.64259300000003
12.9122879 77.64397000000008
12.914958 77.58556099999998
12.985507 77.67132200000003
13.015039 77.68098399999997
12.923238 77.55408799999998
12.9708025 77.71321089999992
12.9863497 77.53747959999998
12.93708 77.61164899999994
12.919481 77.66720099999998
12.9661163 77.70188959999996
12.9123446 77.67655100000002
12.9859822 77.48713550000002
12.93417 77.62352099999998
12.9360545 77.51757729999997
12.934192 77.63014799999996
12.9868528 77.73650850000001
13.042957 77.55141200000003
12.97125 77.65029400000003
12.9349497 77.61316650000003
13.0250356 77.6279247
12.9442981 77.65162069999997
12.9750737 77.66989239999998
13.019819 77.65648399999998
12.9166955 77.56213909999997
12.9232255 77.66761059999999
13.024464 77.65885300000002
12.9467563 77.59440840000002
12.9721725 77.69604779999997
12.9618993 77.70216159999995
12.9974767 77.54503969999996
12.9423356 77.60838269999999
12.9427398 77.58298289999993
13.0209159 77.65678120000007
12.9484675 77.52242530000001
12.920382 77.5961294
12.930141 77.60943199999997
12.9862785 77.47940070000004
12.979389 77.64104399999997
12.9433029 77.55810599999995
13.0261466 77.68388860000005
12.975077 77.66996100000006
12.98988 77.50245399999994
12.9572302 77.72153649999996
13.0077964 77.53126789999999
13.042424 77.58117399999992
13.002135 77.54422729999999
13.0013847 77.55303470000001
13.011675 77.64694299999996
13.0416928 77.59472870000002
12.9745549 77.63010600000007
13.0006351 77.61280420000003
13.0004573 77.66211610000005
13.0103297 77.64969050000002
12.993247 77.71704399999999
13.021659 77.6428247
12.931223 77.56714699999998
12.9350001 77.57519109999998
12.9307997 77.68532349999998
13.033219 77.6377
12.995703 77.53568599999994
12.9277578 77.59331580000003
12.9162517 77.67153200000007
12.91878 77.595595
12.9775218 77.65868290000003
12.978322 77.67982800000004
13.03088 77.631528
12.950126 77.72071099999994
12.9585962 77.65667589999998
13.017327 77.66513299999997
12.9121158 77.63815060000002
12.905999 77.60490500000003
12.8402297 77.64991269999996
12.852845 77.66766499999994
12.911014 77.57631100000003
12.971087 77.76801699999999
12.910364 77.632563
12.892007 77.58732499999996
12.9058242 77.60409060000006
13.0081445 77.75789110000005
12.8820943 77.62529339999992
13.075674 77.52446599999996
12.8769697 77.58410609999999
12.8410011 77.69452750000005
12.8009866 77.71184659999994
13.0548609 77.63178169999992
13.0552489 77.60341930000004
12.910136 77.57176400000003
13.0663746 77.50525549999998
12.886069 77.55744099999993
12.8879292 77.62128080000002
12.863304 77.77132189999998
12.8759052 77.59599159999993
12.91107 77.57631200000003
12.835409 77.68343200000004
13.0600298 77.56094459999997
13.0972252 77.58830850000004
12.9088259 77.69281030000002
13.0544817 77.57084689999999
12.7956446 77.65981450000004
12.8790802 77.63332489999993
12.8966512 77.63469729999997
12.8805222 77.62437640000007
12.904389 77.585644
13.055034 77.58021299999996
13.0958589 77.59763180000004
