12.9735595 77.60171500000001
12.9740083 77.60160429999996
12.9744637 77.54670910000004
12.972835 77.60827199999994
12.9737006 77.60181920000002
12.9626582 77.5897956
12.952524 77.59486900000002
12.9739577 77.60185630000001
12.975261 77.59966499999996
12.9743683 77.59932700000002
12.9736488 77.60186769999996
12.9715987 77.59456269999998
12.971752 77.5959206
12.953479 77.57770400000004
12.966874 77.59873600000003
12.9665 77.613115
12.9670502 77.59868860000006
12.965414 77.59800700000005
12.9729801 77.61396339999999
12.9729309 77.59953089999999
12.9731739 77.56927280000002
12.9572551 77.59258729999999
12.969847 77.61076819999994
12.971606 77.59437600000001
12.9715987 77.59456269999998
12.9661421 77.60579380000001
12.9797994 77.53828810000005
12.9721264 77.56625400000007
12.961694 77.59499699999992
12.9672014 77.60621749999996
12.978307 77.57964500000003
12.9604849 77.58826320000003
12.9720447 77.59583470000007
12.975955 77.55806899999993
12.96004 77.58374400000002
12.9633823 77.60348939999994
12.9753164 77.54655109999999
12.9581928 77.58634940000002
12.975382 77.54698299999995
12.9715987 77.59456269999998
12.9587831 77.56590260000007
12.960272 77.58115699999996
12.972735 77.57577200000003
12.9715987 77.59456269999998
12.96032 77.56133999999997
12.9660238 77.60589379999999
12.951664 77.520625
12.972744 77.60082
12.957893 77.58616099999995
12.966178 77.605725
12.9701658 77.60040559999993
12.970669 77.56570999999997
12.9735633 77.59806630000003
12.9669304 77.60880509999993
12.9611129 77.58807249999995
12.971867 77.57982700000002
12.9660983 77.57190539999999
12.9745425 77.60311159999992
12.9593494 77.53282289999993
12.967333 77.53648599999997
12.9768106 77.57827359999999
12.957531 77.59316890000002
12.9600326 77.58729879999999
12.9511691 77.60619070000007
12.9746127 77.5467979
12.973809 77.54868699999997
12.9716993 77.57495649999998
12.9556219 77.58467940000003
12.954024 77.58011899999997
12.9737018 77.59623970000007
12.9605873 77.56538120000005
12.950872 77.56228599999997
12.9645705 77.59139230000005
12.9800677 77.55439950000005
12.972933 77.54731700000002
12.9614656 77.60165740000002
12.960973 77.58714699999996
12.973817 77.55016699999999
12.969417 77.54578300000003
12.960387 77.55968899999993
12.9739439 77.59926789999997
12.97755 77.53396699999996
12.9644018 77.58813209999994
12.9679742 77.59261560000004
12.954633 77.58328299999994
12.9784016 77.54336430000001
12.9674579 77.59960209999997
12.9806791 77.57909110000003
12.962873 77.58182839999995
12.959918 77.60191559999998
12.9715987 77.59456269999998
12.969433 77.54578300000003
12.9542699 77.57555400000001
12.9715987 77.59456269999998
12.953152 77.57499899999993
12.978056 77.57797099999993
12.977034 77.57735530000002
12.956783 77.58249999999998
12.9614954 77.58405449999998
12.974201 77.59927100000004
12.981266 77.53222299999993
12.977565 77.57474200000001
12.9688 77.54555000000005
12.971117 77.54658300000006
12.959517 77.58308299999999
12.9557256 77.57705609999994
12.971267 77.601
12.9577459 77.60193720000007
12.9715987 77.59456269999998
12.955462 77.586093
12.954612 77.578799
12.958367 77.58126700000003
12.9715987 77.59456269999998
12.9715987 77.59456269999998
12.9545592 77.57449629999996
12.9697295 77.57021429999998
12.9715987 77.59456269999998
12.9627843 77.59023649999995
12.9715987 77.59456269999998
12.9520133 77.59629050000001
12.9645 77.57958299999996
12.953016 77.57529999999997
12.957 77.58023000000003
12.9775319 77.57715800000005
12.9566318 77.54843310000001
12.9535741 77.57804799999997
12.954402 77.57700999999997
12.956507 77.58360399999992
12.9769108 77.57718769999997
12.95877 77.57822999999996
12.9540662 77.57853620000003
12.95713 77.58087999999998
12.9724203 77.56893430000002
12.9599163 77.58322099999998
12.964233 77.55596700000001
12.978017 77.54468299999996
12.958283 77.57963300000006
12.9526727 77.57703530000003
12.957417 77.57691699999998
12.95679 77.58067000000005
12.977382 77.55308100000002
12.9524068 77.59383129999992
12.9628445 77.54832820000001
12.955252 77.56379330000004
12.954579 77.57447980000006
12.979167 77.53911700000003
12.956585 77.58305100000007
12.953068 77.574613
12.958717 77.580467
12.952086 77.59037599999999
12.9542699 77.57555400000001
12.96965 77.54586700000004
12.9715987 77.59456269999998
12.9571806 77.58007459999999
12.968517 77.545433
12.951917 77.57998299999997
12.952943 77.57553600000006
12.9550306 77.57908509999993
12.960167 77.58764999999994
12.975139 77.52928299999996
12.955957 77.57689000000005
12.967539 77.54535599999997
12.959567 77.52269999999999
12.956257 77.58105
12.958083 77.580017
12.978098 77.57786399999998
12.95737 77.58100999999999
12.96138 77.57762300000002
12.960317 77.58058299999993
12.967933 77.61104999999998
12.953379 77.57651899999996
12.976367 77.53558299999997
12.956047 77.57701099999997
12.954375 77.53536699999995
12.954448 77.57892600000002
12.958233 77.58003299999996
12.9539398 77.57839560000002
12.9532704 77.57777329999999
12.978893 77.54131099999995
12.9579 77.580917
12.976733 77.54681699999992
12.955933 77.57993299999998
12.95807 77.58185000000003
12.9824247 77.60275899999999
12.972133 77.546967
12.969117 77.54566699999998
12.957717 77.58079999999995
12.9549746 77.57676149999998
12.9715987 77.59456269999998
12.9536738 77.5781409
12.963233 77.53454199999999
12.967894 77.54323099999999
12.956533 77.58280000000002
12.978223 77.55345899999998
12.9532816 77.57666649999999
12.9540901 77.57668420000005
12.9535067 77.5766734
12.95472 77.53140200000007
12.9512666 77.59527060000005
12.9539803 77.57667609999999
12.9973978 77.58566989999997
12.928674 77.50416210000003
13.025467 77.64169600000002
12.936833 77.605817
12.8988782 77.57294780000007
12.9999486 77.68201150000004
12.9612162 77.63562550000006
12.8914365 77.6389901
12.988614 77.58881900000006
12.8978085 77.59893740000007
13.0281791 77.54250249999996
12.910043 77.62671399999999
12.912086 77.62535409999998
12.996054 77.69381099999998
12.8829287 77.64423750000003
12.9671321 77.71700390000001
12.893033 77.56760699999995
13.0205254 77.584114
12.9283682 77.67991810000001
12.9998272 77.68206520000001
13.0327702 77.54099900000006
12.8507281 77.66911649999997
12.989767 77.59916699999997
12.9919692 77.71534689999999
12.8498482 77.65448570000001
12.8980039 77.59987479999995
12.989346 77.59896800000001
12.9358495 77.51618929999995
13.0160983 77.50549790000002
13.0268946 77.63668140000004
13.029083 77.57056699999998
12.9067138 77.58064509999997
13.015813 77.64296420000005
12.9890979 77.5068923
12.9167637 77.59013470000002
12.952915 77.64031899999998
12.8695746 77.6515756
12.8903414 77.63967460000003
12.992942 77.59602700000005
13.003111 77.583661
12.9017464 77.60173550000002
12.865566 77.65729199999998
12.986388 77.61577899999997
12.930077 77.683942
12.978594 77.70985999999994
12.907561 77.599965
13.008525 77.62322300000005
12.8924344 77.56716649999998
12.9668743 77.71679999999992
12.966547 77.50533999999993
12.9389754 77.61815619999993
12.944668 77.52880989999994
12.9280248 77.54668059999995
13.052554 77.50807600000007
12.988702 77.68860459999996
13.0689962 77.78052630000002
12.952848 77.69964600000003
13.0110634 77.64935300000002
12.9884952 77.59935380000002
12.939169 77.61798499999998
13.0294462 77.53605659999994
12.93862 77.63096199999995
13.0132602 77.58357139999998
12.9478885 77.6994158
12.959493 77.65672500000005
12.999508 77.68214799999998
13.0123948 77.55161520000001
12.996161 77.61791210000001
13.014681 77.65758900000003
13.011182 77.62783769999999
12.997444 77.58566900000005
12.996905 77.58740799999998
13.0068959 77.55451990000006
12.8972213 77.63540799999998
13.038879 77.55661299999997
12.8856048 77.6425729
12.817351 77.68094599999995
13.031772 77.73118699999998
13.0347827 77.58902469999998
12.927983 77.562275
13.0279154 77.6321438
12.9177456 77.6237883
12.9838 77.61424999999997
12.9862649 77.56026270000007
13.0180814 77.59211979999998
13.0133317 77.58364069999993
12.9240257 77.64013580000005
12.935267 77.54736700000001
12.8697128 77.59270100000003
12.9298179 77.60084499999994
12.990319 77.593345
12.9566874 77.73650010000006
12.9513528 77.70209439999996
13.0240966 77.64359109999998
12.9661563 77.70192680000002
12.876005 77.64775699999996
13.0099622 77.70486470000003
12.999143 77.58380699999998
12.942171 77.57236899999998
12.9239848 77.64718700000003
12.910092 77.60596099999998
12.9924071 77.70424980000007
12.8892428 77.56266149999999
12.965563 77.71886799999993
13.0246854 77.51800129999992
12.964891 77.63700700000004
12.8668455 77.66309750000005
13.014316 77.58339000000001
13.0144183 77.58306160000006
12.9566753 77.6415637
12.9908279 77.55057839999995
12.879176 77.44612400000005
12.911628 77.65123799999992
12.933401 77.6113302
12.985333 77.60688299999993
13.024087 77.63021500000002
13.0581165 77.59427370000003
12.947443 77.53168099999994
13.055347 77.59292060000007
12.924245 77.49743899999999
12.938395 77.61884800000007
12.922351 77.65141500000004
13.041588 77.62281910000002
12.9604242 77.64470570000003
13.0077285 77.67365540000003
12.9241771 77.67194369999993
13.0075628 77.69058470000004
12.894854 77.6027732
12.943914 77.60287700000003
12.9148413 77.66607640000007
13.0058862 77.58368889999997
12.9190533 77.55996579999999
12.9066693 77.5767558
13.04767 77.57413900000006
13.0187942 77.65524370000003
12.87814 77.64711799999998
12.975098 77.72664099999997
12.926293 77.57355800000005
13.026117 77.58038299999998
12.996466 77.70136300000001
12.9165285 77.61413070000003
12.987214 77.53882099999998
12.9845111 77.54701009999997
12.9993282 77.5496766
12.945927 77.57680700000003
13.0146771 77.62750690000007
12.9164595 77.61327289999997
12.9342482 77.60996929999999
12.997408 77.54477099999997
12.918033 77.60021699999993
12.9715629 77.65647919999992
13.0227951 77.64260409999997
12.9850332 77.54901970000003
12.9923078 77.53009939999993
12.981067 77.69336999999996
12.9063782 77.59294649999993
12.9403883 77.57569349999994
12.9354853 77.54742080000005
12.8907055 77.62589019999996
12.985183 77.54933299999993
13.024291 77.59650299999998
12.803076 77.70319799999993
12.918367 77.65173299999992
12.902289 77.58823800000005
12.906258 77.57561799999996
12.928436 77.54602499999999
12.949866 77.49047759999996
12.906504 77.63262659999998
12.92737 77.56805899999995
12.9382735 77.521658
12.9243211 77.49260260000005
12.9322288 77.57480220000002
12.9064124 77.59542569999996
12.925233 77.573667
12.9495745 77.60567709999998
12.9103066 77.60192469999993
12.936958 77.58450500000004
12.946003 77.60287799999992
12.9356111 77.62836549999997
12.9419233 77.55114909999998
12.9040012 77.60049630000003
12.9189144 77.56410019999998
12.865493 77.65106679999997
12.9241612 77.65329829999996
12.9347148 77.62811239999996
12.8718367 77.54018159999998
12.9200843 77.65008109999997
12.8862386 77.64119759999994
12.9299727 77.57087139999999
12.943805 77.56653600000004
12.9275933 77.50262989999999
12.8832404 77.64434069999993
12.9356543 77.51600919999998
12.9141684 77.62413570000001
12.939746 77.58390699999995
12.94375 77.573759
12.9428578 77.5797576
12.9102958 77.62660060000007
12.8987557 77.54076220000002
12.9158713 77.6337317
12.8852411 77.57372659999999
12.8900185 77.6548338
12.7257285 77.70474309999997
12.9121566 77.62536009999997
12.9078184 77.57274259999997
12.947683 77.57142199999998
12.9201457 77.64498619999995
12.8730094 77.65131489999999
12.8706446 77.6522516
12.910552 77.58804399999997
12.9353932 77.53680869999994
12.9262945 77.56470100000001
12.908632 77.55950499999994
12.9257416 77.58396459999994
12.9252341 77.56640489999995
12.9121787 77.64629130000003
12.9479918 77.53343319999999
12.9057861 77.54263889999993
12.9297074 77.57005070000002
12.8988004 77.63356670000007
12.916483 77.61510699999997
12.927197 77.63949260000004
12.9166896 77.61402279999993
12.9285212 77.58343390000005
12.9123501 77.64144280000005
12.9117844 77.57302040000002
12.851221 77.65725499999996
12.9095666 77.6002224
12.8879863 77.63988359999996
12.9367732 77.5745293
12.9222182 77.55945769999994
12.9297636 77.56027940000001
12.933243 77.63057000000003
12.909652 77.58594100000005
12.9327538 77.59271460000002
12.922381 77.56005800000003
12.9288248 77.5923838
12.936001 77.51606850000007
12.9217416 77.58596130000001
12.9316556 77.62269590000005
12.9465159 77.59477760000004
12.944105 77.57263499999999
12.9049975 77.6020929
12.9111533 77.57634639999992
12.9336679 77.57358829999998
12.9182033 77.58380729999999
12.9169209 77.58286520000001
12.925794 77.56374400000004
12.910887 77.62705400000004
12.943661 77.58286399999997
12.915183 77.59516699999995
12.9309792 77.57796589999998
12.922514 77.58749799999998
12.932814 77.56865900000003
12.9235182 77.5814795
12.9062 77.59383300000002
12.9348262 77.54684780000002
12.91445 77.60120000000006
12.9128 77.58608000000004
12.9249687 77.63405450000005
12.908083 77.56398300000001
12.9476891 77.53420600000004
12.9273733 77.57907620000003
12.93795 77.62646700000005
12.908967 77.57296700000006
12.944891 77.55822999999998
12.9379001 77.57987189999994
12.91923 77.594693
12.927879 77.55573000000004
12.9170412 77.60681829999999
12.924888 77.56545299999993
12.9246097 77.61809879999998
12.9334933 77.580197
12.822451 77.57763799999998
12.9370761 77.54894020000006
12.9385536 77.55661499999997
12.9194922 77.66574379999997
12.9118723 77.59525630000007
12.8972697 77.62628259999997
12.921301 77.583936
12.91396 77.58291699999995
12.8765383 77.64742799999999
12.870336 77.65526599999998
12.8686809 77.65480479999997
12.8701125 77.65251519999993
12.8715988 77.65142560000004
12.8713514 77.65157199999999
12.8410544 77.64968929999998
12.857315 77.58879999999999
12.883396 77.54859399999998
12.9020544 77.58571170000005
12.9035849 77.58560569999997
12.906333 77.59531700000002
12.88075 77.56706699999995
12.895939 77.54878970000004
12.906461 77.59252900000001
12.906088 77.58793400000002
12.8874436 77.56004129999997
12.895483 77.57188300000007
12.8838606 77.56480770000007
12.9070124 77.56350129999998
12.898622 77.57089700000006
12.907767 77.52109999999993
12.903943 77.56551830000001
12.9076987 77.56647339999995
12.9034375 77.58430350000003
12.9034296 77.58558730000004
12.926174 77.57062199999996
12.927617 77.556331
12.911722 77.55238299999996
12.928282 77.59683399999994
12.929867 77.57038299999999
12.9247245 77.55585180000003
12.9299782 77.58167879999996
12.9239204 77.57013860000006
12.9377129 77.56815699999993
12.922083 77.58365000000003
12.925633 77.57361700000001
12.925783 77.57695000000001
12.9294513 77.57279840000001
12.938283 77.55636700000002
12.9258004 77.56379570000001
12.9361408 77.58080629999995
12.9310112 77.57775360000005
12.929172 77.54586100000006
12.9189964 77.57384019999995
12.9095438 77.57276449999995
12.9275659 77.56172279999998
12.911757 77.60144500000001
12.92245 77.60033299999998
12.94085 77.54641199999992
12.936167 77.55968299999995
12.9225989 77.57477900000004
12.9199295 77.5761053
12.917647 77.55973900000004
12.939018 77.57851699999992
12.9271104 77.59253990000002
12.9248711 77.56624069999998
12.9243526 77.59700280000004
12.921467 77.57483300000001
12.922514 77.58768099999998
12.927827 77.59254799999997
12.910491 77.5857168
12.939581 77.57355359999997
12.925867 77.576907
12.917748 77.56432199999995
12.9310965 77.57333870000002
12.929013 77.58275000000003
12.9306015 77.59053029999995
12.9174411 77.60616060000007
12.934429 77.5927547
12.9372264 77.51797940000006
12.9157044 77.5617545
12.9393 77.58286699999996
12.9299825 77.59258849999992
12.931018 77.57785109999998
12.924871 77.56624099999999
12.9281774 77.60062749999997
12.934087 77.51687800000002
12.9317334 77.60127020000004
12.910913 77.59562099999994
12.914776 77.588259
12.9179755 77.55703590000007
12.931753 77.544441
12.9166556 77.59050379999996
12.9311204 77.57781030000001
12.9283679 77.59222009999996
12.928345 77.59395180000001
12.9363683 77.54816649999998
12.933989 77.54033700000002
12.930249 77.53969099999995
12.92667 77.54829900000004
12.916353 77.56118900000001
12.93091 77.57790999999997
12.9287192 77.59339390000002
12.939146 77.57811700000002
12.9220416 77.58359050000001
12.9415605 77.58267999999998
12.912433 77.57841699999994
12.939522 77.57962900000007
12.9170563 77.57831720000001
12.9377582 77.55662170000005
12.934584 77.56307100000004
12.9353656 77.54732009999998
12.9282029 77.59921589999999
12.939462 77.57842099999993
12.940483 77.55773299999998
12.9187431 77.56410299999993
12.918524 77.57365500000003
12.916564 77.60873100000003
12.9237875 77.4968639
12.989337 77.50119599999994
12.9911182 77.54964530000007
12.998033 77.67126699999994
12.9852196 77.59757100000002
12.9917804 77.57052539999995
12.9834689 77.60695250000003
12.9707704 77.64237249999996
12.9983618 77.68927250000002
12.9846806 77.60107310000001
12.988863 77.50831900000003
12.985456 77.59983599999998
12.956006 77.71396600000003
12.9651286 77.70235600000001
13.0040067 77.63623480000001
13.013046 77.62974899999995
13.015802 77.50628600000005
12.9974141 77.58567319999997
12.9902139 77.67396789999998
12.9792259 77.64229190000003
12.9826877 77.63664719999997
12.9973952 77.58570910000003
12.9872727 77.61639009999999
12.9874 77.65609359999996
12.986767 77.61646799999994
12.9694216 77.64134969999998
12.996741 77.61967099999993
12.9703438 77.64549720000002
12.979107 77.63123500000006
12.98505 77.60020099999997
12.9947899 77.66596789999994
12.9865546 77.5951662
12.9693821 77.64134949999993
12.995115 77.60271899999998
12.9841684 77.64116890000003
12.994283 77.66300000000001
12.971383 77.65046699999994
12.985432 77.60449629999994
12.977433 77.63353299999994
12.982468 77.63322500000004
12.989906 77.60333960000003
12.974317 77.63591700000006
12.97245 77.65303300000005
12.992145 77.65999
12.9902 77.60813299999995
12.9949135 77.61605350000002
12.9814031 77.62925240000004
13.0006295 77.61600720000001
12.9715852 77.66279069999996
12.9718915 77.64115449999997
12.99935 77.60955000000001
12.9944686 77.66312429999994
12.9759081 77.63716380000005
12.9841162 77.64030149999996
12.972717 77.65203300000007
12.974959 77.59730460000003
12.9853301 77.60192600000005
12.9715987 77.59456269999998
12.975433 77.62526700000001
12.9813874 77.62929259999999
12.9901182 77.60351930000002
12.9715987 77.59456269999998
12.9731011 77.60237970000003
12.997288 77.61457759999996
12.9715987 77.59456269999998
12.991883 77.60456699999997
12.985706 77.67181499999992
12.981746 77.60316699999998
12.9715987 77.59456269999998
12.9715987 77.59456269999998
12.9707707 77.59805340000003
12.9788652 77.63088579999999
12.9715987 77.59456269999998
12.9715987 77.59456269999998
12.9703884 77.60067750000007
12.9918209 77.60390009999992
12.9715987 77.59456269999998
12.9901449 77.60462610000002
12.9715987 77.59456269999998
12.99 77.59930600000007
12.985133 77.60371399999997
12.9715987 77.59456269999998
12.9834502 77.60632290000001
12.976219 77.60205599999995
12.981955 77.64132399999994
12.9882051 77.60324969999999
12.9740247 77.61234969999998
12.9715987 77.59456269999998
12.9713419 77.60731239999996
12.9715987 77.59456269999998
12.955865 77.70116239999993
12.962503 77.64894400000003
12.9568426 77.64806269999997
12.9620966 77.64718300000004
12.958459 77.70211100000006
12.9549456 77.71019799999999
12.9549998 77.69044699999995
12.9576445 77.65551679999999
12.954082 77.70733999999993
12.961467 77.65721699999995
12.957633 77.714383
12.9622249 77.67050029999996
12.9631404 77.64644129999999
13.110775 77.60525699999994
13.093606 77.59403199999997
13.041017 77.620361
13.0505603 77.62137970000003
13.0408615 77.5898075
13.0405491 77.57737650000001
13.0315529 77.53395619999992
13.0144336 77.5539238
13.014559 77.59314510000002
13.0102 77.63415280000004
13.044585 77.60147499999994
13.045643 77.64464470000007
13.0228183 77.6457332
13.0262717 77.64309809999997
13.0298752 77.56203619999997
13.0276175 77.58028460000003
13.021795 77.65001699999993
13.0148335 77.55372940000007
13.0415839 77.59474169999999
13.042525 77.60912899999994
13.0348794 77.58907820000002
13.0491676 77.54510879999998
13.0218204 77.64032050000003
13.007426 77.64124049999998
13.03657 77.55739199999994
13.0104222 77.63814120000006
13.0208676 77.64103399999999
13.0160357 77.6610124
13.008007 77.62868600000002
13.0687 77.55913299999997
13.028015 77.59212300000002
13.014516 77.57349160000001
13.0204773 77.53735630000006
13.0082 77.69618300000002
13.026708 77.60395599999993
13.0409873 77.61853429999996
13.036533 77.57513300000005
13.022673 77.63055299999996
13.031934 77.55324100000007
13.019067 77.55793300000005
13.050654 77.52594699999997
13.0216677 77.65037910000001
13.014217 77.63945799999999
13.0565201 77.59392230000003
13.036317 77.60929999999996
13.0305449 77.53719000000001
13.0319034 77.58750770000006
13.008733 77.69611699999996
13.010017 77.69743300000005
13.042467 77.54958299999998
13.048856 77.54891799999996
13.037192 77.56620199999998
13.008154 77.620318
13.014332 77.62717399999997
13.024583 77.63028299999996
13.0207938 77.5368072
13.012483 77.63943300000005
13.012053 77.66908000000001
13.0114585 77.69801329999996
13.012017 77.64271699999995
13.01665 77.613067
13.026383 77.62451699999997
13.027972 77.54072889999998
13.0193244 77.55791529999999
13.015053 77.65664600000002
13.0207032 77.55845469999997
13.0272533 77.60476560000006
13.0142069 77.63618240000005
13.058033 77.58733299999994
13.0634861 77.59299349999992
13.066133 77.55976699999997
13.039857 77.55500099999995
13.014333 77.63638300000002
13.069117 77.56221699999992
13.0180152 77.59200859999999
13.041417 77.61568299999999
13.014783 77.63573300000007
13.008446 77.64136800000006
13.016997 77.62940500000002
13.0268014 77.58690230000002
13.0556 77.53448300000002
13.039481 77.62377300000003
13.0290361 77.63355030000002
13.0196981 77.55783819999999
13.0244813 77.55797729999995
13.0158161 77.66177420000008
13.039117 77.58991700000001
13.025831 77.62625400000002
13.040614 77.58993420000002
13.0709153 77.6188558
13.028534 77.55970330000002
13.015085 77.62857699999995
13.0111637 77.64353559999995
13.068783 77.55825000000004
13.0082505 77.6417381
13.0218322 77.6291377
13.034633 77.56115
13.0234964 77.6440877
13.0277739 77.54130209999994
13.028477 77.56095900000003
13.0417006 77.59447620000003
13.04443 77.54756670000006
13.0258457 77.62666809999996
13.0225753 77.55442949999997
13.0501994 77.6001278
13.0260083 77.58931689999997
13.019121 77.55769399999997
13.0197282 77.59931619999998
13.030717 77.57773299999997
13.0245322 77.5599085
13.0082505 77.53393519999997
13.0423781 77.54886050000005
13.01081 77.52948200000003
13.0232118 77.55137349999995
13.0187759 77.55048020000004
13.0250918 77.60742589999995
13.032977 77.60866369999997
13.0168351 77.64291070000002
13.020645 77.55842699999994
13.00786 77.54845
13.017489 77.63039200000003
13.023013 77.600865
13.0407623 77.56265140000005
13.0232021 77.55637639999998
13.0250731 77.5593771
13.0366971 77.62816440000006
13.027473 77.56144070000005
13.0252979 77.56017610000004
13.0105724 77.52321660000007
13.0363675 77.56590929999993
13.0217796 77.62969759999999
13.0187743 77.64273849999995
13.017899 77.547732
13.0407898 77.56263569999999
13.0228578 77.55261629999995
13.0265382 77.63167580000004
13.0197687 77.5521
13.0565697 77.59376410000004
13.0207156 77.53694229999996
13.0272996 77.5581128
13.0079395 77.63384159999998
13.0273234 77.5582177
13.013002 77.66106939999997
13.0246269 77.5598847
13.0144898 77.57361800000001
13.039083 77.60005000000001
13.022424 77.68046700000002
13.0245345 77.55984179999996
13.025833 77.62728300000003
13.020133 77.55828300000007
13.0171448 77.70462109999994
13.026711 77.63110359999996
13.0098353 77.61580320000007
13.016061 77.62780699999996
13.0247298 77.55993030000002
13.033607 77.53882099999998
13.0252979 77.56017610000004
13.0206859 77.53711980000003
13.032488 77.62187399999993
13.0347108 77.61527269999999
13.0370979 77.60687059999998
13.0191009 77.55782709999994
13.007033 77.69758300000001
13.022064 77.60251199999993
13.0261606 77.56052679999993
13.08275 77.54846700000007
13.0683082 77.77944279999997
13.1107985 77.60525869999992
13.004 77.58398599999998
13.0187168 77.52186110000002
13.0001907 77.68268499999999
13.0002393 77.54997660000004
13.003047 77.60377500000004
13.0944536 77.58601220000003
12.9863648 77.58200119999992
13.0011655 77.68493230000001
13.0234742 77.51526309999997
13.0504738 77.49449819999995
13.0949759 77.59725090000006
13.0238786 77.51582140000005
13.0768304 77.80408549999993
13.0924749 77.59693800000002
13.0473329 77.52292069999999
13.0447683 77.50927550000006
13.100734 77.58204799999999
13.0495479 77.50756520000004
13.040265 77.50543399999992
13.0979 77.57749999999999
13.085467 77.55383299999994
13.0378609 77.5222738
13.044251 77.51326199999994
13.046735 77.51523999999995
13.097118 77.59234800000002
13.0922636 77.57911590000003
13.0983355 77.57340879999992
13.056862 77.50830500000006
13.0952275 77.57992489999992
13.067396 77.778593
13.0949863 77.59725090000006
13.100713 77.59920399999999
13.01733 77.52025200000003
13.0217627 77.51529329999994
13.014383 77.52000729999997
13.103478 77.61668600000007
13.007774 77.73376299999995
13.00634 77.54847730000006
13.006578 77.54515500000002
12.9807849 77.7090508
12.982098 77.69294339999999
12.966098 77.70191399999999
12.971727 77.67968399999995
12.9684136 77.61425839999993
12.969661 77.75009699999998
12.9813746 77.68012420000002
12.9517174 77.6214397
12.9359 77.62789999999995
12.9550076 77.61429840000005
12.9526315 77.61494800000003
12.9316556 77.62269590000005
12.979552 77.69877099999997
12.938517 77.62606699999992
12.9361869 77.61562839999999
12.9382361 77.62684609999997
12.962321 77.63749269999994
12.9914786 77.68007620000003
12.9385468 77.62620519999996
12.927633 77.60923300000002
12.9352847 77.61317250000002
12.9518301 77.63969589999999
12.9562473 77.64126899999997
12.9822486 77.69269529999997
12.938615 77.61868099999992
12.976655 77.69281799999999
12.958588 77.64100299999996
12.912193 77.61585500000001
12.909483 77.62716699999999
12.9091406 77.60990019999997
12.916646 77.60869320000006
12.887299 77.73740999999995
12.811477 77.57846470000004
12.913406 77.61011200000007
12.9109419 77.62704359999998
12.9174622 77.64478099999997
12.8859078 77.65251109999997
12.8860582 77.63850869999999
12.7221493 77.70441060000007
12.912198 77.64407499999993
12.9167315 77.60746879999999
12.8557443 77.7823492
12.883278 77.75235999999995
12.91509 77.61668199999997
12.899442 77.63414699999998
12.9197235 77.61714889999996
12.9135341 77.61018050000007
12.9141707 77.62500639999996
12.8975957 77.63437299999998
12.91625 77.67319999999995
12.9158118 77.63204969999992
12.9070637 77.63456440000004
12.8991857 77.63420270000006
12.9095579 77.60784590000003
12.7763963 77.76931460000003
12.9249797 77.6191407
12.958046 77.58096499999999
12.953141 77.57563200000004
12.9558447 77.57709479999994
12.954842 77.57671099999993
12.953472 77.57667229999993
12.957886 77.58083799999997
12.958046 77.58096599999999
12.9537843 77.57667709999998
12.9552285 77.57752329999994
12.9543751 77.57640479999998
12.9564356 77.57978379999997
12.958911 77.53960099999995
12.9565643 77.57110740000007
12.964533 77.57958299999996
12.954801 77.58399800000007
12.9556965 77.57704669999998
12.95669 77.58064999999999
12.958654 77.56687799999997
12.95698 77.58050000000003
12.9541163 77.5786498
12.9509768 77.57669450000003
12.95898 77.58230700000001
12.9593389 77.58050049999997
12.953047 77.57457
12.9652619 77.55350679999992
12.953099 77.57439899999997
12.957623 77.58079499999997
12.9578159 77.57639360000007
12.9560271 77.5769209
12.9599767 77.58083409999995
12.9553835 77.57694509999999
12.964533 77.554483
12.965183 77.58169999999996
12.957033 77.57978300000002
12.9535196 77.57667379999998
12.9627254 77.55345050000005
12.9570936 77.58316669999999
12.9581261 77.57719470000006
12.9567414 77.58164599999998
12.9570047 77.580872
12.954678 77.57897200000002
12.9535549 77.57667489999994
12.958483 77.58098300000006
12.964533 77.54936699999996
12.9542699 77.57555400000001
12.958567 77.58073300000001
12.954877 77.58201299999996
12.957867 77.58008300000006
12.958117 77.57701700000007
12.9538982 77.58012600000006
12.95686 77.58118999999999
12.954579 77.57447980000006
12.958787 77.54801599999996
12.960183 77.55838300000005
12.95591 77.57701199999997
12.95686 77.58095550000007
12.9593912 77.57956979999994
12.9585921 77.58191729999999
12.957754 77.58174499999996
13.0675723 77.55501460000005
13.088711 77.55610999999999
13.149363 77.62005399999998
13.0899534 77.40050289999999
13.0362422 77.51508639999997
13.0368549 77.56111529999998
13.032217 77.604783
13.0336538 77.52972899999997
13.0387301 77.55729819999999
13.0856649 77.4438179
13.0417037 77.59435480000002
13.0338471 77.55961609999997
13.0605809 77.55891629999996
13.0321721 77.56069839999998
13.0921361 77.40713600000004
13.058545 77.59118899999999
13.0411945 77.61712799999998
13.0407569 77.5624702
13.036967 77.589517
12.996124 77.70124199999998
12.991302 77.50461799999994
12.9949256 77.55493380000007
12.9981885 77.69274399999995
13.0040988 77.59905779999997
12.992549 77.57841899999994
12.9952313 77.68484850000004
12.9955 77.55054999999993
13.0010645 77.53624960000002
12.9900833 77.57351930000004
12.989002 77.55010199999992
13.0085113 77.49959220000005
12.9855551 77.52312469999993
12.999487 77.57659699999999
12.994062 77.55722200000002
12.9912724 77.56700130000002
13.0043389 77.54877859999999
12.985233 77.56819999999993
12.995023 77.55164200000002
12.995698 77.55282399999999
12.98479 77.54699800000003
12.9840451 77.58149430000003
12.991417 77.55891700000006
12.986117 77.54133300000001
12.983483 77.54923299999996
13.004485 77.63676499999997
12.9910772 77.57399320000002
13.002283 77.60300000000007
12.987295 77.538858
12.999083 77.57958299999996
13.001033 77.57835
12.956759 77.589923
12.9584367 77.59244939999996
12.954687 77.58853969999996
12.955451 77.5867806
12.9552687 77.58683389999999
12.9662068 77.58439380000004
12.9576935 77.58849620000001
12.9612039 77.58792760000006
12.961967 77.58929999999998
12.9563135 77.58674689999998
12.9581928 77.58634940000002
12.9679202 77.58945110000002
12.9553275 77.58657840000001
12.9532176 77.59275750000006
12.9523107 77.59572270000001
12.9512169 77.59531730000003
12.9422304 77.57483760000002
12.943584 77.564389
12.9467693 77.53140819999999
12.949133 77.52691700000003
12.9588191 77.51630720000003
12.9427176 77.54461519999995
12.944129 77.570967
12.9451793 77.53002040000001
12.9594508 77.53756980000003
12.958232 77.52538800000002
12.9579846 77.53542949999996
12.9593732 77.52399600000001
12.9517908 77.52699849999999
12.9458155 77.55390069999999
12.94218 77.544758
12.961167 77.52044999999998
12.9428 77.54683299999999
12.9303936 77.50631469999996
12.9458263 77.55357819999995
12.9472199 77.56846070000006
12.933452 77.50976300000002
12.930641 77.506396
12.943417 77.558267
12.92412 77.497569
12.962833 77.52333299999998
12.9645228 77.53077639999992
12.967077 77.52162499999997
12.9690326 77.52433300000007
12.971617 77.54676700000005
12.9706391 77.52508969999997
12.968667 77.54549999999995
12.967476 77.54446499999995
12.967833 77.52338299999997
12.969793 77.53280280000001
12.961474 77.60165789999996
12.9510187 77.60033640000006
12.9501284 77.59345209999992
12.950703 77.607481
12.948967 77.57656700000007
12.945843 77.57827099999997
12.9450839 77.59438390000003
12.924292 77.64021500000001
12.9229636 77.63648990000002
12.9239057 77.64011589999996
12.9238701 77.61933420000003
12.9215381 77.61127950000002
12.9205094 77.61587450000002
12.9446863 77.5949134
12.9432757 77.57989569999995