12.954166 77.6027732
12.9516221 77.59179449999999
12.960042 77.55244830000004
12.9535751 77.55746390000002
12.9715987 77.59456269999998
12.9559186 77.54523219999999
12.9552309 77.6053425
12.9534631 77.5609422
12.954166 77.6027732
12.933683 77.58294999999998
12.953873 77.61988900000006
12.9516221 77.59179449999999
12.960042 77.55244830000004
12.9535751 77.55746390000002
12.9916654 77.6314893
12.9926804 77.63249189999999
12.9715987 77.59456269999998
12.9347541 77.62730779999993
12.9559186 77.54523219999999
12.9552309 77.6053425
12.9881326 77.50174279999999
12.9534631 77.5609422
13.0184408 77.53228030000002
12.954166 77.6027732
12.933683 77.58294999999998
12.953873 77.61988900000006
12.9516221 77.59179449999999
12.9495549 77.71167400000002
12.960042 77.55244830000004
12.9535751 77.55746390000002
12.9171265 77.57036010000002
12.9916654 77.6314893
12.9926804 77.63249189999999
13.0012081 77.57744320000006
12.956027 77.72257400000001
12.9715987 77.59456269999998
12.9347541 77.62730779999993
13.1376034 77.60324689999993
12.9739737 77.75334479999992
12.9175483 77.57179289999999
13.0753603 77.63973550000003
12.9735319 77.75304170000004
13.012189 77.62061799999992
13.0209015 77.56321909999997
12.9105857 77.55127579999998
12.859092 77.78668800000003
12.8556318 77.6542154
13.0875415 77.58889249999993
12.9559186 77.54523219999999
12.9258227 77.61176709999995
13.103724 77.61436100000003
12.9552309 77.6053425
13.104233 77.61283600000002
12.9881326 77.50174279999999
13.0534584 77.59601650000002
13.039507 77.61397699999998
12.8825982 77.63653620000002
13.0400071 77.51834359999998
13.0985927 77.58220069999993
13.0249422 77.55502969999998
12.9959736 77.679666
13.083687 77.548585
12.9534631 77.5609422
12.9418801 77.78861849999998
12.8992566 77.62537659999998
12.8120027 77.79019300000004
13.0184408 77.53228030000002
12.954166 77.6027732
12.933683 77.58294999999998
12.953873 77.61988900000006
12.9516221 77.59179449999999
12.9495549 77.71167400000002
12.960042 77.55244830000004
12.9535751 77.55746390000002
12.9171265 77.57036010000002
12.9916654 77.6314893
12.9926804 77.63249189999999
13.0012081 77.57744320000006
12.956027 77.72257400000001
12.9715987 77.59456269999998
12.9347541 77.62730779999993
12.9739737 77.75334479999992
12.9175483 77.57179289999999
12.9735319 77.75304170000004
13.012189 77.62061799999992
13.0209015 77.56321909999997
12.9105857 77.55127579999998
12.859092 77.78668800000003
12.8556318 77.6542154
12.9559186 77.54523219999999
12.9258227 77.61176709999995
12.9552309 77.6053425
12.9881326 77.50174279999999
12.8825982 77.63653620000002
13.0249422 77.55502969999998
12.9959736 77.679666
12.9534631 77.5609422
12.9418801 77.78861849999998
12.8992566 77.62537659999998
12.8120027 77.79019300000004
12.933683 77.58294999999998
12.9171265 77.57036010000002
12.9347541 77.62730779999993
12.9175483 77.57179289999999
12.9105857 77.55127579999998
12.859092 77.78668800000003
12.8556318 77.6542154
12.9258227 77.61176709999995
12.8825982 77.63653620000002
12.8992566 77.62537659999998
12.8120027 77.79019300000004
12.8556318 77.6542154
12.8556318 77.6542154
12.8825982 77.63653620000002
12.9171265 77.57036010000002
12.9175483 77.57179289999999
12.9105857 77.55127579999998
12.9258227 77.61176709999995
12.8825982 77.63653620000002
12.8992566 77.62537659999998
12.954166 77.6027732
12.933683 77.58294999999998
12.953873 77.61988900000006
12.9516221 77.59179449999999
12.9535751 77.55746390000002
12.9171265 77.57036010000002
12.9347541 77.62730779999993
12.9175483 77.57179289999999
12.9105857 77.55127579999998
12.9559186 77.54523219999999
12.9258227 77.61176709999995
12.9552309 77.6053425
12.9534631 77.5609422
12.8992566 77.62537659999998
12.933683 77.58294999999998
12.9171265 77.57036010000002
12.9175483 77.57179289999999
12.9105857 77.55127579999998
12.954166 77.6027732
12.933683 77.58294999999998
12.953873 77.61988900000006
12.9516221 77.59179449999999
12.9495549 77.71167400000002
12.960042 77.55244830000004
12.9535751 77.55746390000002
12.9171265 77.57036010000002
12.956027 77.72257400000001
12.9715987 77.59456269999998
12.9347541 77.62730779999993
12.9175483 77.57179289999999
12.9105857 77.55127579999998
12.8556318 77.6542154
12.9559186 77.54523219999999
12.9258227 77.61176709999995
12.9552309 77.6053425
12.8825982 77.63653620000002
12.9534631 77.5609422
12.8992566 77.62537659999998
12.954166 77.6027732
12.933683 77.58294999999998
12.953873 77.61988900000006
12.9516221 77.59179449999999
12.9495549 77.71167400000002
12.960042 77.55244830000004
12.9535751 77.55746390000002
12.9171265 77.57036010000002
12.9916654 77.6314893
12.9926804 77.63249189999999
13.0012081 77.57744320000006
12.956027 77.72257400000001
12.9715987 77.59456269999998
12.9347541 77.62730779999993
12.9739737 77.75334479999992
12.9175483 77.57179289999999
12.9735319 77.75304170000004
12.9105857 77.55127579999998
12.9559186 77.54523219999999
12.9258227 77.61176709999995
12.9552309 77.6053425
12.9881326 77.50174279999999
12.8825982 77.63653620000002
12.9959736 77.679666
12.9534631 77.5609422
12.9418801 77.78861849999998
12.8992566 77.62537659999998
13.0184408 77.53228030000002
12.954166 77.6027732
12.933683 77.58294999999998
12.953873 77.61988900000006
12.9516221 77.59179449999999
12.9495549 77.71167400000002
12.960042 77.55244830000004
12.9535751 77.55746390000002
12.9171265 77.57036010000002
12.9916654 77.6314893
12.9926804 77.63249189999999
13.0012081 77.57744320000006
12.956027 77.72257400000001
12.9715987 77.59456269999998
12.9347541 77.62730779999993
12.9739737 77.75334479999992
12.9175483 77.57179289999999
12.9735319 77.75304170000004
13.012189 77.62061799999992
13.0209015 77.56321909999997
12.9105857 77.55127579999998
12.9559186 77.54523219999999
12.9258227 77.61176709999995
12.9552309 77.6053425
12.9881326 77.50174279999999
13.0249422 77.55502969999998
12.9959736 77.679666
12.9534631 77.5609422
12.9418801 77.78861849999998
12.8992566 77.62537659999998
12.953873 77.61988900000006
13.0184408 77.53228030000002
12.954166 77.6027732
12.933683 77.58294999999998
12.953873 77.61988900000006
12.9516221 77.59179449999999
12.9495549 77.71167400000002
12.960042 77.55244830000004
12.9535751 77.55746390000002
12.9171265 77.57036010000002
12.9916654 77.6314893
12.9926804 77.63249189999999
13.0012081 77.57744320000006
12.956027 77.72257400000001
12.9715987 77.59456269999998
12.9347541 77.62730779999993
12.9739737 77.75334479999992
12.9175483 77.57179289999999
13.0753603 77.63973550000003
12.9735319 77.75304170000004
13.012189 77.62061799999992
13.0209015 77.56321909999997
12.9105857 77.55127579999998
12.859092 77.78668800000003
12.8556318 77.6542154
13.0875415 77.58889249999993
12.9559186 77.54523219999999
12.9258227 77.61176709999995
12.9552309 77.6053425
12.9881326 77.50174279999999
13.0534584 77.59601650000002
13.039507 77.61397699999998
12.8825982 77.63653620000002
13.0400071 77.51834359999998
13.0249422 77.55502969999998
12.9959736 77.679666
13.083687 77.548585
12.9534631 77.5609422
12.9418801 77.78861849999998
12.8992566 77.62537659999998
13.0184408 77.53228030000002
12.954166 77.6027732
12.933683 77.58294999999998
12.953873 77.61988900000006
12.9516221 77.59179449999999
12.9495549 77.71167400000002
12.960042 77.55244830000004
12.9535751 77.55746390000002
12.9171265 77.57036010000002
12.9916654 77.6314893
12.9926804 77.63249189999999
13.0012081 77.57744320000006
12.956027 77.72257400000001
12.9715987 77.59456269999998
12.9347541 77.62730779999993
13.1376034 77.60324689999993
12.9739737 77.75334479999992
12.9175483 77.57179289999999
13.0753603 77.63973550000003
12.9735319 77.75304170000004
13.012189 77.62061799999992
13.0209015 77.56321909999997
12.9105857 77.55127579999998
13.0875415 77.58889249999993
12.9559186 77.54523219999999
12.9258227 77.61176709999995
13.103724 77.61436100000003
12.9552309 77.6053425
13.104233 77.61283600000002
12.9881326 77.50174279999999
13.0534584 77.59601650000002
13.039507 77.61397699999998
13.0400071 77.51834359999998
13.0985927 77.58220069999993
13.0249422 77.55502969999998
12.9959736 77.679666
13.083687 77.548585
12.9534631 77.5609422
12.9418801 77.78861849999998
12.8992566 77.62537659999998
13.0184408 77.53228030000002
12.9916654 77.6314893
12.9926804 77.63249189999999
13.0012081 77.57744320000006
12.9715987 77.59456269999998
12.9739737 77.75334479999992
13.0753603 77.63973550000003
12.9735319 77.75304170000004
13.012189 77.62061799999992
13.0209015 77.56321909999997
13.0875415 77.58889249999993
12.9881326 77.50174279999999
13.0534584 77.59601650000002
13.039507 77.61397699999998
13.0400071 77.51834359999998
13.0249422 77.55502969999998
12.9959736 77.679666
13.083687 77.548585
13.0184408 77.53228030000002
12.954166 77.6027732
12.933683 77.58294999999998
12.953873 77.61988900000006
12.9516221 77.59179449999999
12.9495549 77.71167400000002
12.960042 77.55244830000004
12.9535751 77.55746390000002
12.9171265 77.57036010000002
12.9916654 77.6314893
12.9926804 77.63249189999999
13.0012081 77.57744320000006
12.956027 77.72257400000001
12.9715987 77.59456269999998
12.9347541 77.62730779999993
13.1376034 77.60324689999993
12.9739737 77.75334479999992
12.9175483 77.57179289999999
13.0753603 77.63973550000003
12.9735319 77.75304170000004
13.012189 77.62061799999992
13.0209015 77.56321909999997
12.9105857 77.55127579999998
12.859092 77.78668800000003
12.8556318 77.6542154
13.0875415 77.58889249999993
12.9559186 77.54523219999999
12.9258227 77.61176709999995
13.103724 77.61436100000003
12.9552309 77.6053425
13.104233 77.61283600000002
12.9881326 77.50174279999999
13.0534584 77.59601650000002
13.039507 77.61397699999998
12.8825982 77.63653620000002
13.0400071 77.51834359999998
13.0985927 77.58220069999993
13.0249422 77.55502969999998
12.9959736 77.679666
13.083687 77.548585
12.9534631 77.5609422
12.9418801 77.78861849999998
12.8992566 77.62537659999998
12.8120027 77.79019300000004
13.0184408 77.53228030000002
12.954166 77.6027732
12.953873 77.61988900000006
12.9516221 77.59179449999999
12.9495549 77.71167400000002
12.960042 77.55244830000004
12.9535751 77.55746390000002
12.9916654 77.6314893
12.9926804 77.63249189999999
13.0012081 77.57744320000006
12.956027 77.72257400000001
12.9715987 77.59456269999998
12.9739737 77.75334479999992
12.9735319 77.75304170000004
13.012189 77.62061799999992
13.0209015 77.56321909999997
12.9559186 77.54523219999999
12.9552309 77.6053425
12.9881326 77.50174279999999
13.0534584 77.59601650000002
13.039507 77.61397699999998
13.0400071 77.51834359999998
13.0249422 77.55502969999998
12.9959736 77.679666
12.9534631 77.5609422
12.9418801 77.78861849999998
13.0184408 77.53228030000002
12.954166 77.6027732
12.933683 77.58294999999998
12.953873 77.61988900000006
12.9516221 77.59179449999999
12.9495549 77.71167400000002
12.960042 77.55244830000004
12.9535751 77.55746390000002
12.9171265 77.57036010000002
12.9916654 77.6314893
12.9926804 77.63249189999999
13.0012081 77.57744320000006
12.956027 77.72257400000001
12.9715987 77.59456269999998
12.9347541 77.62730779999993
12.9739737 77.75334479999992
12.9175483 77.57179289999999
12.9735319 77.75304170000004
13.012189 77.62061799999992
13.0209015 77.56321909999997
12.9105857 77.55127579999998
12.9559186 77.54523219999999
12.9258227 77.61176709999995
12.9552309 77.6053425
12.9881326 77.50174279999999
13.0249422 77.55502969999998
12.9959736 77.679666
12.9534631 77.5609422
12.9418801 77.78861849999998
12.8992566 77.62537659999998
13.0184408 77.53228030000002
12.954166 77.6027732
12.953873 77.61988900000006
12.9516221 77.59179449999999
12.9495549 77.71167400000002
12.960042 77.55244830000004
12.9535751 77.55746390000002
12.9916654 77.6314893
12.9926804 77.63249189999999
13.0012081 77.57744320000006
12.956027 77.72257400000001
12.9715987 77.59456269999998
12.9739737 77.75334479999992
13.0753603 77.63973550000003
12.9735319 77.75304170000004
13.012189 77.62061799999992
13.0209015 77.56321909999997
12.9559186 77.54523219999999
12.9552309 77.6053425
12.9881326 77.50174279999999
13.0534584 77.59601650000002
13.039507 77.61397699999998
13.0400071 77.51834359999998
13.0249422 77.55502969999998
12.9959736 77.679666
12.9534631 77.5609422
13.0184408 77.53228030000002
12.9916654 77.6314893
12.9926804 77.63249189999999
13.0012081 77.57744320000006
13.0753603 77.63973550000003
13.012189 77.62061799999992
13.0209015 77.56321909999997
13.0875415 77.58889249999993
13.103724 77.61436100000003
13.104233 77.61283600000002
12.9881326 77.50174279999999
13.0534584 77.59601650000002
13.039507 77.61397699999998
13.0400071 77.51834359999998
13.0985927 77.58220069999993
13.0249422 77.55502969999998
12.9959736 77.679666
13.083687 77.548585
13.0753603 77.63973550000003
13.0534584 77.59601650000002
13.039507 77.61397699999998
13.0184408 77.53228030000002
12.954166 77.6027732
12.933683 77.58294999999998
12.953873 77.61988900000006
12.9516221 77.59179449999999
12.9495549 77.71167400000002
12.960042 77.55244830000004
12.9535751 77.55746390000002
12.9916654 77.6314893
12.9926804 77.63249189999999
13.0012081 77.57744320000006
12.956027 77.72257400000001
12.9715987 77.59456269999998
12.9347541 77.62730779999993
13.1376034 77.60324689999993
12.9739737 77.75334479999992
13.0753603 77.63973550000003
12.9735319 77.75304170000004
13.012189 77.62061799999992
13.0209015 77.56321909999997
13.0875415 77.58889249999993
12.9559186 77.54523219999999
12.9258227 77.61176709999995
13.103724 77.61436100000003
12.9552309 77.6053425
13.104233 77.61283600000002
12.9881326 77.50174279999999
13.0534584 77.59601650000002
13.039507 77.61397699999998
13.0400071 77.51834359999998
13.0985927 77.58220069999993
13.0249422 77.55502969999998
12.9959736 77.679666
13.083687 77.548585
12.9534631 77.5609422
12.9418801 77.78861849999998
13.0184408 77.53228030000002
12.954166 77.6027732
12.933683 77.58294999999998
12.953873 77.61988900000006
12.9516221 77.59179449999999
12.9495549 77.71167400000002
12.960042 77.55244830000004
12.9535751 77.55746390000002
12.9171265 77.57036010000002
12.9916654 77.6314893
12.9926804 77.63249189999999
13.0012081 77.57744320000006
12.956027 77.72257400000001
12.9715987 77.59456269999998
12.9347541 77.62730779999993
12.9739737 77.75334479999992
12.9175483 77.57179289999999
13.0753603 77.63973550000003
12.9735319 77.75304170000004
13.012189 77.62061799999992
13.0209015 77.56321909999997
12.9105857 77.55127579999998
12.859092 77.78668800000003
12.8556318 77.6542154
12.9559186 77.54523219999999
12.9258227 77.61176709999995
12.9552309 77.6053425
12.9881326 77.50174279999999
13.0534584 77.59601650000002
13.039507 77.61397699999998
12.8825982 77.63653620000002
13.0400071 77.51834359999998
13.0249422 77.55502969999998
12.9959736 77.679666
12.9534631 77.5609422
12.9418801 77.78861849999998
12.8992566 77.62537659999998
12.954166 77.6027732
12.933683 77.58294999999998
12.953873 77.61988900000006
12.9516221 77.59179449999999
12.9495549 77.71167400000002
12.960042 77.55244830000004
12.9535751 77.55746390000002
12.9171265 77.57036010000002
12.9916654 77.6314893
12.9926804 77.63249189999999
12.956027 77.72257400000001
12.9715987 77.59456269999998
12.9347541 77.62730779999993
12.9739737 77.75334479999992
12.9175483 77.57179289999999
12.9735319 77.75304170000004
12.9105857 77.55127579999998
12.859092 77.78668800000003
12.8556318 77.6542154
12.9559186 77.54523219999999
12.9258227 77.61176709999995
12.9552309 77.6053425
12.9881326 77.50174279999999
12.8825982 77.63653620000002
12.9959736 77.679666
12.9534631 77.5609422
12.9418801 77.78861849999998
12.8992566 77.62537659999998
12.8120027 77.79019300000004
12.859092 77.78668800000003
12.8556318 77.6542154
12.8825982 77.63653620000002
12.8992566 77.62537659999998
12.8120027 77.79019300000004
