12.9743157 77.60868310000001
12.968429 77.59651400000007
12.970727 77.52481999999998
12.968646 77.53720099999998
12.9527961 77.56974160000004
12.9646 77.59714299999996
12.962283 77.57136700000001
12.964317 77.54056700000001
12.9827632 77.61155970000004
12.958433 77.60503300000005
12.967524 77.60618420000003
12.967542 77.60630040000001
12.96735 77.60622999999998
12.9587 77.59321699999998
12.964833 77.54296699999998
12.950924 77.58067400000004
12.9704408 77.60655780000002
12.9525629 77.55477700000006
12.958774 77.51888400000007
12.964433 77.53589999999997
12.9612338 77.60294339999996
12.9654 77.589833
12.976983 77.55576700000006
12.972117 77.57648300000005
12.9551295 77.56162510000001
12.957633 77.59276699999998
12.960887 77.52721399999996
12.960202 77.60155499999996
12.9794742 77.60548530000005
12.9746385 77.53256280000005
12.961763 77.59856200000002
12.9715987 77.59456269999998
12.9741483 77.53832039999998
12.961234 77.53745099999992
12.950692 77.5272721
12.962227 77.59419300000002
12.965117 77.52311699999996
12.971133 77.60778299999993
12.9778334 77.53896580000003
12.9806989 77.58601529999999
12.975673 77.5335
12.967578 77.53534000000002
12.958117 77.55925000000002
12.9649849 77.52362700000003
12.95894 77.56209000000001
12.97705 77.53316700000005
12.9674579 77.59960209999997
12.952148 77.54617800000005
12.9709072 77.60085720000006
12.950583 77.57901700000002
12.954469 77.57873199999995
12.958314 77.56742600000007
12.9715987 77.59456269999998
12.975463 77.53540999999996
12.9726603 77.54410630000007
12.979948 77.53798400000005
12.9582348 77.52574019999997
12.9661549 77.606266
12.9694 77.578217
12.9597952 77.5334322
12.9655439 77.60206229999994
12.968083 77.57683299999997
12.966085 77.531204
12.976783 77.533367
12.97263 77.53774899999996
12.9668099 77.58105509999996
12.974017 77.53044999999997
12.9707912 77.57828900000004
12.95645 77.54641700000002
12.97378 77.53974399999993
12.96155 77.52198299999998
12.9692113 77.52465689999997
12.9763978 77.52849140000001
12.96643 77.530303
12.956983 77.56970000000001
12.952 77.57878299999993
12.9721901 77.58146379999994
12.981983 77.53328299999998
12.978213 77.54261900000006
12.971606 77.59437600000001
12.969975 77.524542
12.967599 77.59262309999997
12.972986 77.53819899999996
12.960617 77.52906699999994
12.956267 77.53026699999998
12.961033 77.59066699999994
12.9705371 77.52653629999998
12.956344 77.5285189
12.951133 77.57605000000001
12.9758245 77.54229710000004
12.965117 77.53793300000007
12.9705676 77.52476389999993
12.960133 77.59333300000003
12.982241 77.53145199999994
12.956894 77.53303499999993
12.959669 77.56577399999992
12.971309 77.53546899999992
12.9646085 77.60694109999997
12.9654216 77.58358969999995
12.9719581 77.55233610000005
12.991198 77.59463299999993
12.939569 77.58166099999994
12.953755 77.65511500000002
12.9783319 77.63657130000001
12.997549 77.54681200000005
12.9794693 77.63917820000006
12.9411011 77.62383569999997
12.946017 77.57053300000007
12.997667 77.62078300000007
12.9702734 77.64195990000007
12.9924077 77.59457410000005
12.940239 77.62503600000002
12.965228 77.65754700000002
12.972212 77.63710800000001
12.9954157 77.58091650000006
12.947582 77.56907090000004
12.968733 77.64896699999997
12.974144 77.64125000000001
12.972525 77.65127000000007
12.9909604 77.65652580000005
12.989111 77.55603300000007
12.9739759 77.64078870000003
12.9675729 77.65628259999994
12.9390255 77.57838160000006
12.98942 77.61932999999999
13.0005429 77.55036330000007
12.9774265 77.6410108
12.9429372 77.54600719999996
12.9803014 77.63564550000001
12.972375 77.63740200000007
12.973283 77.65222599999993
12.962202 77.63755700000002
12.9643 77.63958300000002
12.97356 77.65309400000001
12.980217 77.64597300000003
12.97175 77.63582300000007
12.9881014 77.53639020000003
12.999038 77.61703399999999
12.9786554 77.64440139999999
12.985091 77.60169100000007
12.983398 77.61304300000006
12.941451 77.62982299999999
12.998225 77.54346420000002
12.988466 77.59162900000001
12.969305 77.63594899999998
12.99535 77.57146699999998
12.984109 77.48526300000003
12.944083 77.59635000000003
12.995487 77.65698999999995
12.987562 77.55312400000003
13.000917 77.61311699999999
12.9586985 77.51796949999994
12.997133 77.620317
12.9865535 77.55429700000002
12.9421268 77.54968559999998
12.9843618 77.656744
12.937419 77.62439399999994
12.9555489 77.64174739999999
12.9961733 77.5547431
12.941957 77.60828500000002
12.965272 77.63806
12.9390742 77.55206040000007
12.990646 77.53815399999996
12.969849 77.65177399999993
12.971415 77.65047600000003
12.9835816 77.52248299999997
12.972067 77.63223300000004
12.979246 77.64023199999997
12.9420044 77.6226557
12.972502 77.62032299999998
12.9332363 77.61120840000001
12.968474 77.74934800000005
12.9124378 77.59951409999996
13.004076 77.58343200000002
13.040043 77.566957
13.01409 77.63915199999997
12.9337703 77.61901260000002
13.0306 77.57113300000003
12.95504 77.70017600000006
12.927568 77.61605099999997
13.037633 77.56560000000002
12.926028 77.62868600000002
12.9241541 77.55312119999996
12.925239 77.56429300000002
12.95483 77.71146199999998
12.9851341 77.67356510000002
13.014117 77.63836700000002
12.836588 77.69841099999996
12.9168256 77.63687249999998
13.0262384 77.63207910000006
12.9202318 77.65182519999996
13.0334728 77.55826260000003
13.026167 77.58041700000001
12.9655029 77.74902120000002
12.9128942 77.61472750000007
12.926101 77.58643600000005
12.932181 77.559933
12.955054 77.71491300000002
12.970779 77.75065100000006
12.9154295 77.63480159999995
12.9252691 77.6192595
13.0038174 77.55337239999994
12.9294783 77.63451239999995
12.910033 77.58186699999999
12.85473 77.58893
12.926446 77.67707300000006
13.0937768 77.58187079999993
13.024189 77.6335037
12.924271 77.67370499999993
12.8489639 77.65760649999993
12.9563937 77.70979450000004
13.0247325 77.59371039999996
12.935156 77.60873600000002
12.971375 77.711588
12.925306 77.66467
12.939695 77.69504400000005
13.036415 77.57634400000006
12.816149 77.679484
13.028408 77.59218710000005
13.0237601 77.6370465
12.9177173 77.60022479999998
12.888095 77.59247600000003
12.8498921 77.6628637
12.9139959 77.63543749999997
13.0304102 77.55973489999997
12.992378 77.70268299999998
12.916922 77.63679400000001
12.913285 77.61007700000005
12.931568 77.62312099999997
12.922807 77.67323199999998
13.064048 77.58539100000007
13.0225658 77.63770169999998
12.8854814 77.58246429999997
12.907392 77.54732899999999
12.914347 77.60020099999997
12.929876 77.57816400000002
12.921026 77.64954399999999
13.0038209 77.55338640000002
12.914062 77.67795799999999
12.9253775 77.57343509999998
12.924533 77.61513300000001
12.905382 77.58415000000002
12.921433 77.59511700000007
12.9603763 77.74853410000003
12.927102 77.671422
12.933537 77.58251100000007
12.957241 77.70264099999997
12.921791 77.595056
12.915868 77.58618980000006
12.928274 77.63671999999997
12.930985 77.63095099999998
12.933843 77.61949700000002
12.91763 77.57695899999999
12.9310343 77.54394120000006
12.928736 77.63325699999996
12.912287 77.60985699999992
12.919196 77.66846599999997
12.906667 77.54475000000002
12.951198 77.69976599999995
12.9043781 77.58589239999992
12.913824 77.60717499999998
12.914017 77.67794600000002
12.9184 77.65173299999992
12.931655 77.62269500000002
12.9367986 77.55636430000004
12.9251599 77.54993139999999
12.9294368 77.63467309999999
12.914483 77.547909
12.9067327 77.56335409999997
12.904195 77.67607329999998
12.9056085 77.58583469999996
12.918116 77.58606199999997
12.918783 77.66985599999998
12.9313373 77.58329140000001
12.93681 77.58464800000002
12.908173 77.67611099999999
12.94833 77.69955299999992
12.899416 77.60714299999995
12.9167167 77.59334890000002
12.9234557 77.57221149999998
12.9159828 77.65018959999998
12.9272075 77.59460430000001
12.9270611 77.57904540000004
12.9398719 77.6251691
12.94056 77.54582000000005
12.947717 77.56825000000003
12.924767 77.55126700000005
12.9482854 77.57085669999992
12.9364428 77.62596659999997
12.9249992 77.54992870000001
12.9453934 77.57123619999993
12.9389932 77.55337110000005
12.9448 77.56143299999997
12.9337 77.568083
12.930063 77.58620700000006
12.935418 77.54800499999999
12.9252408 77.60873909999998
12.945033 77.597083
12.9504541 77.62444979999998
12.946652 77.59616959999994
12.9547 77.61526700000002
12.9398277 77.57399850000002
12.9354128 77.56043709999994
12.9258471 77.61705030000007
12.9327296 77.58409649999999
12.926359 77.58630900000003
12.9246481 77.56081689999996
12.9337413 77.54192929999999
12.939526 77.56265839999992
12.9436701 77.61684609999998
12.9258971 77.56444209999995
12.932333 77.58699999999999
12.9312242 77.60823690000007
12.941681 77.57106199999998
12.9410136 77.54532040000004
12.9316804 77.60773599999993
12.9264987 77.55050110000002
12.943492 77.56459159999997
12.9286 77.59019999999998
12.95058 77.62296800000001
12.9352036 77.61769470000002
12.942367 77.54823299999998
12.950121 77.62309900000002
12.929277 77.54868799999997
12.935393 77.58329200000003
12.9330465 77.55671480000001
12.93455 77.58860299999992
12.93695 77.56893300000002
12.946383 77.61865
12.934475 77.58953999999994
12.9393654 77.62077120000004
12.935533 77.59031700000003
12.9850052 77.67160439999998
12.9818304 77.66467089999992
12.9916798 77.57499389999998
12.992425 77.593302
12.9831251 77.59643019999999
12.9924462 77.60989040000004
12.9906324 77.55334399999992
12.984217 77.54918299999997
12.9916856 77.57501709999997
12.989983 77.537867
12.9834297 77.60966389999999
12.9904548 77.61889610000003
12.993417 77.59061700000007
12.991668 77.54388500000005
12.9896463 77.59275530000002
12.984483 77.5537329
12.9876762 77.59851159999994
12.9838745 77.60812329999999
12.9879245 77.57907820000003
12.9942576 77.57792859999995
12.9831505 77.56556290000003
12.986368 77.59592900000007
12.98903 77.54674999999997
12.98804 77.53773269999999
12.9880034 77.53663099999994
12.9896463 77.59275530000002
12.993938 77.55681860000004
12.9891063 77.5812618
12.993032 77.60707409999998
12.984967 77.53463299999999
12.9748257 77.61612029999992
12.99045 77.53795000000002
12.9845541 77.5276063
12.9914225 77.57284389999995
13.024768 77.594787
13.031641 77.56994600000007
13.065933 77.59891700000003
13.032433 77.63685699999996
13.0223141 77.59489459999998
13.0630456 77.59174299999995
13.062633 77.59289999999999
13.0234905 77.6584345
12.99042 77.68417
12.954458 77.71562199999994
13.0503655 77.64582569999993
13.026969 77.62797799999998
13.0061 77.70066700000007
13.025317 77.62799900000005
13.009345 77.65582999999992
13.022633 77.64798300000007
13.021777 77.65708300000006
13.025029 77.59225200000003
13.008365 77.57834500000001
13.0329962 77.55878899999993
13.024285 77.637473
13.0377942 77.62325499999997
13.0193528 77.5573541
13.00547 77.56774999999993
13.035694 77.56800099999998
12.9742821 77.64122840000005
13.0394353 77.59504079999999
13.038421 77.56265800000006
12.9790723 77.64166920000002
12.978521 77.64504199999999
13.0248216 77.59205670000006
12.976891 77.63681500000007
13.018325 77.52014299999996
12.998779 77.54077899999993
12.9778001 77.63861259999999
13.021133 77.59256700000003
13.0334866 77.55830390000006
13.0087714 77.56892289999996
13.0011289 77.63196949999997
13.020129 77.67563799999994
13.098863 77.58967600000005
13.079592 77.55759699999999
13.0565347 77.50746490000006
12.9755451 77.67902379999998
13.0490864 77.59327589999998
13.040878 77.624282
13.0786475 77.56193159999998
13.062605 77.64948900000002
13.09715 77.58384999999998
13.063567 77.58858299999997
13.0598501 77.58761470000002
13.0665569 77.5965003
13.103867 77.57461699999999
13.056883 77.54698299999995
13.103685 77.571233
13.1048243 77.57627030000003
13.080589 77.55955340000003
13.098067 77.58233300000006
13.096792 77.57951100000002
13.06315 77.57314999999994
13.0982 77.57746700000007
13.0544935 77.60376569999994
13.0634519 77.65016560000004
13.097783 77.56528300000002
13.060817 77.55163300000004
13.101486 77.59443999999996
13.08105 77.55958299999998
13.0722406 77.63378660000001
13.058231 77.58694100000002
13.066317 77.597217
13.070133 77.56500000000005
13.064104 77.593121
13.0802463 77.55875319999996
13.069591 77.55604100000005
13.084379 77.56005400000004
13.057922 77.587358
13.0605037 77.63306080000007
13.0934185 77.58221470000001
13.0668465 77.56604330000005
13.0596947 77.58949129999996
13.0842567 77.56039759999999
13.0638491 77.58565840000006
13.0717631 77.63215719999994
13.102791 77.57685400000003
13.097704 77.56476499999997
13.05216 77.604061
13.055392 77.60439099999996
13.0747425 77.55774829999996
13.1104196 77.58020499999998
13.0574901 77.58313290000001
13.061623 77.65081400000008
13.0607712 77.55875590000005
13.040763 77.51695500000005
13.040549 77.57737700000007
13.037 77.56594999999993
13.0736804 77.5034829
13.049746 77.64534100000003
13.049417 77.59703300000001
13.03509 77.56782169999997
13.049055 77.59636
13.033467 77.61736700000006
13.041767 77.54880000000003
13.04235 77.58053300000006
13.0400768 77.55317930000001
13.042417 77.54979559999992
13.039719 77.55571740000005
13.033867 77.55618299999992
13.0428805 77.55036760000007
13.0451838 77.52166420000003
13.034417 77.57631700000002
13.042508 77.51327500000002
13.044543 77.51902760000007
13.0401185 77.58994719999998
13.0435014 77.55341120000003
13.0435942 77.55338570000004
13.0345778 77.56433449999997
13.0485657 77.62912800000004
13.0386788 77.57877589999998
13.037071 77.60694509999996
13.050466 77.60707000000002
13.0596372 77.46052269999996
13.0978366 77.40003750000005
13.0571553 77.50701000000004
13.036742 77.613655
13.0438731 77.51306369999998
13.045344 77.547867
13.0500959 77.5164949
13.0426 77.57858299999998
13.042583 77.57365000000004
13.0381927 77.55517910000003
13.048717 77.568083
13.121395 77.61530500000003
13.0365547 77.59380729999998
13.0402328 77.60199009999997
13.0366034 77.60885840000003
13.0495436 77.60639859999992
13.157452 77.62474099999997
13.0106081 77.52754319999997
12.9861 77.51253299999996
12.990106 77.5031037
12.9860462 77.52212229999998
12.9912802 77.48263610000004
12.986641 77.49042899999995
12.9999603 77.50336059999995
12.9887976 77.52704410000001
12.9957807 77.53160679999996
13.0003393 77.5341942
13.0037215 77.50469329999999
13.0080792 77.48550739999996
13.009609 77.51932199999999
12.990236 77.50479500000006
12.989462 77.505851
13.0063203 77.52745519999996
13.0033157 77.53585279999993
12.989312 77.49794999999995
13.0166729 77.53402890000007
12.9896516 77.50549819999992
12.990156 77.5048802
12.986901 77.47600399999999
13.0090182 77.53842800000007
12.998224 77.55227459999992
12.9957289 77.54187909999996
12.9985105 77.54278729999999
12.9694828 77.50643869999999
12.973362 77.50433900000007
12.99881 77.54197999999997
13.00427 77.55223000000001
13.00877 77.54343999999992
13.0040585 77.55158529999994
13.0083007 77.54441769999994
13.0119295 77.54580480000004
12.984752 77.53399630000001
13.0006369 77.55057510000006
12.998618 77.54275200000006
13.00084 77.54640999999992
12.991925 77.53703300000006
12.9854268 77.47924450000005
12.9782602 77.51771540000004
12.9934524 77.54705969999998
12.980411 77.51314430000002
13.0000368 77.54123189999996
12.9917314 77.53663099999994
12.9934811 77.54795420000005
13.0034191 77.5498311
13.0080332 77.54414280000003
13.0087365 77.54102469999998
12.9693972 77.53460889999997
13.008963 77.53932499999996
12.9927124 77.54585670000006
12.9872929 77.54560500000002
12.973012 77.54008999999996
12.985841 77.48770910000007
12.9923122 77.53856280000002
13.0082802 77.54474770000002
12.985594 77.54220099999998
12.9954041 77.53916500000003
13.0006336 77.54449720000002
12.9854 77.53964999999994
12.9993403 77.54115550000006
12.9950698 77.55177470000001
13.0077732 77.54728569999997
12.9925335 77.54210139999998
12.9695348 77.53424580000001
12.9707754 77.52358170000002
13.0086294 77.54032910000001
13.0025451 77.54419370000005
12.985592 77.533681
12.9749296 77.53363999999999
13.0082884 77.54293080000002
12.987935 77.55836899999997
12.9872187 77.55594080000003
12.9584816 77.5012332
12.9862987 77.56058580000001
12.9877725 77.57255209999994
12.982014 77.55401000000006
12.9666998 77.50478479999992
12.9665296 77.53528649999998
12.9876069 77.55596700000001
12.960041 77.56752400000005
12.962984 77.53789299999994
12.96463 77.53223000000003
12.9608157 77.56193459999997
12.965833 77.57376699999998
12.987538 77.53866100000005
12.9676244 77.50293839999995
12.9639804 77.5303298
12.973999 77.55328800000007
12.9711874 77.56289319999996
12.9647 77.53903300000002
12.97452 77.57756199999994
12.9755555 77.56159709999997
13.007963 77.571099
12.9931307 77.66391520000002
12.9915615 77.66394500000001
12.9913675 77.66825300000005
12.9821865 77.63834640000005
12.9814187 77.67994049999993
12.9946083 77.67935869999997
12.974633 77.62703299999998
12.9747871 77.62481320000006
12.9762665 77.65268839999999
12.9821 77.68025
12.976217 77.62413300000003
12.975433 77.62815
12.9964243 77.67211939999993
12.9957297 77.67222429999993
13.0013906 77.6287939
12.9785492 77.64154759999997
13.004267 77.61220000000003
13.000717 77.61525000000006
13.0036302 77.61811539999997
12.9746069 77.66340660000003
12.976117 77.62278300000003
12.9771557 77.64129300000002
13.0008549 77.61833730000001
12.974017 77.67846699999996
13.0010987 77.6617685
12.999533 77.61661700000002
13.0026 77.63419999999996
12.9739 77.63284999999996
12.9753433 77.67030890000001
12.9740328 77.63493790000007
12.9737591 77.6755852
12.9860981 77.67002389999993
12.9973949 77.60345210000003
12.996117 77.607033
12.9735662 77.63609769999994
13.00219 77.66146300000003
12.9766697 77.61657889999992
13.0050556 77.62114040000006
12.9938121 77.61521670000002
12.9780968 77.63019980000001
12.996065 77.60826500000007
12.9775702 77.61764110000001
12.996372 77.61382000000003
12.983103 77.68041100000005
12.9788353 77.67943909999997
13.003992 77.602573
12.9672088 77.6831694
13.008833 77.65081699999996
13.008161 77.69585899999993
13.014533 77.665167
13.008927 77.69512740000005
13.0084703 77.6950134
13.0099309 77.657378
13.0134654 77.66167489999998
13.0137709 77.6647782
13.0033674 77.71259659999998
13.020577 77.684932
13.0210426 77.65726399999994
13.026717 77.580017
12.9992381 77.56936840000003
12.94807 77.68048499999998
12.9485512 77.6827879
12.9565152 77.70780309999998
12.952294 77.69655699999998
12.964267 77.65783299999998
12.963033 77.64153299999998
12.9620124 77.63768989999994
12.95724 77.65383099999997
12.9604786 77.65664429999993
12.958536 77.63840600000003
12.961117 77.63546700000006
12.966236 77.63801999999998
12.9547257 77.65316089999999
12.9361876 77.6169069
12.9517761 77.70637639999995
12.941762 77.61623499999996
12.936146 77.62230249999993
12.9447016 77.6289653
12.9414374 77.61691880000001
12.9543786 77.61568069999998
12.937333 77.62429999999995
12.9352013 77.61758510000004
12.959102 77.66024199999993
12.955171 77.65332480000006
12.9509919 77.62289379999993
12.9607547 77.61456820000001
12.9606751 77.64552879999997
12.9592239 77.65566409999997
12.9350058 77.62348159999999
12.935201 77.6177255
12.9407024 77.62842720000003
12.9562888 77.61585600000001
12.962317 77.61471499999993
12.936421 77.61549500000001
12.9555565 77.69796350000001
12.95534 77.62049999999999
12.9620174 77.64633630000003
12.9375303 77.62781470000004
12.9367221 77.61342860000002
12.94169 77.62391400000001
12.9349886 77.62341549999996
12.958494 77.65962130000003
12.935956 77.62146499999994
12.936242 77.61516899999992
12.959172 77.69741899999997
12.939879 77.62526260000004
12.941022 77.61749889999999
12.957253 77.65378650000002
12.9344194 77.61980940000001
12.970307 77.64404430000002
12.967017 77.68248300000005
12.969333 77.62889999999993
12.9678041 77.65315069999997
12.9703183 77.63284780000004
12.9683777 77.65023500000007
12.9439393 77.60683610000001
12.9434692 77.60062449999998
12.968083 77.652017
12.9417119 77.60826139999995
12.9421006 77.60874850000005
12.9686517 77.64873820000003
12.970222 77.63287300000002
12.9473722 77.60008470000002
12.9467663 77.60015509999994
12.9639561 77.61177299999997
12.9632512 77.60491669999999
12.9700327 77.63127540000005
12.9438795 77.60786770000004
12.9696191 77.64391060000003
12.960106 77.60191499999996
12.9709705 77.59843079999996
12.9418451 77.60800549999999
12.9913413 77.56611680000003
12.9902688 77.55845520000003
12.990209 77.558539
12.9907049 77.56520550000005
12.967732 77.581953
12.870488 77.65453200000002
12.850805 77.64838099999997
12.921696 77.61079670000004
12.9262954 77.67035120000003
12.927197 77.63949260000004
12.922631 77.59652119999998
12.92975 77.63368300000002
12.9266814 77.61555350000003
12.9238299 77.6183284
12.9263618 77.61650550000002
12.9242567 77.60981040000001
12.9267789 77.6368804
12.9303815 77.62451859999999
12.925138 77.60844299999997
12.9246292 77.63844569999992
12.9308775 77.60704129999999
12.9238543 77.59591490000003
12.930317 77.59776699999998
12.930803 77.60418299999992
12.92603 77.67545799999994
12.9305127 77.62304859999995
12.9233169 77.6186831
12.9219829 77.59684179999999
12.9214359 77.59803820000002
12.927766 77.63722899999993
12.92075 77.60399899999993
13.011733 77.61593300000004
13.009 77.64316699999995
13.009933 77.64305000000002
13.011967 77.61766699999998
13.012617 77.59580000000005
13.006333 77.592983
13.0121979 77.6472741
13.0073097 77.62343199999998
13.008067 77.59704999999997
12.984694 77.67625799999996
12.983447 77.60633280000002
12.994965 77.6147535
12.9812398 77.60120989999996
12.9883083 77.6019622
12.9896463 77.59275530000002
12.9890224 77.60740559999999
13.0007 77.61618199999998
13.0286042 77.60444419999999
13.0058644 77.55512390000001
13.003551 77.57072300000004
13.032383 77.59396700000002
13.029817 77.59093299999995
13.02666 77.59061999999994
13.02415 77.59445000000005
13.0040739 77.5719626
13.014867 77.63296700000001
13.006317 77.57224999999994
13.0030625 77.56191710000007
12.999834 77.5695786
12.9980884 77.57158049999998
13.032267 77.62126699999999
13.016217 77.635583
13.030523 77.60462200000006
13.026767 77.578933
13.019917 77.60503300000005
13.0046452 77.57851860000005
13.019833 77.60686699999997
13.026117 77.626083
13.0232299 77.62715219999995
13.0254638 77.60588529999995
13.0217795 77.60275750000005
13.023583 77.59960000000001
13.0198849 77.6366693
13.02895 77.61073299999998
13.015567 77.59758299999999
13.0271765 77.6041543
13.0223141 77.59489459999998
13.024116 77.63459779999994
13.0199489 77.60514030000002
13.023933 77.599017
13.0278595 77.60680019999995
13.0189599 77.63054920000002
13.029902 77.596675
13.027167 77.61546699999997
13.0243819 77.59588899999994
13.0243 77.59619999999995
13.0241442 77.59631279999996
13.026678 77.59716779999997
13.0276228 77.59183840000003
13.0253381 77.5932186
13.0178825 77.59205410000004
13.024084 77.5970393
13.019526 77.59355099999993
13.0088156 77.5631568
13.027183 77.5779
13.015183 77.61323300000004
13.02418 77.69279699999993
13.018962 77.66213800000003
13.023717 77.55705
13.015483 77.63941699999998
13.0031089 77.5612496
12.941665 77.55666599999995
12.9431711 77.5421801
12.9416546 77.56245190000004
12.9447147 77.56133980000004
12.942017 77.55153300000006
12.9478389 77.55435950000003
12.9416837 77.56012379999993
12.9399793 77.55997320000006
12.9433936 77.55951929999992
12.944583 77.55950000000007
12.9432629 77.54186440000001
12.94838 77.54198500000007
12.9471085 77.55549489999999
12.9481897 77.55264069999998
12.943093 77.54865399999994
12.9414414 77.5581201
12.9418507 77.55665959999999
12.9457531 77.5489751
12.9445848 77.55747739999993
12.944657 77.55988200000002
12.952786 77.52723900000001
12.9404283 77.54801729999997
12.9543002 77.55714620000003
12.9543052 77.52794100000006
12.907638 77.584879
12.9084752 77.58751319999999
12.9233832 77.58183259999998
12.9108459 77.55121889999998
12.91325 77.58636999999999
12.91393 77.58584999999994
12.9290623 77.5460425
12.9365996 77.56216730000006
12.9292897 77.54896880000001
12.931363 77.54784399999994
12.9307514 77.55377759999999
12.929881 77.55009700000005
12.9309324 77.54246539999997
12.9284309 77.56520079999996
12.933426 77.54192599999999
12.9293819 77.5487637