12.9825429 77.6071303
12.9706175 77.57770310000001
12.9634447 77.61263789999998
12.9665672 77.57664469999997
12.979967 77.53196700000001
12.9715987 77.59456269999998
12.9706182 77.54557290000002
12.9715987 77.59456269999998
12.9629684 77.56663939999999
12.9659292 77.57759809999993
12.9704817 77.52654789999997
12.9715987 77.59456269999998
12.9715987 77.59456269999998
12.975683 77.537283
12.964189 77.57111899999995
12.9541166 77.54922060000001
12.9518297 77.59463579999999
12.976433 77.57580000000007
12.9659292 77.57759809999993
12.9715987 77.59456269999998
12.95949 77.59345959999996
12.9669824 77.57555400000001
12.963917 77.57164999999998
12.9741483 77.53832039999998
12.953128 77.57607600000006
12.9766232 77.54116249999993
12.966117 77.57566500000007
12.969153 77.58411000000001
12.9827746 77.60907210000005
12.9528426 77.56457820000003
12.9541051 77.56535310000004
12.9651387 77.53185159999998
12.970985 77.55328399999996
12.9669654 77.53243499999996
12.954579 77.57447980000006
12.9534464 77.56485109999994
12.9580652 77.60104960000001
12.969995 77.56439799999998
12.9731293 77.57559040000001
12.96717 77.57819399999994
12.9651831 77.53236859999993
12.9713317 77.57641719999992
12.9715987 77.59456269999998
12.976919 77.52876700000002
12.953317 77.57873300000006
12.969477 77.53368120000005
12.966359 77.58068100000003
12.97387 77.5509806
12.9646117 77.53156590000003
12.9642682 77.55121540000005
12.9505237 77.56481559999997
12.9583903 77.60109480000006
12.967409 77.57612900000004
12.975867 77.53306700000007
12.969316 77.57307000000003
12.9668913 77.57987639999999
12.9566845 77.54514629999994
12.9638083 77.60622519999993
12.9613421 77.52295909999998
12.971599 77.594563
12.9575202 77.60084400000005
12.9610305 77.59986800000001
12.9715987 77.59456269999998
12.971633 77.52686700000004
12.96628 77.58086500000002
12.9680682 77.58343390000005
12.9518205 77.60913140000002
12.956989 77.56373299999996
12.964335 77.51866599999994
12.9666051 77.53051119999998
12.979767 77.54271700000004
12.967434 77.57591000000002
12.955456 77.53059200000007
12.964333 77.54038300000002
12.966207 77.57694100000003
12.9761678 77.52650829999993
12.9579846 77.53542949999996
12.9819255 77.52898770000002
12.9626067 77.57268840000006
12.966761 77.576505
12.969316 77.57307000000003
12.9518019 77.60887460000004
12.9707555 77.58056850000003
12.9541862 77.55825319999997
12.9691571 77.53543330000002
12.967681 77.53547320000007
12.9823662 77.60116560000006
12.953747 77.56042320000006
12.9534954 77.56487190000007
12.964028 77.57214699999997
12.9617253 77.61354430000006
12.966179 77.57756999999992
12.975636 77.55622900000003
12.968148 77.53033879999998
12.979767 77.54271700000004
12.9817203 77.52884619999998
12.9577228 77.58820850000006
12.953576 77.61331100000007
12.9709468 77.52235100000007
12.9264532 77.55102349999993
12.934947 77.560429
12.92345 77.57569999999998
12.929341 77.53629369999999
12.9425135 77.54741949999993
12.938166 77.58281799999997
12.9323613 77.5865718
12.931298 77.56552599999998
12.9466868 77.5717376
12.9221911 77.5526337
12.925833 77.56459999999993
12.9409595 77.54375060000007
12.9456257 77.54413610000006
12.9375582 77.58564810000007
12.9422304 77.57483760000002
12.931217 77.51516700000002
12.9257187 77.57018900000003
12.9367712 77.55726759999993
12.930796 77.55433599999992
12.9292429 77.5672257
12.9356874 77.56888159999994
12.9421196 77.54476840000007
12.9214999 77.55224980000003
12.9416706 77.57117219999998
12.9208728 77.55068740000002
12.9347267 77.54450139999994
12.9451542 77.54860940000003
12.9260219 77.55332799999996
12.9461452 77.57044840000003
12.9206143 77.58353439999996
12.9449452 77.5704647
12.9394598 77.5341439
12.922633 77.55271700000003
12.9325411 77.5395241
12.918034 77.5600091
12.9397976 77.54509669999993
12.9452202 77.54871300000002
12.9402136 77.54513659999998
12.9457296 77.54161380000005
12.9181108 77.55979380000008
12.9439537 77.55500370000004
12.9468245 77.55275370000004
12.9365451 77.54474540000001
12.9183703 77.52052800000001
12.9429022 77.54488900000001
12.924871 77.56624099999999
12.938361 77.58652299999994
12.928246 77.57770310000001
12.9456015 77.53847930000006
12.922933 77.55285000000003
12.9416801 77.55927350000002
12.91637 77.55464000000006
12.9217718 77.58484840000006
12.9241373 77.56672230000004
12.9214048 77.55220859999997
12.9418448 77.55624130000001
12.9375301 77.56867209999996
12.936804 77.56880550000005
12.9306014 77.53959580000003
12.9156416 77.56130759999996
12.933199 77.58038499999998
12.9146586 77.56395499999996
12.920649 77.54497200000003
12.9429113 77.54477509999992
12.9305703 77.54034309999997
12.9192216 77.5797718
12.9221963 77.55025060000003
12.945677 77.54433089999998
12.9341858 77.53988509999999
12.9458623 77.53878069999996
12.9232891 77.5529391
12.9450699 77.54796299999998
12.9419285 77.54898460000004
12.9158726 77.58845599999995
12.932683 77.556783
12.91687 77.56029999999998
12.9342158 77.56827699999997
12.9446033 77.5561715
12.9190513 77.56722560000003
12.931052 77.56378599999994
12.9319476 77.58221400000002
12.9111262 77.52153399999997
12.9101981 77.54558889999998
12.9032486 77.54503499999998
12.908216 77.54952230000004
12.9128439 77.47361180000007
12.9027734 77.51961940000001
12.8965015 77.54800520000003
12.911737 77.55174020000004
12.9222267 77.4844372
12.905092 77.54331100000002
12.9059643 77.5431668
12.8930895 77.54292039999996
12.9116726 77.54443689999994
12.9509266 77.51541880000002
12.951468 77.49214499999994
12.9617868 77.5085087
12.9514088 77.4953256
12.958253 77.49807799999996
12.9588759 77.5182307
12.992208 77.52609200000006
12.9903975 77.5042128
12.993931 77.442769
12.9914801 77.48765249999997
12.9915226 77.50459430000001
12.9853539 77.52750809999998
12.989378 77.50335500000006
12.989923 77.47524799999997
12.996132 77.44288800000004
12.9904484 77.50423150000006
12.9904409 77.50428179999994
12.9869198 77.50505969999995
12.9854584 77.52768079999998
12.989694 77.52720799999997
12.9912309 77.5024072
12.977075 77.49791000000005
12.984659 77.44430699999998
12.990173 77.50253999999995
12.986711 77.47681299999999
12.9880096 77.47430550000001
12.9904932 77.50430299999994
12.975932 77.52637819999995
12.986641 77.49042899999995
13.0412127 77.51909939999996
13.009829 77.53292999999996
13.0152209 77.52292220000004
13.028472 77.51966500000003
13.0389636 77.50169589999996
13.026408 77.47369700000002
13.030954 77.50719800000002
13.039555 77.50021100000004
13.028778 77.50695100000007
13.0189353 77.52023699999995
13.0107057 77.49278349999997
13.0483031 77.51473839999994
13.043164 77.50030900000002
13.048733 77.50296700000001
13.045062 77.51387410000007
13.046769 77.51412800000003
13.0443672 77.49600780000003
13.0215659 77.53511920000005
13.0447596 77.51358270000003
13.0456271 77.52159419999998
13.0478438 77.51451109999994
13.0487362 77.51479710000001
13.0655291 77.49401
13.0564119 77.50606249999998
13.0568982 77.50379429999998
13.0580786 77.50140480000005
13.0568293 77.50411050000002
13.06122 77.51926600000002
13.063773 77.51590899999997
13.070436 77.50568199999998
13.0578261 77.51124349999998
13.0560785 77.53283929999998
13.0567915 77.51894579999998
13.0554412 77.53373550000003
13.0571461 77.50234599999999
13.079106 77.50141600000006
13.085752 77.498197
13.099313 77.57691999999997
13.099271 77.58182299999999
13.099051 77.57833600000004
13.111121 77.60759250000001
13.1098952 77.58008480000001
13.103179 77.59788700000001
13.1048243 77.57627030000003
13.11032 77.58020999999997
13.1186593 77.5794075
13.0778027 77.55294500000002
13.0760042 77.55713659999992
13.06767 77.56968400000005
13.06677 77.57008599999995
13.0691088 77.55687009999997
13.071644 77.56607299999996
13.079708 77.55060400000002
13.067906 77.58891399999993
13.097941 77.58184600000004
13.089071 77.63378499999999
13.069107 77.60145799999998
13.065845 77.619911
13.0296845 77.55929500000002
13.0204379 77.55491789999996
13.0265039 77.59060679999993
13.02433 77.56105309999998
13.0196004 77.55612759999997
13.0368326 77.55347589999997
13.019133 77.62222399999996
13.0492222 77.60379549999993
13.020823 77.67822100000001
13.0184022 77.59208609999996
13.1376034 77.60324689999993
13.0474168 77.57122809999998
13.021467 77.55875000000003
13.024825 77.58834000000002
13.040322 77.58065429999999
13.0239142 77.5974665
13.0494231 77.60337419999996
13.020849 77.63584100000003
13.028346 77.66350299999999
13.0372965 77.56494650000002
13.020437 77.55560000000003
13.0780492 77.78994349999994
13.0279032 77.55856930000004
13.0283854 77.55795690000002
13.032939 77.674848
13.049467 77.56753300000003
13.025283 77.55761699999994
13.0378 77.60529999999994
13.0434146 77.57895789999998
13.078035 77.78999699999997
13.134962 77.74766699999998
13.0282054 77.58754269999997
13.0609763 77.5754392
13.0240538 77.65681740000002
13.132451 77.66375700000003
13.0301711 77.60808369999995
13.0333579 77.565699
13.057945 77.60483199999999
13.03703 77.56500699999992
13.07 77.79999999999995
13.053533 77.57508299999995
13.0202665 77.61265490000005
13.1349586 77.58909670000003
13.07 77.79999999999995
13.062079 77.64882
13.028546 77.65175199999999
13.0247847 77.66821149999998
13.060648 77.64884600000005
13.0381976 77.55211869999994
13.0659081 77.64071749999994
13.020883 77.554033
13.0238989 77.69322839999995
13.0616891 77.58619299999998
13.055374 77.64435200000003
13.0121627 77.55345579999994
13.0115119 77.67511420000005
13.017018 77.59211200000004
13.0102138 77.55513359999998
13.003817 77.57118300000002
13.0018896 77.56246390000001
13.009481 77.63546700000006
13.011138 77.61582699999997
13.002766 77.57053900000005
13.0144599 77.63576699999999
13.0080311 77.635538
12.9978575 77.55213219999996
13.0082492 77.61551009999994
13.0084961 77.64203980000002
13.0132149 77.65063299999997
13.000502 77.62579000000005
12.9939212 77.54981799999996
12.9970336 77.57825209999999
13.0078859 77.65872450000006
12.994117 77.57166699999993
13.0117411 77.67038209999998
12.9983111 77.5693642
12.9979145 77.67205450000006
13.006283 77.59986700000002
13.0135978 77.68086930000004
13.0016754 77.57218929999999
13.0059 77.70103300000005
12.99412 77.66154899999992
13.0096578 77.6092605
12.994624 77.53667080000002
12.9952486 77.59220170000003
13.0090028 77.55972969999993
13.0147224 77.63359050000008
12.9933178 77.53624969999998
13.0005069 77.54485260000001
13.0018097 77.5711933
13.0021177 77.57890709999992
13.0034497 77.62955549999992
12.9937837 77.53532240000004
13.009667 77.53848300000004
13.0088829 77.64008050000007
13.005791 77.57111910000003
13.007086 77.57105290000004
12.9937709 77.53533100000004
13.016467 77.63458300000002
13.0090028 77.55972969999993
13.0074351 77.54849239999999
12.9991812 77.57218239999997
13.0034497 77.62955549999992
13.0019123 77.61205700000005
13.077611 77.79157599999996
12.997724 77.69617800000003
13.0077285 77.67365540000003
13.033089 77.61886400000003
13.0165597 77.62210909999999
12.996883 77.65888300000006
13.0013407 77.66741750000006
13.0209956 77.63771470000006
13.0214242 77.65762210000003
13.019717 77.61276199999998
13.0309113 77.61882659999992
12.9588779 77.65432299999998
12.972149 77.65061600000001
12.971949 77.680162
12.969807 77.74996299999998
12.9587201 77.66007259999992
12.9560901 77.69421209999996
12.9557487 77.65860199999997
12.972229 77.65227299999992
12.992383 77.663767
12.959367 77.64585999999997
12.9885817 77.66393599999992
12.9637137 77.72391560000005
12.96582 77.64959709999994
12.974117 77.77051000000006
12.9749693 77.68138899999997
12.967288 77.714335
12.9693525 77.65432829999997
12.968198 77.67153699999994
12.9585182 77.65938699999992
12.9811077 77.66544569999996
12.955749 77.70475499999998
12.957504 77.70282129999998
12.9648682 77.65737999999999
12.9755709 77.66783559999999
12.96216 77.672325
12.9724557 77.65023789999998
12.9723711 77.681739
12.973366 77.62177969999993
12.991975 77.57121180000001
12.992668 77.59190100000001
12.9795347 77.63682040000003
12.9747055 77.6326024
12.9705836 77.63150139999993
12.9728788 77.63008820000005
12.974255 77.62753599999996
12.980717 77.63365390000001
12.978803 77.62343420000002
12.986221 77.58088900000007
12.975217 77.62551699999995
12.984817 77.60633299999995
12.9865548 77.60018179999997
12.9784209 77.62972030000003
12.987279 77.60708799999998
12.983311 77.5348864
12.980717 77.63365390000001
12.992804 77.6126481
12.9925499 77.5784195
12.992542 77.59184719999996
12.9940996 77.58091050000007
12.9854856 77.5784195
12.984967 77.56801700000005
12.9928594 77.57646750000004
12.9930212 77.56258739999998
12.9858554 77.60915460000001
12.985187 77.60606800000005
12.989028 77.53317300000003
12.983479 77.53032400000006
12.997832 77.55086849999998
12.9990149 77.53058020000003
12.9937837 77.53532240000004
12.997105 77.52732500000002
12.9858554 77.60915460000001
12.9995941 77.54045080000003
12.989028 77.53317300000003
12.9975285 77.54041989999996
12.999235 77.57808699999998
12.986677 77.60189100000002
12.997333 77.55918299999996
12.9974148 77.52823160000003
12.9863337 77.60709359999998
13.0007264 77.53421660000004
12.9880927 77.60280179999995
12.9970822 77.52823460000002
12.9715987 77.59456269999998
12.9715987 77.59456269999998
12.972536 77.53325100000006
12.9648293 77.53148710000005
12.9667302 77.5331655
12.946114 77.59515669999996
12.9304117 77.59264129999997
12.947973 77.57160199999998
12.9489814 77.59775960000002
12.9392403 77.58948239999995
12.9483629 77.59706449999999
12.9345168 77.58978290000005
12.931338 77.48759100000007
12.9445726 77.6089101
12.9172242 77.59235949999993
12.9232057 77.61002389999999
12.9203584 77.59340470000006
12.9221715 77.6034783
12.926686 77.60047020000002
12.921781 77.59342300000003
12.9252736 77.60863519999998
12.926278 77.60303999999996
12.947098 77.53871400000003
12.9313235 77.48724749999997
12.907619 77.56899309999994
12.9100566 77.56409480000002
12.911312 77.56466499999999
12.9090683 77.56295350000005
12.9137381 77.55910549999999
12.9083232 77.56160869999997
12.9095023 77.55476810000005
12.912295 77.55730599999993
12.9089902 77.56161099999997
12.9076987 77.56647339999995
12.9118677 77.56454839999992
12.913717 77.56149800000003
12.9143629 77.58990169999993
12.9078407 77.59052380000003
12.9135392 77.57869849999997
12.9392403 77.58948239999995
12.9274529 77.590597
12.912524 77.57714199999998
12.912522 77.57491299999992
12.9195866 77.59155450000003
12.9289 77.59185400000001
12.9336736 77.589965
12.9264174 77.67523349999999
12.9251067 77.6339845
12.9375212 77.62801749999994
12.9242789 77.61650120000002
12.9086474 77.60410290000004
12.9049326 77.56743649999999
12.9557725 77.61884869999994
12.9407207 77.63026149999996
12.8417665 77.64798659999997
12.9199428 77.61753780000004
12.946481 77.617708
12.8845861 77.58167270000001
12.9184748 77.6321749
12.9075025 77.61090890000003
12.9135693 77.61087520000001
12.9180673 77.67140700000004
12.9267318 77.6231765
12.8875638 77.5530099
12.9093353 77.60024020000003
12.939392 77.620318
12.8837808 77.58211260000007
12.9254247 77.6330289
12.9483966 77.70537609999997
12.888067 77.59354099999996
12.9336404 77.62843429999998
12.9415883 77.61613869999996
12.9408413 77.63027420000003
12.8709237 77.566375
12.904272 77.58848999999998
12.9240132 77.61740269999996
12.947994 77.61929099999998
12.942336 77.608881
12.9440841 77.60974290000001
12.9429679 77.60890510000002
12.9387082 77.6087599
12.943469 77.60062500000004
12.9422856 77.60735309999995
12.9744104 77.63936509999996
12.849848 77.65448600000002
12.846254 77.58828599999993
12.85561 77.58649700000001
12.8623656 77.54295730000001
12.866556 77.57884200000001
12.861691 77.56161399999996
12.9063817 77.60591739999995
12.894533 77.62644999999998
12.9072742 77.60574109999993
12.894133 77.63320499999998
12.898158 77.62154899999996
12.895794 77.63602300000002
12.906303 77.61134800000002
12.8982579 77.63229330000001
12.9077471 77.6493676
12.89685 77.63111300000003
12.8997739 77.60132420000002
12.891736 77.644678
12.899137 77.65884000000005
12.889923 77.64781500000004
12.903888 77.59178099999997
12.883202 77.60229900000002
12.90102 77.58902699999999
12.897408 77.644588
12.9135498 77.61485029999994
12.909305 77.61257999999998
12.890127 77.59395500000005
12.900154 77.64548200000002
12.89933 77.62441000000001
12.898379 77.65151300000002
12.8917034 77.57755539999994
12.9007697 77.5868127
12.8874099 77.58211260000007
12.900137 77.58835199999999
12.900754 77.55967099999998
12.898742 77.57215500000007
12.900833 77.57472899999993
12.892899 77.58236899999997
12.899061 77.57521900000006
12.89204 77.57373200000006
12.889716 77.571461
12.891517 77.55996400000004
12.9023789 77.5612979
12.9049274 77.56761919999997
12.9064666 77.56927410000003
12.9056268 77.55801859999997
12.9054859 77.56287369999995
12.905115 77.56830400000001
12.9190441 77.59299250000004
12.9244276 77.6050166
12.921751 77.60488399999997
12.9229675 77.60488140000007
12.923092 77.60499010000001
12.928684 77.59609599999999
12.929432 77.59242399999994
12.9206735 77.60569080000005
12.9210081 77.60106229999997
12.925873 77.60219699999993
12.9219444 77.60239769999998
12.9214617 77.60276550000003
12.9190686 77.60514030000002
12.9429067 77.62837519999994
12.9409449 77.61660940000002
12.9401469 77.6182579
12.9357709 77.61926110000002
12.950669 77.62378100000001
12.94359 77.62853080000002
12.9543362 77.61578430000009
12.837487 77.67707300000006
12.827759 77.68294200000003
12.800115 77.68830100000002
12.798917 77.70580799999993
12.8702347 77.65696030000004
12.871527 77.60205689999998
12.880197 77.60109999999997
12.878193 77.65496299999995
12.879681 77.65499399999999
12.8777639 77.58401959999992
12.874071 77.53760699999998
12.88655 77.57073300000002
12.870547 77.53669400000001
12.8735519 77.54279670000005
12.879838 77.54704600000002
12.868732 77.55836
12.87669 77.53698199999997
12.886681 77.55548999999996
12.9235982 77.61796529999992
12.9248138 77.61371559999998
12.9222741 77.61971979999998
12.949137 77.56246929999998
12.906383 77.55363680000005
12.9495327 77.59612500000003
12.9510406 77.5999147
12.948651 77.598164
12.947172 77.60420599999998
12.962017 77.57172600000001
12.9681916 77.57788570000002
12.967152 77.57557799999995
12.9986572 77.50273760000005
13.002791 77.49815899999999
13.00792 77.54532999999992
13.0090667 77.5377297
13.0384694 77.54986800000006
13.0419468 77.57247159999997
13.0436698 77.57667850000007
13.031077 77.55692700000009
13.0434328 77.57985359999998
13.0425 77.578983
13.0302783 77.55807920000007
13.049821 77.60052599999995
13.035703 77.59727499999997
13.019568 77.596813
12.9736724 77.62839370000006
12.975819 77.62575500000003
12.9666269 77.64173830000004
12.9656885 77.63730669999995
12.9755011 77.63158429999999
12.9746431 77.62665659999993
12.9739498 77.6276742
12.9749048 77.62618220000002
12.9666201 77.64248840000005
12.9755011 77.63158429999999
12.9725472 77.63518049999993
12.9735571 77.62856669999996
12.9744719 77.63265139999999
12.9733342 77.62893780000002
12.968854 77.56988100000001
13.0070216 77.56926350000003
13.0037628 77.57839880000006