12.9715987 77.59456269999998
12.9706949 77.58612470000003
12.9715987 77.59456269999998
12.9715987 77.59456269999998
12.9602596 77.53036670000006
12.9690174 77.59724159999996
12.956676 77.58566459999997
12.954626 77.59162900000001
12.961967 77.596586
12.982338 77.60804800000005
12.952776 77.58217830000001
12.957794 77.60450200000002
12.975533 77.59741699999995
12.9715987 77.59456269999998
12.965888 77.6016535
12.954883 77.59165000000007
12.95725 77.59265000000005
12.962896 77.59974
12.9501869 77.52707899999996
12.964809 77.53935200000001
12.9587 77.59321699999998
12.9587809 77.56206939999993
12.967617 77.59985000000006
12.978667 77.57700569999997
12.974017 77.60151700000006
12.96414 77.54268400000001
12.9715987 77.59456269999998
12.9679958 77.59166049999999
12.97269 77.53969299999994
12.9633408 77.53389179999999
12.977418 77.57845299999997
12.956263 77.60227899999995
12.967938 77.59482400000002
12.9698858 77.53327960000001
12.9693185 77.57735219999995
12.9715987 77.59456269999998
12.970076 77.59785799999997
12.9709189 77.59761520000006
12.9672505 77.59939020000002
12.9728857 77.57048859999998
12.9526531 77.57727590000002
12.9624782 77.60502930000007
12.9789554 77.57483760000002
12.9715987 77.59456269999998
12.9633823 77.60348939999994
12.9746481 77.60971789999996
12.9672505 77.59939020000002
12.9613369 77.52808379999999
12.9681917 77.56897959999992
12.961017 77.52948300000003
12.9715987 77.59456269999998
12.9646435 77.59658539999998
12.9758656 77.54232330000002
12.9723069 77.5758323
12.9526976 77.56883900000003
12.976864 77.57876499999998
12.9706038 77.52660179999998
12.9723897 77.60870399999999
12.9766232 77.54116249999993
12.9590912 77.53604059999998
12.9594363 77.53060000000005
12.9708867 77.54043290000004
12.9651041 77.5371715
12.9578533 77.56210039999996
12.9714844 77.52252939999994
12.973983 77.535617
12.9647522 77.59676279999996
12.9672505 77.59939020000002
12.9581141 77.53477759999998
12.9520133 77.59629050000001
12.9579846 77.53542949999996
12.9672102 77.57206080000003
12.9681683 77.60293360000003
12.9715987 77.59456269999998
12.9825584 77.560836
12.9606638 77.53404180000007
12.9695455 77.53368619999992
12.9783451 77.53401069999995
12.9742327 77.53489279999997
12.9636637 77.60422990000006
12.9591289 77.53802350000001
12.973474 77.57955900000002
12.9578533 77.56210039999996
12.9715987 77.59456269999998
12.9666928 77.6057108
12.9722028 77.53319420000003
12.9709189 77.59761520000006
12.9562866 77.592353
12.973517 77.60803299999998
12.9709072 77.60085720000006
12.9752707 77.54301459999999
12.9715987 77.59456269999998
12.97065 77.54556019999995
12.9815735 77.55472409999993
12.9571721 77.59268850000001
12.9773971 77.53353429999993
12.9715987 77.59456269999998
12.9698858 77.53327960000001
12.9695455 77.53368619999992
12.9628445 77.54832820000001
12.970733 77.57368300000007
12.968751 77.575107
12.9741932 77.54364429999998
12.963117 77.56690000000003
12.9690334 77.57063549999998
12.9637615 77.58200119999992
12.9732104 77.5603562
12.97065 77.54556019999995
12.9707692 77.57944109999994
12.9723012 77.54407650000007
12.9723012 77.54407650000007
12.9691095 77.57146420000004
12.9724351 77.57877759999997
12.9700365 77.58397109999999
12.970134 77.54468969999994
12.9713722 77.54237669999998
12.9589756 77.56921650000004
12.9665709 77.57798180000009
12.970065 77.56624060000001
12.9725466 77.56457090000004
12.9708806 77.55793410000001
12.961156 77.54671800000006
12.9720681 77.57261470000003
12.961098 77.54939409999997
12.9680682 77.58343390000005
12.9611895 77.56199100000003
12.9718441 77.54075450000005
12.9700365 77.58397109999999
12.9713885 77.5497613
12.9651471 77.53946859999996
12.973033 77.57081700000003
12.967639 77.57710500000007
12.9730522 77.54565049999997
12.961098 77.54939409999997
12.973098 77.54558799999995
12.95978 77.51422600000001
12.984832 77.537191
12.9831689 77.56100990000004
12.9843541 77.55232389999992
12.9838884 77.55246069999998
12.9735654 77.51051610000002
12.9834271 77.55484490000003
12.9597996 77.53182379999998
12.960067 77.53108299999997
12.9824942 77.55476169999997
12.984752 77.53399630000001
12.975505 77.53626899999995
12.9748399 77.51033949999999
12.9580799 77.56887749999999
12.9717394 77.51321170000006
12.9789554 77.57483760000002
12.9649228 77.5387432
12.9698964 77.53263379999999
12.9695455 77.53368619999992
12.981059 77.54289859999994
12.9824912 77.51160299999992
12.9766232 77.54116249999993
12.958517 77.52578300000005
12.984752 77.53399630000001
12.9578533 77.56210039999996
12.9829951 77.53268090000006
12.9834507 77.56552420000003
12.9722121 77.52338299999997
12.962062 77.5377767
12.9717394 77.51321170000006
12.9746323 77.53650449999998
12.9577974 77.5461785
12.9840286 77.57018100000005
12.9705371 77.52653629999998
12.9579846 77.53542949999996
12.9523363 77.53690819999997
12.958079 77.5189143
12.9698858 77.53327960000001
12.9842 77.52828299999999
12.978117 77.54426699999999
12.9824942 77.55476169999997
12.9694358 77.53463940000006
12.9685724 77.51988970000002
12.9592683 77.53466930000002
12.96935 77.52465000000007
12.9633506 77.53712029999997
12.9698858 77.53327960000001
12.998275 77.55278999999996
12.9906324 77.55334399999992
12.9997699 77.56980650000003
13.002139 77.57139540000003
13.005665 77.54853100000003
13.001432 77.55022600000007
13.006585 77.54931399999998
13.0018858 77.56643600000007
12.9927941 77.5387399
12.99103 77.57536400000004
12.9963588 77.57143129999997
13.006428 77.57835699999998
12.9979437 77.54603420000001
12.992441 77.57474100000002
13.005655 77.56949499999996
12.991741 77.54383699999994
12.9923327 77.55261109999992
12.990646 77.53815399999996
13.001786 77.56566699999996
13.000176 77.55318699999998
13.001798 77.56550960000004
13.00044 77.54626800000005
12.9905797 77.57403260000001
13.001452 77.569164
12.9986882 77.55207680000001
12.9911864 77.56480770000007
13.001442 77.55019399999992
13.0015612 77.57483760000002
12.999333 77.57236699999999
12.997926 77.55188299999998
12.9934681 77.55098620000001
13.0044584 77.56923400000005
12.9957 77.56309999999996
13.0033302 77.56255529999999
13.0033111 77.56554349999999
12.9963588 77.57143129999997
12.9957289 77.54187909999996
13.0020595 77.55184940000004
13.005634 77.56552829999998
12.9974586 77.55023619999997
12.9987194 77.55006709999998
13.0037266 77.5699578
13.0036082 77.54990049999992
12.9956757 77.56589880000001
12.9911182 77.54964530000007
13.0058242 77.55529509999997
12.9990084 77.57689060000007
13.0015612 77.57483760000002
12.9968271 77.56940420000001
12.9982972 77.55161939999994
13.0006572 77.56773190000001
13.0069148 77.57254269999999
13.0000588 77.56615729999999
12.9957289 77.54187909999996
13.0030625 77.56191710000007
12.992483 77.56331699999998
12.9943471 77.58054809999999
12.9985105 77.54278729999999
12.9910181 77.55355600000007
13.0000588 77.56615729999999
13.0037396 77.56671019999999
12.9911182 77.54964530000007
13.0060492 77.57541960000003
12.9906324 77.55334399999992
12.9934288 77.57822269999997
12.9905421 77.55743259999997
13.0017785 77.54733009999995
12.9906413 77.55694130000006
12.9957289 77.54187909999996
12.9976758 77.57039789999999
13.0023508 77.565021
13.0037396 77.56671019999999
13.0054515 77.57182360000002
12.999132 77.54113899999993
12.99869 77.54219999999998
12.9925499 77.5784195
13.0037266 77.5699578
13.003323 77.56907000000001
13.0067522 77.56173420000005
13.005691 77.56955879999998
13.0021795 77.57861760000003
12.9911182 77.54964530000007
12.9982387 77.55331799999999
12.994533 77.56636700000001
13.0056418 77.56519079999998
12.9917958 77.53693580000004
13.0030399 77.56410400000004
13.006559 77.53972499999998
12.9925499 77.5784195
12.9953023 77.57625380000002
13.0040151 77.5510964
12.997569 77.55994599999997
12.9970336 77.57825209999999
12.9911182 77.54964530000007
13.0059344 77.56985320000001
13.0010245 77.57405900000003
12.9983076 77.56767530000002
12.9950761 77.54198880000001
13.0023128 77.56501350000008
12.9976758 77.57039789999999
13.0003596 77.56410749999998
13.0007302 77.55764299999998
13.0013556 77.5570735
12.9992405 77.56764139999996
12.9964436 77.55164330000002
12.996 77.55013000000008
13.0007885 77.55045240000004
12.9984948 77.55208889999994
13.0012727 77.55415319999997
12.9992381 77.56936840000003
12.991198 77.59463299999993
13.028046 77.56962829999998
12.9910869 77.59202949999997
12.982502 77.62394100000006
12.989058 77.54256800000007
12.9769883 77.63385599999992
13.014593 77.62677600000006
12.9703142 77.63242149999996
12.991856 77.590915
12.975167 77.63633600000003
13.029471 77.62804200000005
12.9954157 77.58091650000006
13.018837 77.59796899999992
12.9695244 77.63055529999997
13.024918 77.59166600000003
12.992142 77.61912299999995
13.0243997 77.59282819999999
13.0130251 77.57613659999993
12.9845276 77.58716559999993
13.0297992 77.60470379999992
13.027732 77.59385999999995
13.02665 77.57946700000002
12.984193 77.61406299999999
13.003951 77.583796
13.004517 77.60315000000003
12.991051 77.59208999999998
13.02179 77.55683299999998
13.027303 77.57941900000003
13.020885 77.59233700000004
13.001223 77.63026300000001
12.9872966 77.57913899999994
12.9897236 77.59028799999999
13.0285334 77.5588722
12.9991763 77.59760400000005
12.9875791 77.53897289999998
12.9881038 77.55994750000002
12.987888 77.60193200000003
12.97463 77.61930600000005
12.9891592 77.59323719999998
12.989028 77.53317300000003
13.002762 77.61437899999999
12.9717173 77.63588040000002
13.008214 77.56355200000007
12.9832801 77.60046280000006
12.997067 77.60826700000007
13.0103613 77.54334619999997
13.0196183 77.59109379999995
13.0092448 77.54754230000003
12.9938517 77.5907661
12.9812459 77.63714589999995
12.9976612 77.61942350000004
13.0006928 77.62405779999995
13.0075789 77.56650230000002
12.999553 77.59721880000006
12.994501 77.61024299999997
12.9971503 77.61425580000002
13.0006534 77.6214334
12.9882365 77.59374219999995
13.007422 77.56631800000002
12.9965514 77.61208469999997
12.9975283 77.60492959999999
12.9980568 77.61501870000006
12.999588 77.59900889999994
12.9987089 77.60877370000003
12.981872 77.64223700000002
12.9861947 77.5819434
12.991456 77.58274069999993
13.0103164 77.58056850000003
13.0081415 77.56480770000007
12.9799553 77.63784190000001
12.9868855 77.56505070000003
12.988337 77.55797970000003
13.0092008 77.57672209999998
13.0088973 77.56455099999994
12.9910869 77.59202949999997
12.999588 77.59900889999994
12.9814722 77.61921389999998
12.9898216 77.55413980000003
13.0087325 77.69400810000002
13.0034196 77.67222390000006
12.992672 77.68105400000002
13.0077285 77.67365540000003
13.0056136 77.67462460000002
12.9968993 77.66928419999999
13.0039458 77.68185100000005
12.9962796 77.66778049999994
13.0077285 77.67365540000003
13.0026107 77.66437020000001
12.9937144 77.70336180000004
13.011258 77.69776000000002
13.009183 77.69631700000002
13.0077745 77.73376280000002
12.991051 77.66797500000007
13.011854 77.67329700000005
13.011506 77.66996999999992
12.9922185 77.70265740000002
13.010305 77.671742
12.991633 77.71763299999998
13.0168431 77.7048102
12.990343 77.67071699999997
13.0094026 77.66435019999994
13.019694 77.64749400000005
13.022798 77.64765499999999
13.014872 77.65535820000002
12.987319 77.68851070000005
13.014261 77.63726599999995
13.0208972 77.64304749999997
13.019421 77.64728600000001
12.9835179 77.70819340000003
13.0136833 77.66054029999998
13.0129 77.64757699999996
13.0144833 77.64770329999999
13.026609 77.64000980000003
13.009833 77.64303300000006
13.013091 77.65926609999997
13.019 77.64323300000001
13.0245231 77.64072579999993
13.0209879 77.6335034
13.0150057 77.64466370000002
13.008533 77.64306699999997
13.0106718 77.65666039999996
12.9994775 77.61687359999996
12.9822593 77.63772879999999
12.9812459 77.63714589999995
12.9951474 77.62482030000001
12.9967297 77.6175935
13.014091 77.63553100000001
12.980356 77.63565360000007
13.0048566 77.6285537
12.995809 77.61566500000004
13.0244446 77.6345675
12.9951474 77.62482030000001
13.0013827 77.62195399999996
12.9814722 77.61921389999998
12.9882795 77.61855130000004
12.9971503 77.61425580000002
12.9810712 77.63748140000007
13.0167648 77.6430077
13.0048917 77.62322429999995
12.9844425 77.61435000000006
12.9812459 77.63714589999995
12.982017 77.63819999999998
12.9814722 77.61921389999998
12.9806636 77.64060229999995
12.9949135 77.61605350000002
13.0176621 77.64502149999998
13.00556 77.65790770000001
12.9823845 77.63996240000006
13.0026231 77.6289865
13.0018799 77.62651890000006
13.0169802 77.63339829999995
13.0169973 77.63337219999994
13.0221131 77.6530755
13.0008549 77.61833730000001
13.0206727 77.64257709999993
13.0217928 77.64007119999997
13.019017 77.635133
12.9973773 77.61996079999994
13.0152153 77.62354129999994
12.9993831 77.61819089999995
13.0001512 77.63356590000001
13.0156064 77.63597010000001
13.0211331 77.64043199999992
13.0244446 77.6345675
12.983236 77.76550099999997
13.0055197 77.63807339999994
12.9938699 77.63484470000003
13.0053588 77.66038750000007
13.0024124 77.63033129999997
12.9819062 77.64822359999994
13.019882 77.64334099999996
12.9694783 77.6404288
12.976877 77.71036900000001
12.9720122 77.64227800000003
13.0509699 77.59379960000001
12.9697999 77.74994670000001
12.969289 77.65022299999998
13.062861 77.58704699999998
13.0400431 77.56695709999997
13.069767 77.55548299999998
12.9697492 77.64551619999997
12.978045 77.63906099999997
13.0657883 77.58773180000003
12.978484 77.64270399999998
12.979192 77.68046200000003
12.9711351 77.65108559999999
12.966217 77.71543199999996
12.966189 77.71543299999996
13.048839 77.51336900000001
12.968567 77.63081699999998
13.066267 77.592983
13.0306627 77.55709839999997
13.0432194 77.57956020000006
13.0344216 77.58952249999993
13.0223141 77.59489459999998
13.0405491 77.57737650000001
13.0251684 77.59143710000001
13.0216412 77.59280439999998
13.0124055 77.53614619999996
13.062633 77.59289999999999
13.0430777 77.51299900000004
13.0400431 77.56695709999997
13.0405491 77.57737650000001
13.0220393 77.5935561
13.0220393 77.5935561
13.0228668 77.59657179999999
13.0146629 77.51715390000004
13.062683 77.59291699999994
13.0390291 77.56197739999993
13.0290547 77.6027732
13.0194737 77.58852980000006
13.0566646 77.50724919999993
13.0401478 77.5637312
13.051859 77.54157499999997
13.0228768 77.58571729999994
13.0228768 77.58571729999994
13.0490982 77.51228790000005
13.0223141 77.59489459999998
13.0124446 77.58393920000003
13.063567 77.58638300000007
13.0205968 77.59408880000001
13.059417 77.57851699999992
13.0405491 77.57737650000001
13.036517 77.56181700000002
13.023003 77.5580013
13.0091685 77.54817179999998
13.0125399 77.58271749999994
13.0575845 77.54973229999996
13.0208696 77.58795439999994
13.0241713 77.57483760000002
12.949385 77.59757400000001
12.937739 77.575514
12.934111 77.62957699999993
12.95504 77.70017600000006
12.94546 77.58638500000006
12.948728 77.579387
12.928139 77.586095
12.924433 77.55346299999997
12.9284584 77.61579630000006
12.935689 77.621262
12.9250626 77.55023400000005
12.916105 77.64973099999997
12.925535 77.62538700000005
12.9258682 77.63273500000003
12.931454 77.58489099999997
12.933822 77.61951899999997
12.941471 77.58644700000002
12.956442 77.73155500000007
12.940239 77.62503600000002
12.920383 77.5838
12.928855 77.629411
12.9252691 77.6192595
12.9245656 77.55277980000005
12.933754 77.61956399999997
12.929644 77.60048099999995
12.9230277 77.60648519999995
12.9225206 77.58595990000003
12.9606455 77.71443750000003
12.9271934 77.57906700000001
12.93974 77.57383900000002
12.930637 77.58128199999999
12.9344864 77.62519150000003
12.942026 77.56461300000001
12.911612 77.55527899999993
12.913726 77.60706700000003
12.950163 77.71093900000005
12.930534 77.61996299999998
12.91717 77.647107
12.9471612 77.57494120000001
12.911491 77.58646499999998
12.9052704 77.60316990000001
12.887234 77.592353
12.88895 77.59313650000001
12.899043 77.60105699999997
12.9001993 77.67666489999999
12.906555 77.65078300000005
12.910296 77.60046799999998
12.9073611 77.64322400000003
12.890265 77.59769200000005
12.918796 77.59031600000003
12.896259 77.59852569999998
12.910296 77.60046799999998
12.905814 77.580014
12.9134529 77.55887800000005
12.9140923 77.66682860000003
12.9251 77.58400000000006
12.936364 77.62714699999992
12.918244 77.63813000000005
12.9095458 77.63285910000002
12.923319 77.66947700000003
12.922723 77.64622000000008
12.9147989 77.50869990000001
12.9218061 77.58824099999993
12.9170387 77.55486539999993
12.890517 77.5978
12.9134304 77.5846348
12.927251 77.58220899999992
12.934061 77.58394599999997
12.92594 77.63369699999998
12.9302389 77.57364210000003
12.9239166 77.57656989999998
12.8947936 77.59888980000005
12.914662 77.60609199999999
12.916015 77.58572800000002
12.9249508 77.62773100000004
12.9341865 77.62957619999997
12.935206 77.62642800000003
12.9026206 77.51957479999999
12.93681 77.58464800000002
12.925468 77.67618199999993
12.909204 77.60653100000002
12.8970345 77.59688519999997
12.894655 77.59882000000005
12.9187654 77.65179769999997
12.892856 77.58176300000002
12.93882 77.62347499999998
12.928129 77.58608900000002
12.911862 77.6445923
12.914474 77.51559999999995
12.9335009 77.62913700000001
12.921995 77.597847
12.9303309 77.61900909999997
12.895565 77.555339
12.9248917 77.55113240000003
12.9140962 77.63733379999996
12.890597 77.58203300000002
12.925814 77.632747
12.926335 77.58467940000003
12.9285212 77.58343390000005
12.936157 77.618425
12.9381593 77.56670140000006
12.9253257 77.555475
12.9209588 77.64933240000005
12.926147 77.58182899999997
12.9248711 77.56624060000001
12.929949 77.58507299999997
12.925411 77.62553600000001
12.9263977 77.58626789999994
12.924057 77.57113500000003
12.9165511 77.60438699999997
12.9309391 77.6275144
12.9340261 77.62909939999997
12.9041192 77.58569379999994
12.916539 77.61334469999997
12.9110089 77.57863670000006
12.9113209 77.59561759999997
12.907275 77.58491400000003
12.9124834 77.61417630000005
12.9057534 77.58567990000006
12.9175344 77.63181199999997
12.9155247 77.55781120000006
12.907028 77.58404670000004
12.91325 77.57328299999995
12.90321 77.60182099999997
12.9100826 77.5854038
12.9157852 77.59504059999995
12.9144897 77.61235520000002
12.9076738 77.60339210000006
12.9148049 77.59796340000003
12.9132357 77.5912978
12.9107113 77.63558910000006
12.9095666 77.6002224
12.9097289 77.59188970000002
12.909014 77.54871400000002
12.9096154 77.56529139999998
12.917772 77.58590700000002
12.9151851 77.60933799999998
12.9126647 77.61003840000001
12.8885585 77.5820185
12.8923555 77.61012819999996
12.9047784 77.57317579999994
12.9084701 77.60033899999996
12.9104233 77.58811560000004
12.910579 77.59897720000004
12.9122343 77.61318860000006
12.9034573 77.56175200000007
12.913242 77.58772099999999
12.906267 77.55896699999994
12.8918347 77.61884379999992
12.9133347 77.59027990000004
12.907383 77.57671700000003
12.910491 77.5857168
12.9143434 77.58518559999993
12.91283 77.55282999999997
12.8911779 77.62926970000001
12.910491 77.5857168
12.9117135 77.61144669999999
12.887773 77.59921400000007
12.9144229 77.58959729999992
12.9163262 77.57930429999999
12.9070771 77.59360119999997
12.9041192 77.58569379999994
12.9070296 77.58299250000005
12.907017 77.58328299999994
12.909133 77.549083
12.8911779 77.62926970000001
12.914461 77.56047899999999
12.9163163 77.58357160000003
12.8918205 77.61884110000005
12.9136936 77.61256100000003
12.9168569 77.56390569999996
12.911808 77.59287089999998
12.9079236 77.57651379999993
12.908867 77.60719399999994
12.8905592 77.59760899999992
12.9146746 77.55653600000005
12.9164556 77.60675270000002
12.8945726 77.62568299999998
12.9093141 77.57197480000002
12.910491 77.5857168
12.9097556 77.56597339999996
12.908383 77.591767
12.896168 77.59842400000002
12.906369 77.58595500000001
12.9036865 77.59194079999997
12.893418 77.59797100000003
12.9006815 77.58726939999997
12.9074688 77.5950838
12.8987327 77.57212189999996
12.9015748 77.58581609999999
12.9084024 77.58769039999993
12.9056886 77.59893020000004
12.9070458 77.58233199999995
12.876752 77.59545400000002
12.9255586 77.5507543
12.9291941 77.61666459999992
12.9217229 77.58367880000003
12.9234999 77.58482730000003
12.9216872 77.58782120000001
12.8646954 77.59412339999994
12.8843743 77.65154419999999
12.8837705 77.62074630000006
12.8781484 77.59540960000004
12.867582 77.64964099999997
12.8842982 77.58267980000005
12.8863972 77.58092669999996
12.8656022 77.60016680000001
12.8420476 77.645986
12.8604382 77.58986959999993
12.8447628 77.58515990000001
12.8603813 77.58985849999999
12.8627915 77.58587599999998
12.8242 77.68861679999998
12.8570831 77.55604889999995
12.8829682 77.56621399999995
12.8838606 77.56480770000007
12.8752254 77.55915949999996
12.9194759 77.56717800000001
12.906454 77.54434170000002
12.9180571 77.58629169999995
12.919325 77.55797299999995
12.918884 77.60375599999998
12.9196578 77.55566859999999
12.918899 77.55982199999994
12.9137962 77.52070609999998
12.9187 77.61875959999998
12.8977067 77.46221659999992
12.8983561 77.54331219999995
12.9073831 77.5593619
12.9062961 77.56315429999995
12.9057861 77.54263889999993
12.9570308 77.7060199
12.9459226 77.57683840000004
12.9421835 77.61738020000007
12.943649 77.61771299999998
12.9783751 77.63589619999993
12.979378 77.635223
12.9937668 77.59117449999997
12.9938517 77.5907661
12.9896463 77.59275530000002
12.9822629 77.6033883
12.9824046 77.60765349999997
12.9862893 77.5920314
12.98995 77.60931699999992
12.9811117 77.61142369999993
12.9874689 77.60492180000006
12.9828549 77.59236310000006
12.9935158 77.592041
12.9935 77.60871700000007
12.9799553 77.63784190000001
12.9776852 77.63689399999998
12.9903897 77.60747279999998
12.9782852 77.63734950000003
12.9915949 77.59957780000002
12.9822632 77.60339829999998
12.9910869 77.59202949999997
12.9865548 77.60018179999997
12.9920888 77.6053177
12.9803197 77.61732239999992
12.9913902 77.61935740000001
12.9782765 77.6354771
12.9903152 77.60716509999997
12.978277 77.63770799999998
12.9873168 77.62005210000007
12.992433 77.60996699999998
12.987997 77.60821880000003
12.9818 77.59968300000003
12.9790521 77.63692620000006
12.9910869 77.59202949999997
12.9852929 77.5986739
12.9847764 77.61171050000007
12.9910869 77.59202949999997
12.9900934 77.60611159999996
12.9940714 77.59160339999994
12.9863648 77.58200119999992
12.988342 77.57978530000003
12.987348 77.57798000000003
12.985225 77.575558
12.9866587 77.58221120000007
12.9861482 77.57965560000002
12.9878223 77.57421469999997
12.9863648 77.58200119999992
12.9879245 77.57907820000003
12.9863648 77.58200119999992
12.9862241 77.54934890000004
12.9870172 77.56624060000001
12.9859721 77.55933800000003
12.9850332 77.54901970000003
12.978799 77.577317
12.9870172 77.56624060000001
12.9876923 77.54367049999996
12.9860178 77.55373659999998
12.9870172 77.56624060000001
12.9850332 77.54901970000003
12.9755257 77.54081329999997
12.9757633 77.56053799999995
12.9789554 77.57483760000002
12.9857167 77.54524859999992
12.9850332 77.54901970000003
12.9763906 77.55277920000003
12.9882714 77.55817219999994
12.984667 77.54243300000007
12.9867055 77.55620950000002
12.9851076 77.55347589999997
12.9784209 77.54180959999997
12.9835386 77.54259300000001
12.9879126 77.54545480000002
12.9818901 77.55635989999996
12.9804459 77.55755469999997
12.9755623 77.54033879999997
12.9818724 77.55473489999997
12.9818724 77.55473489999997
12.9875204 77.55426039999998
12.9766232 77.54116249999993
12.9796189 77.55248549999999
12.9830355 77.55692650000003
12.9866292 77.55164100000002
12.9417416 77.58551899999998
12.946883 77.56420000000003
12.949178 77.59763399999997
12.941733 77.56033300000001
12.9446096 77.55749400000002
12.967111 77.64297799999997
12.9795095 77.6462871
12.987831 77.53677700000003
12.9854944 77.53692230000001
12.988283 77.53461700000003
12.9854944 77.53692230000001
12.9854944 77.53692230000001
12.992208 77.52609200000006
12.985679 77.52121299999999
12.9854944 77.53692230000001
12.9814977 77.53439249999997
12.9854944 77.53692230000001
12.9854944 77.53692230000001
12.9918457 77.53546080000001
12.979704 77.53184629999998
12.9920894 77.53529809999998
12.985679 77.52121299999999
12.9866086 77.53724280000006
12.9824 77.51205470000002
12.9878558 77.53794049999999
12.9902377 77.55979249999996
12.98725 77.539267
12.9891231 77.55588999999998
12.9771294 77.4931262
12.9116805 77.47836740000002
12.907832 77.49151000000006
12.878446 77.44582200000002
12.913467 77.55893300000002
12.90995 77.58681999999999
12.9099346 77.58336989999998
12.9131129 77.48539200000005
12.9092722 77.57531719999997
12.9420044 77.6226557
12.942302 77.62141500000007
12.942134 77.55789789999994
12.942083 77.55089999999996
12.9477284 77.55687309999996
12.947926 77.53443600000003
12.9427091 77.55376520000004
12.9579846 77.53542949999996
12.9453777 77.5537736
12.948844 77.53055199999994
12.942825 77.53868080000007
12.9577209 77.54388300000005
12.9513027 77.52700319999997
12.9522695 77.55266860000006
12.9568492 77.54116249999993
12.9579846 77.53542949999996
12.9577095 77.52717619999999
12.987538 77.53866100000005
12.9850428 77.53764619999993
12.9903022 77.54951519999997
12.9911182 77.54964530000007
12.9903648 77.53852140000004
12.9910772 77.57399320000002
12.9887028 77.54761640000004
12.9911182 77.54964530000007
12.9912552 77.55853060000004
12.9910772 77.57399320000002
12.9895371 77.53770770000006
12.9911182 77.54964530000007
12.9911182 77.54964530000007
12.9664721 77.61444929999993
12.9715987 77.59456269999998
12.9715987 77.59456269999998
12.9709189 77.59761520000006
12.9715987 77.59456269999998
12.971599 77.594563
12.9715987 77.59456269999998
12.9715987 77.59456269999998
12.9715987 77.59456269999998
12.9715987 77.59456269999998
12.9715987 77.59456269999998
12.9715987 77.59456269999998
12.9715987 77.59456269999998
12.9715987 77.59456269999998
12.9715987 77.59456269999998
12.9715987 77.59456269999998
12.9715987 77.59456269999998
12.9715987 77.59456269999998
12.9681683 77.60293360000003
12.9715987 77.59456269999998
12.9715987 77.59456269999998
12.9715987 77.59456269999998
12.9715987 77.59456269999998
12.9715987 77.59456269999998
12.9715987 77.59456269999998
12.971599 77.594563
12.9715987 77.59456269999998
12.9688497 77.60124640000004
12.9715987 77.59456269999998
12.9715987 77.59456269999998
12.9715987 77.59456269999998
12.9715987 77.59456269999998
12.9715987 77.59456269999998
12.9715987 77.59456269999998
12.9715987 77.59456269999998
12.9715987 77.59456269999998
12.9715987 77.59456269999998
12.9715987 77.59456269999998
12.9715987 77.59456269999998
12.9715987 77.59456269999998
12.9715987 77.59456269999998
12.9715987 77.59456269999998
12.9715987 77.59456269999998
12.9715987 77.59456269999998
12.9715987 77.59456269999998
12.9715987 77.59456269999998
12.9715987 77.59456269999998
12.9715987 77.59456269999998
12.9715987 77.59456269999998
12.9623213 77.59218429999999
12.9627116 77.58935859999997
12.9455216 77.58705639999994
12.9557123 77.61424779999993
12.9455006 77.57682219999992
12.948038 77.57263799999998
12.9758137 77.61646089999999
12.9459226 77.57683840000004
12.9450914 77.57524450000005
12.9455006 77.58596420000003
12.9463887 77.57884450000006
12.9478398 77.57524379999995
12.9441091 77.57489080000005
12.9482067 77.56769150000002
12.9588557 77.5684364
12.955733 77.56681700000001
12.954576 77.57112919999997
12.960197 77.53079600000001
12.9469024 77.57143289999999
12.9570217 77.56949859999997
12.958569 77.56738500000006
12.9607487 77.53453839999997
12.9594054 77.53059099999996
12.9586963 77.55931029999999
12.9587831 77.56590260000007
12.9526976 77.56883900000003
12.9586038 77.55921460000002
12.9613653 77.5262424
12.9651041 77.5371715
12.9669336 77.53683869999998
12.915883 77.65076700000009
12.9075968 77.65087900000003
12.9048538 77.67601969999998
12.9040939 77.6760342
12.904526 77.62638500000003
12.9610598 77.57230379999999
12.9574179 77.60504689999993
12.9564072 77.58280669999999
12.9603771 77.59295299999997
12.9821657 77.60427700000002
12.9640845 77.5982315
12.9805246 77.60344620000001
12.9603179 77.59596119999992
12.9642722 77.58963240000003
12.968067 77.52396699999997
12.9530283 77.59815730000003
12.9755446 77.53142950000006
12.965762 77.60011789999999
12.9822629 77.6033883
12.9607445 77.5715983
12.971579 77.57734099999993
12.952478 77.57724800000005
12.9753598 77.54215199999999
12.957794 77.60450200000002
12.9820827 77.59837340000001
12.962331 77.53422
12.970686 77.537687
12.9713429 77.57757190000007
12.961617 77.5222
12.9730049 77.54170709999994
12.9715987 77.59456269999998
12.9814977 77.53439249999997
12.9593048 77.52652030000002
12.9723897 77.60870399999999
12.9706947 77.59733840000001
12.951528 77.59672499999999
12.962791 77.57629700000007
12.9651189 77.59585219999997
12.9576607 77.58809389999999
12.9756145 77.59346210000001
12.9713663 77.58692080000003
12.9715987 77.59456269999998
12.9570479 77.5407219
12.9729919 77.5702695
12.9549517 77.56832559999998
12.9685213 77.5349486
12.953482 77.54069700000002
12.9708816 77.53672419999998
12.9679958 77.59166049999999
12.9613215 77.56088550000004
12.95799 77.59241199999997
12.9749311 77.58121549999998
12.974559 77.58941200000004
12.9567681 77.53066509999996
12.9652776 77.61029180000003
12.9769337 77.57881750000001
12.982342 77.61293599999999
12.964771 77.59645899999998
12.9555732 77.55795250000006
12.9821803 77.55408109999996
12.9645933 77.59711519999996
12.9644018 77.58813209999994
12.9815536 77.55549350000001
12.9644377 77.5427383
12.9705013 77.58638399999995
12.9658365 77.57626170000003
12.9715987 77.59456269999998
12.9721916 77.57351340000002
12.9549889 77.57430260000001
12.957453 77.52762200000006
12.9550739 77.61207660000002
12.9661549 77.606266
12.9532 77.57155
12.974535 77.56373310000004
12.9661659 77.55495610000003
12.960305 77.57390710000004
12.982467 77.53108299999997
12.9519598 77.57041809999998
12.9705371 77.52653629999998
12.9570929 77.56444650000003
12.9715384 77.60670099999993
12.98207 77.60356999999999
12.9772753 77.60868149999999
12.982688 77.61256100000003
12.9731027 77.57251539999993
12.9715987 77.59456269999998
12.9609733 77.56031800000005
12.960917 77.53408300000001
12.9788403 77.54200200000002
12.9698858 77.53327960000001
12.9641376 77.5843241
12.960439 77.53030899999999
12.9512169 77.59531730000003
12.9806823 77.55841439999995
12.978426 77.54890899999998
12.9576758 77.52720039999997
12.9805966 77.57478070000002
12.9772753 77.60868149999999
12.9715987 77.59456269999998
12.9665725 77.5778229
12.9814977 77.53439249999997
12.9715987 77.59456269999998
12.9804225 77.5385751
12.9605348 77.60082569999997
12.9709165 77.55463559999998
12.925325 77.57729089999998
12.9595487 77.51130760000001
12.9225787 77.61941589999992
12.9338489 77.58403069999997
12.9065056 77.59593960000007
12.9975067 77.54436720000001
12.9959354 77.60824260000004
12.9975774 77.54579469999999
12.936326 77.58329959999992
12.949385 77.59757400000001
13.000993 77.563984
12.9459472 77.56747250000001
12.9476337 77.59249810000006
13.0207201 77.67604870000002
12.9434146 77.57941430000005
12.9734582 77.75107960000003
13.0305939 77.53555210000002
12.9979591 77.54048990000001
12.9332322 77.58189549999997
13.014168 77.55603599999995
13.028046 77.56962829999998
12.958649 77.64910299999997
13.0157886 77.56345510000006
12.9483309 77.69955389999996
12.9882233 77.59216379999998
12.9377091 77.58041709999998
12.9401679 77.57650139999998
12.934111 77.62957699999993
12.9207104 77.59014439999999
12.9653521 77.63818409999999
12.9777845 77.64643180000007
13.011523 77.54379300000005
12.999758 77.55050899999992
13.081756 77.540929
12.9935337 77.55035309999994
12.9018014 77.71534040000006
12.941939 77.55358899999999
12.917257 77.58198900000002
13.015333 77.63609999999994
13.018434 77.63637740000001
12.9856676 77.64410380000004
13.002567 77.63440000000003
13.0080044 77.62210299999992
12.9424134 77.58558879999998
13.021837 77.64708599999994
13.0029426 77.63474819999999
12.9205003 77.57353910000006
12.9899395 77.59446839999998
12.939856 77.62563699999998
13.0033115 77.60384539999995
13.008505 77.56844699999999
12.9557195 77.69100449999996
12.924433 77.55346299999997
13.0198222 77.54183250000006
12.9526315 77.61494800000003
13.0130564 77.52458720000004
13.001923 77.66158100000007
12.911097 77.61442999999997
12.9280031 77.59959900000001
12.9250626 77.55023400000005
12.896128 77.59853450000003
13.0102732 77.61150959999998
12.9101798 77.59245779999992
12.9337407 77.62023279999994
12.9771258 77.75170330000003
12.9073667 77.5715715
12.9411312 77.55319970000005
12.9375691 77.59853509999994
12.993038 77.57620640000005
13.0262994 77.59514560000002
12.978289 77.63714900000002
12.9110121 77.57983160000003
12.9684136 77.61425839999993
12.917017 77.58301699999993
13.0001755 77.5461785
12.9903753 77.73367410000003
12.9373788 77.54956679999998
12.9168169 77.5756682
12.9737876 77.64614770000003
13.02647 77.59003000000007
12.8791612 77.64574360000006
12.9956757 77.56589880000001
12.9306942 77.56331290000003
12.9341319 77.62925510000002
12.9362833 77.58432370000003
12.95772 77.71335079999994
12.9483185 77.59409900000003
13.099519 77.5962376
12.9848126 77.55699909999998
12.9955596 77.53534349999995
12.9925096 77.70639649999998
12.9861934 77.58194579999997
13.0705743 77.50227930000005
12.997961 77.54339800000002
13.025265 77.62930299999994
12.9719652 77.6269519
13.0195677 77.59681309999996
13.011917 77.66594699999996
12.959728 77.63853500000005
13.0931178 77.3956005
13.0151588 77.63580769999999
12.9705384 77.62747960000002
13.0943907 77.58064139999999
12.9703573 77.63291060000006
12.9999782 77.56619439999997
12.999827 77.59943999999996
12.992849 77.55624
12.985235 77.54637460000004
13.0325853 77.55800649999992
13.000858 77.54995099999996
12.9775074 77.72503940000001
13.0927406 77.39547820000007
13.0247704 77.63702369999999
12.965269 77.71517700000004
12.9876438 77.60927040000001
13.0081415 77.56480770000007
12.9957289 77.54187909999996
13.036157 77.59998599999994
13.001462 77.62883599999998
13.0405491 77.57737650000001
13.0085113 77.49959220000005
13.0271968 77.5766959
13.0263573 77.60295480000002
13.068128 77.55792900000006
13.0176654 77.65467139999998
13.0169219 77.64316409999992
13.0961143 77.57887789999995
13.0123 77.65801699999997
13.024127 77.60037269999998
13.022183 77.63876700000003
13.047142 77.59862399999997
13.047713 77.59190390000003
13.0124055 77.53614619999996
13.0212085 77.65201690000004
13.045386 77.50827379999998
13.0229759 77.55374410000002
13.0285439 77.51971909999997
13.0214247 77.55459730000007
13.0135739 77.49005379999994
13.0791895 77.56245330000002
13.0127496 77.54400579999992
13.047764 77.50602000000003
13.0325929 77.63752699999998
13.0642719 77.58474189999993
13.081095 77.54155200000002
13.02278 77.63730099999998
13.0086531 77.63555610000003
13.0350599 77.52252939999994
13.047937 77.50202200000001
13.053662 77.71791200000007
13.0980263 77.57725319999997
13.028298 77.63366199999996
13.1079491 77.57690330000003
13.1035971 77.58375339999998
13.0126121 77.52145169999994
13.061768 77.59307000000001
13.0275155 77.54286920000004
13.0282316 77.56974760000003
13.0962873 77.57875979999994
13.076359 77.51716999999996
13.0223637 77.52057209999998
13.0963001 77.58442889999992
13.0790807 77.55884130000004
13.0392354 77.58198919999995
13.0561859 77.51004360000002
13.0074413 77.57841510000003
13.0303022 77.56054900000004
13.0239707 77.53652910000005
13.0109889 77.69733939999992
13.0200195 77.62857580000002
13.018465 77.65777200000002
13.008512 77.58367799999996
13.0851672 77.55319959999997
13.075737 77.5577581
13.013236 77.64987099999996
13.094568 77.58549199999993
13.0464 77.51482699999997
13.0197333 77.64751320000005
13.0427948 77.51263919999997
13.0841386 77.5305535
13.0461709 77.50646789999996
13.0127925 77.63175760000001
13.0303376 77.59089919999997
13.0205059 77.59237200000007
13.021763 77.55683499999998
13.0248 77.59416699999997
13.0376087 77.56504970000003
13.0301084 77.5607182
13.0091583 77.6924424
13.0987354 77.39121069999999
13.0397799 77.62298179999993
13.068493 77.55857889999993
13.0784117 77.58256430000006
13.0941725 77.5806235
13.0713163 77.5454843
13.06365 77.58783300000005
13.0676796 77.55991849999998
13.0969419 77.58949170000005
13.096 77.58856059999994
13.0995088 77.5934029
13.0615158 77.51842050000005
13.0652825 77.54302400000006
13.0983345 77.57737410000004
13.0754637 77.5579821
13.0566646 77.50724919999993
13.0692589 77.55962479999994
13.098769 77.59666100000004
13.0567304 77.53262470000004
13.0572377 77.58867320000002
13.0630313 77.64241130000005
13.0650144 77.50419639999996
13.0527974 77.60414190000006
13.1049928 77.57693990000007
13.0518724 77.50480319999997
13.111109 77.60377799999992
13.060216 77.627204
13.077278 77.51659300000006
13.0564498 77.50704989999997
13.096 77.58856059999994
13.070423 77.66010800000004
13.063601 77.59136899999999
13.063954 77.65036099999998
13.077987 77.63379299999997
13.0595758 77.57676420000007
13.0528058 77.5129296
13.094454 77.58601199999998
13.0700932 77.63294510000003
13.0635097 77.58585319999997
13.104384 77.612078
13.0707116 77.55422840000006
13.067004 77.50223840000001
13.056894 77.50364200000001
13.1042445 77.57131930000003
13.072442 77.63236200000006
13.0681984 77.57842310000001
13.06122 77.51926600000002
13.1142107 77.57894759999999
13.100765 77.5820314
13.0641417 77.58673939999994
13.102919 77.59737300000006
13.0733543 77.52116739999997
13.083502 77.63480449999997
13.055472 77.65283699999998
13.064888 77.51737500000002
13.108016 77.52063499999997
13.09765 77.59593300000006
13.1043231 77.60709459999998
13.0803204 77.55350569999996
13.1001204 77.58007980000002
13.0519818 77.64345060000005
13.10441 77.60520399999996
13.069446 77.55780700000003
13.1149992 77.56680419999998
13.0577886 77.50599920000002
13.0633775 77.67569349999997
13.060637 77.50672199999997
13.071982 77.63379199999997
13.0666996 77.5787732
13.0949469 77.57681419999994
13.063985 77.50523699999997
13.0642219 77.59219840000003
13.062418 77.497882
13.07058 77.56827299999998
13.0626785 77.55897349999998
13.0605192 77.58336659999998
13.100841 77.59457299999997
13.065829 77.53315700000007
13.076853 77.51723300000003
13.0666424 77.59585419999996
12.992378 77.70268299999998
12.9966279 77.55386899999996
12.991146 77.57787029999997
13.003743 77.57844810000006
12.9968993 77.66928419999999
12.998011 77.57151109999995
12.9839031 77.74395700000002
12.9779827 77.6461392
13.0692983 77.78978529999995
13.07 77.79999999999995
13.0760103 77.80999840000004
13.038506 77.52816800000005
13.0377617 77.57443349999994
13.0496939 77.55101530000002
13.0437872 77.5108583
13.1376034 77.60324689999993
13.0615289 77.46119859999999
13.0743255 77.78364859999999
13.038939 77.59848510000006
13.033659 77.56226900000001
13.0746449 77.78600600000004
13.032133 77.60481700000003
13.0300304 77.5555319
13.0740335 77.7855045
13.0409877 77.51786119999997
13.0405491 77.57737650000001
13.039433 77.57314999999994
13.1349586 77.58909670000003
13.0459823 77.64414139999997
13.032209 77.60469699999999
13.044583 77.55293299999994
13.0387441 77.49389470000006
13.0489369 77.55126339999993
13.040829 77.617571
13.047917 77.57606699999997
13.049746 77.64534100000003
13.0730956 77.78607579999994
13.031516 77.67037900000003
13.0333742 77.67423970000004
13.0577388 77.46016129999998
13.050606 77.51184599999999
13.0323766 77.55931169999997
13.0302306 77.48187299999995
13.0340536 77.60918270000002
13.0332605 77.55495250000001
13.033517 77.59928300000001
13.036594 77.65488499999992
13.1215912 77.61257
13.058744 77.56077600000003
13.058316 77.58503799999994
13.0630848 77.59167260000004
13.072042 77.55574899999999
13.0833658 77.55345579999994
13.0675039 77.5569696
12.85264 77.66747099999998
12.809284 77.69518199999993
12.813143 77.58206429999996
12.9162269 77.63746530000003
12.9185615 77.59918749999997
12.9160073 77.55489890000001
12.9417273 77.55768590000002
12.9331923 77.58446460000005
12.9376031 77.5666268
12.9227598 77.58586600000001
12.923841 77.57637299999999
12.882819 77.60205599999995
12.9311047 77.49298620000002
12.9356536 77.60802000000001
12.9162699 77.58316630000002
12.9291385 77.61681509999994
12.918015 77.56022299999995
12.9198686 77.52019640000003
12.9401871 77.57388730000002
12.942026 77.56461300000001
12.903145 77.64119800000003
12.920733 77.58667200000002
12.919467 77.612933
12.9386958 77.56226479999998
12.924276 77.67385999999999
12.941333 77.746983
12.926333 77.60895600000003
12.922807 77.67323199999998
12.916919 77.59434299999998
12.9165226 77.62320479999994
12.916344 77.63603499999999
12.9421835 77.61738020000007
12.90648 77.648953
12.891233 77.56138299999998
12.9180735 77.5591776
12.9404731 77.55782150000005
12.9342391 77.62286940000001
12.936364 77.62714699999992
12.8703891 77.6594804
12.930106 77.57627600000001
12.9150635 77.62437879999993
12.9130165 77.67966109999998
12.926352 77.586994
12.9277157 77.54634999999996
12.8948128 77.60813529999996
12.9263178 77.60902720000001
12.931113 77.60695520000002
12.8924516 77.61010779999992
12.9165334 77.59314169999993
12.9216701 77.56956979999995
12.924931 77.5181407
12.936927 77.57861000000003
12.9063863 77.63068129999999
12.9128495 77.52181270000005
12.935365 77.54777999999999
12.91836 77.555833
12.923301 77.55987700000003
12.9379293 77.56847219999997
12.9354651 77.57393179999997
12.910666 77.60009400000001
12.920061 77.57883679999998
12.9274529 77.590597
12.9261743 77.60334220000004
12.8947936 77.59888980000005
12.8404159 77.65047630000004
12.8910331 77.56272220000005
12.8590654 77.61180179999997
12.895579 77.59938
12.896483 77.6078
12.892643 77.61063999999999
12.8809915 77.59800689999997
12.8821492 77.59578110000007
12.8721297 77.61667809999994
12.859038 77.61176550000005
12.8489655 77.65755030000003
12.8944759 77.56844799999999
12.890597 77.58203300000002
12.886229 77.60264200000006
12.8806954 77.58406889999992
12.8504495 77.65524260000007
12.8411997 77.64748069999996
12.8778163 77.62460950000002
12.8841651 77.56648900000005
12.8901265 77.59371039999996
12.8970168 77.60715779999998
12.884552 77.57013389999997
12.8833643 77.56650839999998
12.8497693 77.65049279999994
12.8950237 77.56132539999999
12.8560851 77.58893269999999
12.8696461 77.6531589
12.8816452 77.59578039999997
12.8880858 77.60160280000002
12.896161 77.62609399999997
12.874629 77.53924000000006
12.869013 77.62785699999995
12.892231 77.58118300000001
12.8828401 77.59597150000002
12.8883159 77.58022359999995
12.883614 77.60605799999996
12.8796852 77.59589189999997
12.8870739 77.582716
12.8420974 77.64597409999999
12.8743739 77.64052820000006
12.895808 77.58184840000001
12.8753989 77.5591703
12.844414 77.58471099999997
12.856162 77.58892900000001
12.8914482 77.57691849999992
12.8810102 77.60850270000003
12.8722106 77.61667790000001
12.8848612 77.5827064
12.877678 77.57962099999997
12.8902208 77.60921880000001
12.855282 77.58745699999997
12.8867814 77.64008779999995
12.877585 77.581595
12.8708044 77.65606100000002
12.871857 77.56587239999999
12.862008 77.56272200000001
12.878112 77.56929600000001
12.8831415 77.60773840000002
12.855538 77.58031200000005
12.896895 77.63101200000006
12.8562827 77.5887295
12.8757905 77.64804189999995
12.8814691 77.59704940000006
12.8828787 77.59598989999995
12.894272 77.62895200000003
12.884248 77.56944199999998
12.8766347 77.61778019999997
12.872152 77.65418299999999
12.8511958 77.65243340000006
12.883431 77.61893899999995
12.8869438 77.64039490000005
12.897728 77.61222599999996
12.8919253 77.62580839999998
12.882678 77.56540999999993
12.880819 77.62602800000002
12.897928 77.57077800000002
12.8950108 77.59829560000003
12.889307 77.57110699999998
12.8869053 77.595191
12.872532 77.56658100000004
12.8696245 77.5820857
12.890844 77.595596
12.8750914 77.56963389999999
12.8827218 77.54605289999995
12.8810578 77.6242168
12.887971 77.63991399999998
12.8710515 77.6552805
12.8746201 77.59507400000007
12.918247 77.58668999999998
12.913538 77.60320039999999
12.9326598 77.5854951
12.9316223 77.58248000000003
12.8771367 77.44719129999999
12.9295127 77.58217979999995
12.9169645 77.60069099999998
12.9236061 77.58548309999992
12.9168504 77.48084310000002
12.9216419 77.61022379999997
12.9335708 77.57410879999998
12.9351507 77.5474524
12.9004062 77.60057259999996
12.938221 77.54994699999997
12.936139 77.61227099999996
12.8991536 77.54950099999996
12.9313687 77.5820817
12.934027 77.54628300000002
12.9190706 77.57595349999997
12.935023 77.54730749999999
12.9325212 77.58401660000004
12.9160962 77.58870539999998
12.9171459 77.58403969999995
12.9388164 77.54450799999995
12.9077077 77.56511539999997
12.9252143 77.48342120000007
12.916704 77.60390699999994
12.9757353 77.51077650000002
12.976705 77.50988800000005
12.9471314 77.56479779999995
12.9481238 77.56362939999997
12.9490919 77.56322869999997
12.9485395 77.5613184
12.9464151 77.48738249999997
12.9746 77.54928300000006
12.9733355 77.53801199999998
12.947265 77.56439899999998
12.9715952 77.53966539999999
12.9609518 77.53302800000006
12.9455849 77.53871249999997
12.975467 77.54066699999998
12.9579087 77.53374489999999
12.975098 77.52124800000001
12.971626 77.5438451
12.975479 77.53299800000002
12.9779332 77.51168860000007
12.953233 77.52576699999997
12.95794 77.56207999999992
12.974198 77.534584
12.95356 77.55947500000002
12.955317 77.56393300000002
12.964831 77.53927199999998
12.959767 77.55925000000002
12.965117 77.52311699999996
12.958404 77.50030909999998
12.961567 77.52186499999993
12.965785 77.55569000000003
12.9739398 77.5479487
12.9583377 77.50022469999999
12.956231 77.48007329999996
12.961535 77.56032499999992
12.972057 77.50484800000004
12.960308 77.54639599999996
12.9721499 77.53990099999999
12.9578935 77.55351769999993
12.971925 77.51280900000006
12.9600971 77.54621229999998
12.9557183 77.5579113
12.9556411 77.54853449999996
12.9754034 77.53577470000005
12.9597689 77.53347200000007
12.9729269 77.54200779999996
12.973772 77.54899599999999
12.9725221 77.54274639999994
12.9537039 77.516258
12.9599101 77.5482217
12.975743 77.55857800000001
12.972233 77.52340900000002
12.9576735 77.51164859999994
12.975743 77.55857800000001
12.97175 77.52818300000001
12.956989 77.56373299999996
12.962916 77.53448500000002
12.9691029 77.53495799999996
12.975033 77.50925699999993
12.968935 77.50004000000001
12.975636 77.55622900000003
12.9491288 77.56322709999995
12.9755772 77.54168630000004
12.9613862 77.54855129999999
12.9526016 77.5256511
12.9707786 77.52359469999999
12.9842559 77.559303
12.9896247 77.53882410000006
12.981915 77.51089100000002
12.98665 77.53691700000002
12.9844963 77.55518010000003
12.986974 77.55067600000007
12.9849815 77.55334399999992
12.9898748 77.55387659999997
12.9831124 77.54102779999994
12.9807016 77.51266379999993
12.98785 77.53549999999996
12.983017 77.53091700000004
12.981914 77.53174100000001
12.9840239 77.53778639999996
12.9857522 77.52655030000005
12.9838772 77.55959540000003
12.979033 77.539083
12.989954 77.50212899999997
12.9837459 77.55484939999997
12.9853209 77.48473460000002
12.987483 77.51870199999996
12.981246 77.534672
12.9787302 77.53982610000003
12.9785094 77.51648030000001
12.9783835 77.51014209999994
12.9837459 77.55484939999997
12.985866 77.52506700000004
12.9855107 77.53724920000002
12.985697 77.52675699999998
12.9893109 77.50080839999998
12.992487 77.53327960000001
12.9953233 77.53913510000007
12.9979091 77.54326349999997
12.9954034 77.53689350000002
12.9978653 77.54358589999993
12.99495 77.53481699999998
12.9964004 77.5428895
12.9924756 77.53154070000005
12.9956106 77.53987039999993
12.9927746 77.52942499999995
12.995469 77.52213800000004
12.9889767 77.537912
12.985615 77.53706199999999
12.993514 77.50442399999997
12.9827544 77.5309092
12.9863925 77.53398170000003
12.991969 77.50718099999995
12.983738 77.53560300000004
12.989608 77.53835700000002
12.9913939 77.53806420000001
12.989945 77.50521300000003
12.9855205 77.52707459999999
12.998735 77.54036399999995
12.987044 77.50294600000007
12.9837638 77.52843329999996
12.9991573 77.50330550000001
12.9899123 77.53796999999997
12.989711 77.540569
12.9939209 77.53908990000002
12.989632 77.54188199999999
12.9882992 77.53730619999999
12.9929541 77.5388074
12.98539 77.52513599999997
12.989417 77.53340300000002
12.9890855 77.50805300000002
12.9947978 77.53979529999992
12.9889839 77.51358349999998
12.997813 77.54362349999997
12.9919293 77.53560330000005
12.9927066 77.54231389999995
12.9973874 77.53309890000003
12.98388 77.53818799999999
12.9925312 77.53882969999995
12.997053 77.55122099999994
13.0067522 77.56173420000005
13.0035989 77.56555639999999
13.002245 77.54904099999999
13.002466 77.55005299999993
13.0066223 77.56007279999994
12.999137 77.48879099999999
12.9921688 77.557233
13.001442 77.55019399999992
13.0040422 77.56534239999996
13.00004 77.55713000000003
13.0037396 77.56671019999999
12.9993407 77.56101260000003
12.99069 77.55066
13.0064348 77.55448810000007
12.99383 77.55057999999997
12.9923732 77.55688950000001
12.9907492 77.56489729999998
13.004674 77.54977989999998
12.9904318 77.55660469999998
12.9906324 77.55334399999992
13.0017785 77.54733009999995
13.0045402 77.54325349999999
12.9902829 77.56447700000001
12.9966432 77.56433960000004
12.998727 77.55511139999999
13.005267 77.59929999999997
13.003082 77.57137499999999
13.006732 77.59920299999999
13.0039339 77.60394559999997
13.0212465 77.60709270000007
13.015017 77.55975000000001
13.0254537 77.59143589999996
13.0287281 77.60260189999997
13.0224299 77.5940938
13.0236281 77.59204720000002
13.0268269 77.59103249999998
13.0236869 77.57212500000003
13.0212131 77.53571139999997
13.0295015 77.55936769999994
13.0204463 77.53686719999996
13.0072424 77.57101490000002
13.0214192 77.55356789999996
13.011133 77.54398300000003
13.026742 77.57876199999998
13.028852 77.56154839999999
13.0216412 77.59280439999998
13.022967 77.60805000000005
13.0220549 77.5576777
13.005417 77.57191699999998
13.0263739 77.58996009999998
13.0241733 77.60335029999999
13.0119335 77.60562749999997
13.0103164 77.58056850000003
13.0223141 77.59489459999998
13.0261737 77.58930609999993
13.0137411 77.5835065
13.0288 77.59376700000007
13.0119335 77.60562749999997
13.028983 77.57883300000003
13.0069508 77.56902790000004
13.0191949 77.54346409999994
13.007883 77.54750000000001
13.0294378 77.55937990000007
13.0061988 77.57714629999998
13.020595 77.59355499999992
13.0103471 77.53903730000002
13.028171 77.573444
13.021488 77.55565899999999
13.0063569 77.60001710000006
13.010318 77.53309899999999
13.029651 77.59448199999997
13.0276217 77.55345650000004
13.025834 77.59141850000003
13.0234834 77.59159550000004
13.0296977 77.59120699999994
13.0308387 77.55989899999997
13.0271423 77.57807609999998
13.0258029 77.59353880000003
13.0261514 77.55882029999998
13.0301898 77.57793199999992
13.0265817 77.56624060000001
13.018966 77.58692399999995
13.024351 77.58313720000001
13.0276462 77.55780099999993
13.021538 77.55362300000002
13.022345 77.55565899999999
13.0178619 77.59204539999996
13.0250566 77.58665689999998
13.019816 77.59556150000003
13.028405 77.58894599999996
13.0321601 77.55832880000003
13.0247426 77.58908559999998
13.0295215 77.56833570000003
13.027342 77.57676900000001
13.0247325 77.59543239999994
13.022734 77.55919999999992
13.0257935 77.6142079
13.0218685 77.6130604
13.0205127 77.6157882
13.0081415 77.56480770000007
13.013699 77.53109700000005
13.0135741 77.52092629999993
13.0119345 77.55285140000001
13.0167899 77.59739860000002
13.008754 77.52639599999998
12.976158 77.6242949
12.9838935 77.67878129999997
12.999867 77.61111699999992
12.9778158 77.65840530000003
12.9865548 77.60018179999997
12.9942023 77.6090398
12.99497 77.65491939999993
12.9969734 77.58718850000002
12.9786104 77.64125530000001
12.995287 77.61084900000003
12.976958 77.636258
12.9830772 77.60510580000005
12.9990522 77.61578199999997
13.000487 77.61665599999992
12.987007 77.59840299999996
12.97591 77.65425099999993
12.9866996 77.59586519999993
12.983234 77.59482449999996
12.9814722 77.61921389999998
12.9808161 77.64597819999994
12.9962796 77.66778049999994
12.9949933 77.59600499999999
12.994649 77.66680509999992
12.984141 77.61171300000001
12.9780954 77.63858200000004
12.9896463 77.59275530000002
12.9962 77.61273299999993
12.996544 77.62226179999993
12.9949135 77.61605350000002
12.986326 77.60624200000007
12.9840257 77.59916720000001
12.9812459 77.63714589999995
12.9983068 77.62004100000001
12.9900538 77.60927489999995
12.9934243 77.67320840000002
12.984235 77.6442432
12.9753725 77.62187349999999
12.9910869 77.59202949999997
12.997961 77.672278
12.985531 77.60167100000001
12.9862044 77.66240349999998
12.985762 77.58415020000007
12.977435 77.62708629999997
12.9921321 77.60948570000005
12.988278 77.67026899999996
13.0034196 77.67222390000006
12.986117 77.60200399999997
12.9893844 77.60240180000005
12.9791648 77.64371370000003
12.990417 77.59134999999992
12.9832453 77.59573279999995
13.0073301 77.6409903
12.9971503 77.61425580000002
12.9884166 77.60993499999995
12.9784578 77.63077679999992
12.984895 77.60232900000005
12.984379 77.61155699999995
12.975584 77.64681500000006
13.0064289 77.63083759999995
12.9913126 77.60456529999999
12.987042 77.61448680000001
13.0014778 77.61062849999996
13.0001966 77.61758680000003
12.979026 77.62670030000004
13.000947 77.61304900000005
13.0077095 77.6506349
12.9879383 77.61935870000002
12.9893907 77.58130770000002
12.9810708 77.59108390000006
12.999388 77.66266029999997
12.9467109 77.59609760000001
12.9544448 77.62234230000001
12.9467423 77.56796129999998
12.9496471 77.58008819999998
12.95896 77.64904999999999
12.934234 77.61641299999997
12.9487293 77.56751699999995
12.9337711 77.62026059999994
12.9350648 77.63373839999997
12.933925 77.61604699999998
12.9484978 77.60006650000003
12.9388295 77.62350270000002
12.9403917 77.59883020000007
12.9338277 77.62019050000004
12.939904 77.57242700000006
12.9338979 77.61605989999998
12.9419363 77.56434790000003
12.958291 77.63560000000007
12.9492203 77.62663789999999
12.93481 77.61619900000005
12.9308645 77.61886849999996
12.9586261 77.64907459999995
12.9294458 77.56401219999998
12.9374038 77.58494730000007
12.9388569 77.57854020000002
12.929603 77.57638900000006
12.9451925 77.57823940000003
12.9460869 77.57039770000006
12.9339002 77.58431559999997
12.932026 77.590371
12.954117 77.61663299999998
12.943386 77.57109400000002
12.948292 77.59715200000005
12.934167 77.58400000000006
12.9544195 77.62098579999997
12.948783 77.59836910000001
12.941983 77.56426699999997
12.9321537 77.62940419999995
12.9453934 77.57123619999993
12.946563 77.60131999999999
12.9461687 77.59520399999997
12.9044287 77.63545799999997
12.9131125 77.63521160000005
12.9073971 77.64543379999998
12.9167184 77.63773620000006
12.9240855 77.56582589999994
12.9287175 77.62862640000003
12.9166478 77.59992239999997
12.9235365 77.59221109999999
12.9239413 77.64818860000003
12.9057038 77.58517989999996
12.907443 77.627429
12.915033 77.63686699999994
12.921709 77.57206159999998
12.926017 77.62862199999995
12.9104825 77.58920030000002
12.9204163 77.59715299999993
12.9260022 77.59705639999993
12.9188481 77.6381758
12.9175513 77.59484980000002
12.910491 77.5857168
12.92128 77.59365600000001
12.8239759 77.60171209999999
12.854899 77.6679292
12.8543917 77.66530869999997
12.8614582 77.67504570000006
12.8730809 77.66735889999995
12.870615 77.65584100000001
12.871633 77.66206499999998
12.797714 77.52869299999998
12.8067313 77.69474689999993
12.83546 77.68032900000003
12.907185 77.67549899999995
12.8115394 77.69306259999996
12.8070085 77.69576380000001
12.8994354 77.65902619999997
12.9111916 77.51998189999995
12.9024554 77.52006860000006
12.91024 77.59253999999999
12.9072923 77.56385090000003
12.9046979 77.49000380000007
12.8985327 77.62630839999997
12.906818 77.54518400000006
12.8178234 77.66867830000001
12.797602 77.70628910000005
12.9078524 77.47800230000007
12.9 77.48333300000002
12.9056738 77.54293140000004
12.9055889 77.54252050000002
12.9057268 77.54236449999996
12.8613484 77.78299930000003
12.8792887 77.75352450000003
12.9057146 77.56300859999999
12.9088477 77.5639764
12.8792077 77.75442969999995
12.9063747 77.63056759999995
12.9057361 77.54235389999997
12.8813966 77.73733140000002
12.9112219 77.57315629999994
12.8980278 77.61855969999999
12.900312 77.62711999999999
12.911033 77.57850600000006
12.9044257 77.54969899999992
12.909833 77.55028300000004
12.902983 77.52178300000003
12.7790121 77.77099369999996
12.7544129 77.62493840000002
12.8270214 77.67671410000003
12.780116 77.63447399999995
12.8346487 77.74569509999992
12.796159 77.61649499999999
12.8095167 77.69556060000002
12.8070651 77.69460000000004
12.8299229 77.67638220000003
12.8094716 77.6697792
12.826267 77.678313
12.8085556 77.6992778
12.800188 77.50845900000002
12.784227 77.64010499999995
12.806928 77.78327100000001
12.803138 77.704656
12.780673 77.64277199999992
12.829728 77.69012299999997
12.815655 77.69094070000006
12.8101065 77.5890273
12.803897 77.5905957
12.81242 77.69403199999999
12.7539796 77.62411159999999
12.7790942 77.77100510000002
12.826096 77.68141200000002
12.80461 77.50875199999996
12.7971779 77.70641520000004
12.9028538 77.56470030000003
12.901509 77.62332700000002
12.9004921 77.58642540000005
12.901516 77.56116099999997
12.9035117 77.6273453
12.8980997 77.65812900000003
12.9031751 77.56037390000006
12.903948 77.62736399999994
12.9032725 77.54826300000002
12.900658 77.58679600000005
12.90105 77.62480900000003
12.900137 77.58835199999999
12.90209 77.57698700000003
12.883396 77.54859399999998
12.8829928 77.54707689999998
12.888596 77.61605899999995
12.888421 77.65159700000004
12.8911368 77.59495479999998
12.886236 77.62034210000002
12.892858 77.61893699999996
12.889268 77.63990999999999
12.878158 77.54527600000006
12.9419821 77.54827109999997
12.900137 77.58835199999999
12.8991779 77.62650329999997
12.899884 77.58988099999999
12.898911 77.62585100000001
12.9005821 77.60041249999995
12.8979477 77.58598129999996
13.050336 77.55290100000002
13.0451777 77.5202736
13.047064 77.51423499999999
13.0477076 77.54950989999998
13.046057 77.51219800000001
13.045858 77.51731700000005
13.04764 77.51994200000001
13.0116335 77.50976530000003
13.0483361 77.50789110000005
13.0378233 77.55341550000003
13.0408678 77.58285249999994
13.035499 77.57011599999998
13.0363998 77.55354899999998
13.03224 77.52663499999994
13.0262286 77.50689399999999
13.0428766 77.55976439999995
13.03425 77.559302
13.045189 77.56692699999996
13.0431954 77.55378710000002
13.0295539 77.50827749999996
13.034877 77.55513500000006
13.0389183 77.56553499999995
13.036702 77.51493800000003
13.040553 77.59064880000005
13.0402 77.59201699999994
13.039947 77.51769100000001
13.043159 77.51216299999999
13.028087 77.51207999999997
13.0356727 77.56768620000003
13.0423462 77.57973479999998
13.048228 77.56932919999997
13.0503889 77.50758930000006
13.039325 77.51811199999997
13.033607 77.53882099999998
13.0376253 77.56534169999998
13.034633 77.56115
13.0421326 77.51548449999996
13.040734 77.51708699999995
13.038017 77.57413300000007
13.053154 77.60104799999999
13.097834 77.39488860000006
13.0540656 77.71775090000006
13.057704 77.480414
13.0567102 77.48021070000004
13.078437 77.42881399999999
13.060974 77.46183300000007
13.1722595 77.56115790000001
13.087419 77.41100600000004
13.0755538 77.52993590000005
13.049298 77.62938400000007
13.004447 77.710598
12.7081 77.69425999999999
12.860087 77.72584000000006
12.898653 77.65147100000002
12.9267782 77.66981809999993
12.919139 77.66826600000002
12.9645335 77.68653829999994
12.918935 77.54230499999994
12.925905 77.5486909
12.9162207 77.55898419999994
12.9279856 77.55184750000001
12.9230966 77.56436200000007
12.9259448 77.56431539999994
12.9278225 77.55188840000005
12.9264994 77.55044840000005
12.9133141 77.56199249999997
12.922018 77.55096600000002
12.922467 77.55608299999994
12.9195589 77.52046629999995
12.926873 77.55082400000003
12.9248782 77.56416079999997
12.9259004 77.54866219999997
12.913489 77.55894899999998
12.9232594 77.55509800000004
12.9184177 77.5549284
12.917489 77.52430500000003
12.92422 77.51911999999993
12.9180151 77.55951189999996
12.9225531 77.55277049999995
12.91577 77.54745000000003
12.9192157 77.52074800000003
12.9158483 77.55477700000006
12.925043 77.55102999999997
12.9149409 77.56100519999995
12.9266001 77.52104099999997
12.9179095 77.56079869999996
12.9204773 77.55122979999999
12.9185274 77.55495350000001
12.9203794 77.5189901
12.9182438 77.55699900000002
12.9415975 77.52457509999999
12.9414566 77.52455770000006
12.941547 77.52598460000002
12.9435733 77.52594520000002
12.9443687 77.55517239999995
12.9275176 77.56897200000003
12.9392748 77.55589989999999
12.940867 77.56043299999999
12.9241963 77.57317660000001
12.938067 77.57191699999998
12.9309543 77.51538089999997
12.9378453 77.56971670000007
12.9447138 77.57319690000008
12.9271761 77.57496409999999
12.923807 77.56778179999992
12.9374266 77.56847649999997
12.9359246 77.54794379999998
12.938852 77.57853969999996
12.9250475 77.48975280000002
12.940665 77.50760089999994
12.9422866 77.54826809999997
12.9436753 77.52686040000003
12.93085 77.577583
12.9292172 77.54869180000003
12.946317 77.56991700000003
12.9247651 77.57684059999997
12.9418305 77.55698830000006
12.9422304 77.57483760000002
12.9349968 77.56085600000006
12.939833 77.57273299999997
12.9241963 77.57317660000001
12.9376775 77.57181659999992
12.923687 77.57304969999996
12.942758 77.52039000000002
12.928246 77.57770310000001
12.944562 77.52530000000002
12.9445541 77.52781729999992
12.944562 77.52530000000002
12.96021 77.49385699999993
12.951299 77.49513000000002
12.95987 77.51694599999996
12.9542403 77.51756669999997
12.9474903 77.49672989999999
12.9487799 77.52752829999997
12.958838 77.53307100000006
12.941583 77.55863299999999
12.941833 77.55351700000006
12.9429192 77.48851689999992
12.94216 77.49097200000006
12.9425608 77.547101
12.9393191 77.55835950000005
12.944081 77.55472899999995
12.944905 77.54149200000006
12.96152 77.54805899999997
12.96984 77.54562699999997
12.970534 77.51091599999995
12.9697306 77.53316960000006
12.9698858 77.53327960000001
12.9425885 77.52591189999998
12.966367 77.52987600000006
12.942691 77.48345900000004
12.957057 77.54546200000004
12.9587678 77.55737049999993
12.9672656 77.5381946
12.9654044 77.52336409999998
12.958196 77.54611899999998
12.9579308 77.54136110000002
12.9692773 77.5245023
12.937769 77.48083599999995
12.9450255 77.5473121
12.9673519 77.5034058
12.96354 77.52629639999998
12.968032 77.53047300000003
12.9644546 77.54271459999995
12.9631232 77.5045609
12.9614679 77.5231268
12.9650763 77.52989109999999
12.968032 77.53047300000003
12.964353 77.54274800000007
12.968309 77.52444400000002
12.9627581 77.50430899999992
12.9420847 77.49104820000002
12.965355 77.53215
12.9630182 77.52638890000003
12.96109 77.50946699999997
12.963403 77.52229799999998
12.9674542 77.53585509999994
12.9611363 77.52729620000002
12.9610549 77.51225309999995
12.9876783 77.57253809999997
12.98676 77.57555400000001
12.9916105 77.5727114
12.991878 77.576953
12.9910772 77.57399320000002
12.9864004 77.57911660000002
12.996833 77.57278300000007
13.0387206 77.49384639999994
13.035744 77.49589200000003
13.033289 77.49062300000003
13.037439 77.50249600000006
13.038407 77.50416700000005
13.037156 77.52916099999993
13.0497399 77.50440730000003
13.057102 77.50879099999997
13.039416 77.50006800000006
13.0592038 77.46044419999998
13.060974 77.46183300000007
