12.969044 77.57684500000005
12.958557 77.58752500000003
12.9720408 77.57678080000005
12.957867 77.58293300000003
12.976517 77.522967
12.9599163 77.58322099999998
12.965019 77.52317900000003
12.970033 77.57508299999995
12.95702 77.58024
12.9579846 77.53542949999996
12.9606293 77.60040070000002
12.954814 77.58286299999997
12.972467 77.54848300000003
12.9591289 77.53802350000001
12.97035 77.57166699999993
12.961083 77.537283
12.9691355 77.54699699999992
12.967796 77.57052599999997
12.9615 77.52205000000004
12.9715987 77.59456269999998
12.964608 77.54927900000007
12.9698858 77.53327960000001
12.9715987 77.59456269999998
12.9715987 77.59456269999998
12.9821 77.55865900000003
12.9647263 77.59413769999992
12.9720408 77.57678080000005
12.9689129 77.57717000000002
12.9709167 77.597622
12.9771859 77.55280670000002
12.982296 77.60650499999997
12.960113 77.569435
12.9516707 77.59176819999993
12.957295 77.53159000000005
12.972296 77.574345
12.9720408 77.57678080000005
12.9715987 77.59456269999998
12.9646681 77.58403139999996
12.960521 77.59709829999997
12.9721099 77.57966469999997
12.93835 77.58011699999997
12.974983 77.62163299999997
12.9318048 77.55928429999994
12.97895 77.61798299999998
12.9294706 77.5742851
12.992603 77.62354099999993
12.933821 77.55841599999997
12.943243 77.565249
12.958207 77.63840099999993
12.9465159 77.59477760000004
12.9411776 77.59243719999995
12.9849452 77.60769890000006
12.990386 77.66376560000003
12.938567 77.55346699999996
12.9935158 77.592041
12.9455888 77.57125559999997
12.9718915 77.64115449999997
12.944167 77.55406700000003
12.97135 77.50741700000003
12.992683 77.59191699999997
12.972599 77.64876000000004
12.972623 77.64485960000002
12.9875366 77.55418789999999
12.947309 77.54832820000001
12.9911182 77.54964530000007
12.930133 77.55266699999993
12.9393915 77.57817509999995
12.9536468 77.62139300000001
12.9903648 77.53852140000004
12.9865548 77.60018179999997
12.92975 77.53880000000004
12.929083 77.50906699999996
12.989917 77.66404999999997
12.928186 77.60935700000005
12.9923732 77.55688950000001
12.931813 77.56738900000005
12.987263 77.52824799999996
12.986641 77.49042899999995
12.98819 77.54928999999993
12.9857933 77.52625599999999
12.9449863 77.5710186
12.989694 77.52720799999997
12.928349 77.549578
12.934169 77.56758500000001
12.935307 77.55853100000002
12.9884614 77.60845139999992
12.9401 77.58191699999998
12.938566 77.55649799999992
12.984414 77.56248549999998
12.988567 77.61303299999997
12.9900293 77.57451679999997
12.989617 77.56383299999993
12.9803123 77.51159899999993
12.9755011 77.63158429999999
12.910491 77.5857168
12.994888 77.61198200000001
12.992073 77.71756200000004
12.887239 77.592852
12.980233 77.67971699999998
13.001042 77.612436
12.9977079 77.65420500000005
12.904956 77.58577100000002
13.0168137 77.59173220000002
12.9196341 77.55538690000003
13.008792 77.65679399999999
13.000129 77.54490399999997
12.9186556 77.58945779999999
12.9957289 77.54187909999996
12.8852267 77.5672022
12.999417 77.67566699999998
13.011267 77.67418299999997
12.982633 77.67373300000008
12.9996849 77.55275710000001
12.997567 77.57124999999996
12.916833 77.54200000000003
13.010783 77.61616700000002
13.0162 77.66836699999999
12.995392 77.56511899999998
12.9988946 77.55082689999995
13.0015612 77.57483760000002
12.914065 77.58185500000002
13.001693 77.56382000000008
13.0046452 77.57851860000005
12.918083 77.55185000000006
13.00428 77.61392000000001
12.9224 77.58718299999998
12.9270083 77.58890259999998
12.9969221 77.53005469999994
12.9186 77.55780000000004
13.0037311 77.56243889999996
13.0033153 77.69975520000003
13.00855 77.61281699999995
13.0139366 77.65895309999996
12.9180125 77.57346099999995
13.0063832 77.50416480000001
12.996619 77.6042056
13.033261 77.57895800000006
13.024584 77.62672599999996
13.0245231 77.64072579999993
13.0229715 77.56033300000001
13.0435086 77.54633690000003
13.0293408 77.50822640000001
13.0374091 77.56458659999998
13.0339001 77.51321170000006
13.0189334 77.55743480000001
13.020933 77.60016700000006
13.0255 77.64113299999997
13.030843 77.61971119999998
13.018667 77.59881700000005
13.056917 77.50293299999998
13.1023 77.576817
13.0265817 77.56624060000001
13.0668 77.50606700000003
13.02995 77.56214999999997
13.042567 77.57690000000002
13.0460094 77.51394440000001
13.038113 77.60470439999995
13.081783 77.54809999999998
12.909033 77.55761000000007
12.90525 77.54336
12.869615 77.5335
12.910603 77.60006199999998
12.924519 77.61670370000002
12.922637 77.61744399999998
12.9227822 77.612394
12.9083283 77.5897903
12.8948994 77.63425340000003
12.9214062 77.64963439999997
12.9074895 77.52091759999996
12.925555 77.48720500000002
12.878981 77.44626900000003
12.9971655 77.57833289999996
13.0063201 77.57306900000003
12.995482 77.62809500000003
13.0058501 77.55669999999998
12.995514 77.616355
12.99786 77.52843200000007
13.0235915 77.55863249999993
13.02875 77.578933
13.024433 77.59603300000003
13.0267617 77.59919209999998
13.0244231 77.51899270000001
13.026284 77.56057129999999
13.023003 77.5580013
13.036325 77.55585199999996
13.022719 77.56124090000003
13.027966 77.54091599999992
13.034083 77.56085000000007
13.0196919 77.55805239999995
13.05764 77.50720309999997
13.098646 77.59648800000002
13.0718153 77.63081510000006
13.076271 77.52556800000002
13.099543 77.56492500000002
13.04518 77.581458
13.027233 77.61310000000003
12.993511 77.67361600000004
