12.9761975 77.60284969999998
12.964952 77.61219000000006
12.964583 77.58388300000001
12.972609 77.59626300000002
12.9707 77.57351700000004
12.971852 77.59652440000002
12.9588207 77.56220209999992
12.969364 77.576056
12.955065 77.58320600000002
12.9612986 77.5605746
12.9640353 77.58353590000002
12.9657168 77.58475190000001
12.962112 77.58426899999995
12.9785633 77.55116249999992
12.9648986 77.58292789999996
12.973617 77.60145
12.957031 77.59264800000005
12.962227 77.59153200000003
12.977742 77.54213600000003
12.9700756 77.57648180000001
12.962658 77.58979599999998
12.9612088 77.52213280000001
12.95772 77.53429400000005
12.9824053 77.5538573
12.9700178 77.60983599999997
12.974702 77.60832800000003
12.9717488 77.60637840000004
12.977182 77.57717500000001
12.979774 77.603614
12.96319 77.58159
12.957882 77.52319499999999
12.9746476 77.60971769999992
12.9745059 77.60764979999999
12.962102 77.59581200000002
12.954767 77.59155899999996
12.9666088 77.60789709999995
12.9524081 77.57737580000003
12.9647 77.583259
12.954825 77.56728900000007
12.957072 77.565021
12.9646681 77.58403139999996
12.9670064 77.60464849999994
12.980377 77.60352699999999
12.982206 77.60164899999995
12.979834 77.55774870000005
12.971333 77.60681
12.9700271 77.60657949999995
12.974083 77.613966
12.971567 77.58151699999996
12.9579846 77.53542949999996
12.964583 77.58388300000001
12.9575283 77.59261760000004
12.9705391 77.60664829999996
12.965756 77.58491200000003
12.964517 77.58383300000003
12.964583 77.58388300000001
12.97684 77.58001999999999
12.964495 77.58312000000001
12.96436 77.58058900000003
12.9714806 77.60700729999996
12.9540359 77.58012269999995
12.9715987 77.59456269999998
12.9594047 77.53240289999997
12.9651273 77.58404819999998
12.9629137 77.5497613
12.965813 77.52202799999998
12.960383 77.53510000000006
12.96474 77.58307500000001
12.964929 77.58461699999998
12.982792 77.54629999999997
12.964061 77.60369600000001
12.9631249 77.58322440000006
12.964321 77.58307839999998
12.96415 77.583707
12.964232 77.58334200000002
12.9715987 77.59456269999998
12.964167 77.584067
12.9615633 77.59496030000003
12.957052 77.56383099999994
12.975333 77.60505599999999
12.971715 77.57499800000005
12.9669858 77.57555709999997
12.9715987 77.59456269999998
12.9715987 77.59456269999998
12.980264 77.57460800000001
12.9647764 77.5823163
12.9712292 77.60689879999995
12.962233 77.52240000000006
12.964344 77.58345400000007
12.982144 77.54773739999996
12.9826564 77.60597989999997
12.9715987 77.59456269999998
12.975245 77.60509300000001
12.969483 77.60646700000007
12.9646131 77.57902769999998
12.9584616 77.55336450000004
12.956626 77.58064779999995
12.973767 77.61271699999998
12.976367 77.60291699999993
12.965844 77.58385499999997
12.938034 77.62749299999996
12.994429 77.61578639999993
12.9594884 77.74778130000004
12.9654785 77.61681320000002
12.9874689 77.60492180000006
12.978121 77.63982799999997
12.936534 77.62789300000009
12.92991 77.58353
12.9690942 77.65130920000001
12.936704 77.61339199999998
12.9913231 77.70606279999993
12.961309 77.63507900000002
12.969096 77.48107800000002
12.9467495 77.56907520000004
13.096303 77.57791759999998
12.8973479 77.58243349999998
12.9424244 77.62272370000005
12.9693003 77.6415048
12.9198154 77.5835753
12.95038 77.705333
12.972517 77.64941699999997
12.9447456 77.58607419999998
13.0210703 77.71196420000001
12.9063622 77.63041909999993
12.9140095 77.67785049999998
12.989185 77.49829799999998
13.040241 77.51869699999997
12.91529 77.5865569
12.9784414 77.63723200000004
13.000873 77.57080399999995
13.0160814 77.63629049999997
12.9799056 77.64159399999994
12.9970139 77.62017360000004
13.023275 77.59285799999998
13.032205 77.63118499999996
12.936746 77.69058640000003
13.022926 77.58943699999998
13.016205 77.67851900000005
12.9973875 77.5806887
12.9895596 77.55453190000003
13.036507 77.57474100000002
12.958735 77.65431699999999
12.9702844 77.64193709999995
13.049629 77.51670899999999
12.94205 77.55158299999994
12.9243143 77.55307540000001
12.930809 77.57761400000004
12.9343922 77.610997
13.023091 77.63642500000003
12.992884 77.66171789999999
12.9344246 77.58380169999998
12.9360297 77.61452299999996
13.0053114 77.5787358
12.946291 77.57151999999996
12.9855579 77.73988589999999
12.9849815 77.55334399999992
12.9306805 77.58268520000001
12.9370287 77.6270644
12.9741519 77.64137600000004
12.9931567 77.66218430000004
13.047713 77.59190390000003
12.9239479 77.58759050000003
12.9243897 77.58579269999996
12.941346 77.57981500000005
12.962381 77.67076999999995
12.931743 77.57349350000004
12.9416988 77.58546799999999
12.996879 77.69649200000003
12.9316556 77.62269590000005
12.921113 77.60058700000002
12.9406255 77.57867980000003
12.9844212 77.61432549999995
13.025871 77.62698
12.9916372 77.57102609999993
12.938006 77.62614299999996
12.952883 77.70029999999997
12.957093 77.70305800000006
12.952341 77.70026099999995
13.0232324 77.62932820000003
13.012453 77.67314699999997
12.9347498 77.61138719999997
12.961649 77.61716200000001
12.939665 77.584922
12.9704755 77.64764489999993
13.018938 77.51042000000007
13.022566 77.65778899999998
13.0030606 77.56191339999998
13.021418 77.64734299999998
13.0079848 77.66234580000003
13.008141 77.56480699999997
13.001537 77.57129299999997
12.969747 77.64132500000005
13.004025 77.55194800000004
12.974867 77.61913299999992
13.0042114 77.55150170000002
12.9904037 77.55837580000002
12.9711577 77.6490172
13.0241 77.59278300000005
12.9739867 77.62619199999995
12.9837593 77.55385819999992
12.9757928 77.61469069999998
12.9961123 77.54026870000007
13.00779 77.54765900000007
13.006783 77.57116700000006
12.9721388 77.6524293
12.9857872 77.59682939999993
12.969389 77.63728900000001
13.0222363 77.64676810000003
13.0252823 77.51034460000005
12.996936 77.57161900000006
13.003363 77.57127500000001
13.020279 77.67428799999993
12.9993254 77.57695109999997
12.9976439 77.5783705
13.007589 77.56096600000001
13.0030115 77.56529
12.9880095 77.59451319999994
12.9881602 77.57410010000001
12.9890918 77.57444809999993
12.9926263 77.58038999999997
13.0106895 77.5950077
12.9873168 77.62005210000007
12.9931973 77.59057180000002
12.991605 77.55614000000003
12.999309 77.57273499999997
13.0042447 77.55148699999995
12.9913284 77.55642379999995
12.9985745 77.55597779999994
12.9782029 77.63480449999997
13.0055636 77.5659369
12.980016 77.64005599999996
12.9852163 77.55569400000002
13.0068549 77.55091579999998
12.995806 77.57619999999997
12.99724 77.54605200000003
13.009838 77.62927000000002
13.0003083 77.56605689999992
12.991164 77.5575
12.9938368 77.58123820000003
12.9828 77.61151700000005
12.991952 77.57069899999999
12.99215 77.59431700000005
12.994086 77.57904899999994
12.993571 77.56580499999995
12.9789554 77.57483760000002
12.999517 77.60981700000002
13.0066067 77.63409380000007
12.9911182 77.54964530000007
12.9946788 77.55257069999993
13.001865 77.57524000000001
13.00772 77.61291000000006
12.9856339 77.55950600000006
12.9963588 77.57143129999997
12.9859835 77.56364770000005
13.00845 77.61220000000003
12.9914823 77.55547630000001
13.009315 77.610413
12.9858345 77.55107939999994
13.001867 77.57484999999997
12.980146 77.57461799999999
12.991826 77.57048520000001
12.9921334 77.57007929999997
13.008689 77.57104700000002
13.005468 77.61236499999995
12.991451 77.611851
12.9818553 77.54627819999996
12.994776 77.57160899999997
12.982224 77.54774599999996
12.9918402 77.57047119999993
12.9836928 77.60794680000004
12.9836413 77.56277550000004
12.985395 77.61747400000002
12.989087 77.57413300000007
12.9825364 77.63964759999999
13.008732 77.57906400000002
13.0057057 77.57892979999997
13.010817 77.55515979999996
12.9303881 77.58282229999998
12.9405862 77.56917739999994
12.9254867 77.67623930000002
12.9263108 77.67532860000006
12.9286936 77.59240380000006
12.925159 77.57677999999999
12.933792 77.61298609999994
12.9422141 77.60120329999995
12.850299 77.65702699999997
12.8495522 77.65043109999999
12.849848 77.65448600000002
12.8502354 77.65648950000002
12.854883 77.66577099999995
12.854937 77.66488900000002
12.851718 77.66895499999998
12.850313 77.67168700000002
12.8435085 77.67513029999998
12.84009 77.66060259999995
12.8398605 77.67782119999993
12.842452 77.68622499999992
12.8137576 77.68562440000005
12.807951 77.66415600000005
12.8645648 77.65674779999995
12.802286 77.70361809999997
12.81387 77.68561799999998
12.8257888 77.67743070000006
12.846269 77.67140399999994
12.8621361 77.56322069999999
12.8069575 77.69827370000007
12.826889 77.67998799999998
12.787171 77.735367
12.893755 77.56788600000004
12.87017 77.65427399999999
12.800345 77.50839399999995
12.890417 77.59730000000002
12.892803 77.59855900000002
12.897311 77.59981300000004
12.892117 77.58158300000002
12.891549 77.58140200000003
12.8759584 77.59591909999995
12.865359 77.43164000000002
12.889683 77.59764999999993
12.8801032 77.59950129999993
12.890473 77.58209299999999
12.897264 77.58143799999993
12.8760148 77.59619229999998
12.885558 77.57052799999997
12.897661 77.59403499999996
12.8946687 77.63598150000007
12.884745 77.62497400000007
12.884059 77.609961
12.894655 77.67515300000002
12.897021 77.5439854
12.890917 77.59625000000005
12.7801448 77.77123510000001
12.89228 77.581683
12.7797782 77.77080139999998
12.8759131 77.63980149999998
12.8914864 77.57609090000005
12.8911779 77.62926970000001
12.8952087 77.62497340000004
12.889603 77.65122700000006
12.8955746 77.60891949999996
12.896496 77.548091
12.8848897 77.64173770000002
12.8958107 77.58140159999994
12.883433 77.58308299999999
12.8850039 77.62496009999995
12.8959799 77.54867209999998
12.891273 77.560698
12.8801665 77.64604580000002
12.8955769 77.62591799999996
12.870556 77.65575999999999
12.8725962 77.6243895
12.880347 77.62443239999993
12.870561 77.65703600000006
12.892847 77.66325719999998
12.878182 77.60245399999997
12.780077 77.63444800000002
12.8869255 77.64067150000005
12.891146 77.56018700000004
12.77748 77.642158
12.8800875 77.60210570000004
12.894358 77.62587299999996
12.8964316 77.62294109999993
12.889085 77.59357799999998
12.882297 77.75245900000004
12.886443 77.64122299999997
12.876082 77.61734060000003
12.8949197 77.58160520000001
12.8947553 77.62592369999993
12.8748867 77.64881869999999
12.88406 77.58257300000002
12.881855 77.62539100000004
12.8716843 77.65409699999998
12.882906 77.57100000000003
12.779085 77.64358300000004
12.8730878 77.65047660000005
12.881633 77.595867
12.7812512 77.77127799999994
12.897968 77.57194000000004
12.896924 77.58535299999994
12.8748102 77.64877649999994
12.8792354 77.58396760000005
12.881313 77.59761400000002
12.8705609 77.65792450000004
12.89736 77.65099800000007
12.9186229 77.55789649999997
12.916867 77.59276699999998
12.9130262 77.58556350000003
12.9026345 77.58327129999998
12.9161822 77.61020340000005
12.941883 77.585283
12.92604 77.59605199999999
12.930851 77.58413399999995
12.9479274 77.57299
12.9274529 77.590597
12.921954 77.557725
12.9282816 77.5515967
12.938267 77.585017
12.924709 77.58956799999999
12.9486047 77.60140150000007
12.9346843 77.61132369999996
12.932483 77.58595300000002
12.9210159 77.61092289999999
12.913833 77.60966299999995
12.922966 77.57373499999994
12.925306 77.57669399999997
12.94812 77.55733499999997
12.9461687 77.59520399999997
12.9117203 77.64409039999998
12.9233947 77.65146240000001
12.9137057 77.64894079999999
12.9385 77.63173299999994
12.9628564 77.64086520000001
12.9626259 77.6410621
12.91083 77.63524499999994
12.9626021 77.64106140000001
12.94276 77.54837900000007
12.9465034 77.56983839999998
12.9435619 77.5642444
12.941832 77.56416899999999
12.943116 77.54442700000004
12.995943 77.54278999999997
12.937455 77.58272740000007
12.946669 77.572134
12.9860357 77.52620619999993
12.9480729 77.56982399999993
12.93345 77.55814499999997
12.9456127 77.57128139999998
12.9399882 77.55326620000005
12.93797 77.56772449999994
12.9365939 77.56747480000001
12.96943 77.51293299999998
13.06725 77.59296999999992
13.0677653 77.59294190000003
13.115228 77.57573300000001
13.1040851 77.56689469999992
13.0972426 77.57331580000005
13.063333 77.57228299999997
13.09876 77.57655999999997
13.0636167 77.58722910000006
13.073814 77.55698400000006
13.1211135 77.60782289999997
13.0997082 77.58312750000005
13.1376034 77.60324689999993
13.09801 77.39519199999995
13.098183 77.56698299999994
13.136111 77.60472099999993
13.1376034 77.60324689999993
13.101418 77.57063800000003
13.1376034 77.60324689999993
13.070267 77.55534999999998
13.097839 77.58948299999997
13.0995824 77.59786329999997
13.063583 77.50313299999993
13.0733934 77.63353570000004
13.081783 77.54809999999998
13.0822511 77.50005729999998
13.062983 77.53076699999997
13.087419 77.41100600000004
13.096542 77.59807
13.086537 77.49652700000001
13.0833858 77.56065439999998
13.0734614 77.63385370000003
13.141097 77.50578599999994
13.062183 77.57428299999992
13.107795 77.60607800000002
13.062418 77.63332700000001
13.1376034 77.60324689999993
13.079155 77.55913239999995
13.066148 77.50066800000002
13.072569 77.60375099999999
13.106619 77.57791499999996
13.121167 77.60788100000002
13.062288 77.6331447
13.0710853 77.63377839999998
13.099329 77.57854299999997
13.0669217 77.5600326
13.070403 77.63347199999998
13.0755345 77.55920919999994
13.073127 77.52130599999998
13.100133 77.59785
13.13846 77.47847000000002
13.094599 77.58053900000004
13.061181 77.63322199999993
13.089517 77.55618299999992
13.085234 77.55342700000006
13.097509 77.56508299999996
13.096435 77.39705000000004
13.078717 77.55836499999998
13.0975512 77.59771090000004
13.1378422 77.47807999999998
13.0911826 77.40294640000002
13.063715 77.580243
13.070505 77.40187000000003
13.087419 77.41100600000004
13.065842 77.45269600000006
13.055074 77.53392199999996
13.0551875 77.56742580000002
13.055183 77.534583
13.059583 77.57816700000001
13.057183 77.54661699999997
13.0600775 77.55868350000003
13.060733 77.55886699999996
13.051363 77.50765200000001
13.0547791 77.51683479999997
13.0474559 77.50809950000007
13.054349 77.50762570000006
13.05055 77.59802200000001
13.051859 77.54157499999997
13.052767 77.51278300000001
13.047691 77.57560799999999
13.058618 77.58425799999998
13.04686 77.51530400000001
13.048133 77.57606699999997
13.0500531 77.51521419999995
13.0474307 77.572991
13.0475202 77.5147753
13.0476916 77.54976139999997
13.0503252 77.50868639999999
13.050114 77.59767699999998
13.0476247 77.54850269999997
13.0487567 77.57610369999998
13.0564 77.50745000000006
13.057651 77.59676200000001
13.0471152 77.5480642
13.0461343 77.54934500000002
13.0497634 77.51495
13.050187 77.51392899999996
13.0500521 77.5152812
13.04975 77.56998629999998
13.0498055 77.5070948
13.04605 77.50943299999994
13.0415799 77.54634579999993
13.0409691 77.57877759999997
13.0431297 77.55228379999994
13.0447661 77.54696420000005
13.0494522 77.6093128
13.042199 77.57997499999999
13.041403 77.51941899999997
13.0356609 77.55456890000005
13.03645 77.59415000000001
13.036467 77.60971700000005
13.042383 77.52000399999997
13.037683 77.60008300000004
13.0400431 77.56695709999997
13.0397481 77.51917960000003
13.03955 77.55333300000007
13.04547 77.514457
13.044833 77.52148299999999
13.042614 77.57627000000002
13.0378 77.60506699999996
13.040495 77.514317
13.04369 77.51147800000001
13.0353736 77.60937250000006
13.036383 77.59733299999994
13.0396408 77.55410529999995
13.039975 77.51834800000006
13.035541 77.56737999999996
13.053153 77.48722299999997
13.0437552 77.51317169999993
13.042517 77.57923299999993
13.0429426 77.58117340000001
13.039883 77.59403299999997
13.0452949 77.54846889999999
13.0372475 77.56601330000001
13.0416557 77.51695769999992
13.055401 77.48001099999999
13.0571363 77.50168380000002
13.0517829 77.48622890000001
12.899905 77.55839100000003
12.920021 77.52026000000001
12.9168321 77.56065990000002
12.9105968 77.54832820000001
12.9054601 77.47184429999993
12.9102147 77.55058669999994
12.9093291 77.56419870000002
12.9105239 77.48454879999997
12.9145466 77.52075100000002
12.90308 77.54456000000005
12.907377 77.547191
12.9094641 77.55470200000002
12.914117 77.48102500000005
12.907133 77.56373299999996
12.902717 77.52026699999999
12.9058101 77.55813890000002
12.917251 77.55933600000003
12.9209 77.52041699999995
12.9205898 77.55235040000002
12.908911 77.56254000000001
12.915242 77.51495469999998
12.915958 77.48538099999996
12.9109105 77.53928730000007
12.910633 77.55833299999995
12.905743 77.56302600000004
12.9078932 77.55418699999996
12.9074895 77.52091759999996
12.92039 77.48044200000004
12.914066 77.56025399999999
12.9103579 77.48414209999999
12.9104592 77.4844415
12.903639 77.56383099999994
12.913816 77.56130699999994
12.9095451 77.56485150000003
12.920524 77.48125000000005
12.916933 77.56265800000006
12.9149092 77.56477599999994
12.918554 77.48424999999997
12.915387 77.55442040000003
12.9012763 77.5598559
12.9095775 77.54983349999998
12.9012763 77.5598559
12.913607 77.56019500000002
12.909265 77.53246999999999
12.919783 77.542417
12.919301 77.54204299999992
12.9065238 77.54378070000007
12.923802 77.48788400000001
12.926167 77.51461700000004
12.926416 77.51441899999998
12.9223377 77.52007609999998
12.922178 77.48517500000003
12.9227783 77.51712529999998
12.92422 77.51911999999993
12.9182925 77.57769989999997
12.925179 77.57601799999998
12.923371 77.57803690000003
12.9287378 77.56623769999999
12.930113 77.57438400000001
12.923133 77.5557
12.922199 77.55780379999999
12.9335045 77.5580344
12.9383903 77.56332900000007
12.9223499 77.57284609999999
12.92948 77.58195999999998
12.940779 77.54657599999996
12.9383327 77.55061679999994
12.9365376 77.55994839999994
12.9321532 77.57635989999994
12.9172664 77.58205029999999
12.938933 77.53932399999997
12.929943 77.57627600000001
12.9320734 77.57592369999998
12.939481 77.52308599999992
12.9242606 77.5639701
12.922367 77.55737899999997
12.9418435 77.55282950000003
12.908517 77.57310000000007
12.927563 77.57370609999998
12.9279348 77.54187909999996
12.934563 77.555834
12.936265 77.51822419999996
12.9347213 77.57478300000002
12.917435 77.57898499999999
12.926383 77.55051700000001
12.930682 77.51702399999999
12.9367 77.57559600000002
12.906444 77.57317499999999
12.9181157 77.5827415
12.9369685 77.56086719999996
12.929233 77.57355000000007
12.9169067 77.58286249999992
12.936817 77.57318299999997
12.926603 77.55646000000002
12.925634 77.54402299999992
12.938217 77.57541700000002
12.929033 77.56484999999998
12.9365451 77.54474540000001
12.9370261 77.5751348
12.938116 77.56301499999995
12.922241 77.55777929999999
12.927847 77.58239200000003
12.9116775 77.57304799999997
12.9385185 77.55044299999997
12.9328398 77.57759379999993
12.9374764 77.58178129999999
12.9075765 77.62893989999998
12.9169722 77.62288430000001
12.9091506 77.6116892
12.9102859 77.64502149999998
12.9128118 77.60921880000001
12.9163219 77.61212780000005
12.90824 77.60740899999996
12.9164487 77.6063795
12.9174572 77.63181910000003
12.9124463 77.62602770000001
12.907949 77.62517400000002
12.9168656 77.60144029999992
12.9171477 77.63806909999994
12.9168635 77.60355249999998
12.9071079 77.63016970000001
12.9160556 77.61160210000003
12.905117 77.60194999999999
12.9153151 77.6002231
12.9165226 77.62320479999994
12.911461 77.60029800000007
12.9153929 77.61368749999997
12.905333 77.63903299999993
12.906967 77.63613299999997
12.9151602 77.60558590000005
12.9076784 77.59805830000005
12.9084701 77.60033899999996
12.9142924 77.6106512
12.902638 77.60149999999999
12.915231 77.60555999999997
12.916824 77.60592079999992
12.9059121 77.62765910000007
12.90667 77.629459
12.9163304 77.6101936
12.9063147 77.62790789999997
12.916122 77.61944600000004
12.905996 77.62768959999994
12.9127672 77.59725900000001
12.9139339 77.60959539999999
12.9081749 77.60619729999996
12.904182 77.62737900000002
12.9162713 77.61077599999999
12.9170295 77.63117020000004
12.9082981 77.60628320000001
12.9139498 77.63214919999996
12.9052163 77.63036809999994
12.9081968 77.62352179999993
12.910304 77.60631699999999
12.9015793 77.6013997
12.9084294 77.60642810000002
12.9066778 77.62884869999993
12.924812 77.63371099999995
12.92745 77.63292969999998
12.924067 77.61807599999997
12.9227914 77.61931749999997
12.921846 77.62033470000006
12.9224261 77.61950760000002
12.92174 77.62027899999998
12.9241911 77.61809410000001
12.9235489 77.6189895
12.925824 77.63364750000005
12.9192389 77.63467509999998
12.9212721 77.61920680000003
12.9257821 77.61578830000008
12.9278926 77.60906580000005
12.927784 77.60079100000007
12.923528 77.60076900000001
12.921317 77.61356699999999
12.921417 77.60386700000004
12.923333 77.61008300000003
12.921783 77.61389299999996
12.9215734 77.60090439999999
12.9256308 77.6088823
12.9253153 77.60492180000006
12.9215234 77.61372469999992
12.9214711 77.6063557
12.9352279 77.6245659
12.917809 77.65152499999999
12.936711 77.58610299999998
12.9341454 77.61282200000005
12.9239176 77.65277739999999
12.94236 77.617482
12.9200486 77.58343390000005
12.9419344 77.61580579999998
12.9191837 77.63809029999993
12.9344613 77.61342620000005
12.9385445 77.60969639999996
12.9402881 77.60011420000001
12.928379 77.590195
12.935491 77.61932999999999
12.9330218 77.58429649999994
12.9117534 77.5966922
12.943498 77.57116900000005
12.933847 77.61536019999994
12.9325818 77.58358640000006
12.936714 77.610363
12.9325 77.583483
12.9424003 77.577674
12.9174647 77.59009739999999
12.918545 77.59250099999997
12.931722 77.58990300000005
12.944664 77.571099
12.947555 77.57142399999998
12.9375136 77.61930559999996
12.919333 77.592715
12.932583 77.58349999999996
13.0669 77.79829999999993
13.069865 77.78680099999997
13.073002 77.79669799999999
13.079018 77.78613700000005
13.078726 77.78841899999998
13.0769 77.78664300000003
13.056328 77.63035500000001
13.041038 77.62134800000001
13.0454027 77.62685780000004
13.043455 77.62558200000001
13.0404418 77.64145150000002
13.0369217 77.62342699999999
13.0356189 77.64567020000004
13.045633 77.62655500000005
13.052857 77.63663500000007
13.041774 77.64182200000005
13.033798 77.627838
13.029799 77.60470399999997
13.0338483 77.60623450000003
13.0333674 77.6380514
13.0302306 77.63544560000003
13.03265 77.60090000000002
13.032683 77.60058300000003
13.033667 77.61643300000003
13.03415 77.61480000000006
13.033883 77.60308299999997
13.032133 77.62173299999995
13.0303351 77.63091800000007
13.0301895 77.62086679999993
13.031683 77.60778299999993
13.028242 77.62051109999993
13.032517 77.602083
13.030117 77.60480000000007
13.033367 77.61758299999997
13.028533 77.61105999999995
13.036545 77.59420679999994
13.039767 77.594383
13.034533 77.61405000000002
13.032167 77.60496699999999
13.0085113 77.49959220000005
13.0348519 77.5680403
13.024884 77.59265099999993
13.0173031 77.59185809999997
13.010529 77.49452099999996
13.0111906 77.55518759999995
13.029613 77.558943
13.022167 77.59461699999997
13.0085113 77.49959220000005
13.0115782 77.5547891
13.012783 77.61654999999996
13.0181471 77.5983989
13.0347054 77.56805320000001
13.025289 77.63716820000002
13.0249254 77.59229949999997
13.0299277 77.56082370000001
13.008617 77.54168300000003
13.0207038 77.50983969999993
13.030029 77.56315399999994
13.0214281 77.55624669999997
13.0276765 77.52205989999993
13.024162 77.59416999999996
13.0250095 77.63392139999996
13.027304 77.63076799999999
13.0267617 77.59919209999998
13.0085113 77.49959220000005
13.0124345 77.62835989999996
13.034732 77.56817699999999
13.0205719 77.52951669999993
13.0071881 77.54458869999996
13.0159643 77.52647750000006
13.024293 77.57922600000006
13.03455 77.55768599999999
13.0305461 77.57045619999997
13.0291971 77.55915819999996
13.0296851 77.55944210000007
13.034633 77.568083
13.019568 77.596813
13.0298373 77.57082979999996
13.03184 77.569929
13.027034 77.58589000000006
13.024267 77.59653300000002
13.0285439 77.51971909999997
13.033483 77.555383
13.029865 77.53808860000004
13.022422 77.60260500000004
13.0331488 77.5278601
13.024408 77.59552400000007
13.0215839 77.5925135
13.026883 77.55808300000001
13.016733 77.58858299999997
13.016809 77.59296999999992
13.016667 77.53833299999997
13.020018 77.55735500000003
13.034351 77.56819340000004
13.028983 77.57883300000003
13.02883 77.56135199999994
13.0207226 77.59244369999999
13.02275 77.554167
13.0124055 77.53614619999996
13.024577 77.58947599999999
13.01917 77.59922619999998
13.019422 77.58681200000001
13.0225762 77.55914580000001
13.021367 77.55611699999997
13.0267551 77.59213190000003
13.025567 77.56123300000002
13.024129 77.59679899999992
13.013888 77.53757940000003
13.027043 77.60401000000002
13.024806 77.554711
13.02375 77.55954010000005
13.01684 77.53369299999997
13.0264712 77.55809799999997
13.023781 77.60290499999996
13.02725 77.60421700000006
13.017249 77.53211699999997
13.0329492 77.5693698
13.0122071 77.55332709999993
13.0200783 77.55732890000002
13.0225775 77.55842659999996
13.0210367 77.55599419999999
13.022522 77.55914699999994
13.021814 77.556376
13.021026 77.55999199999997
13.0227947 77.55918259999999
13.0195936 77.55770180000002
13.0105192 77.52200930000004
13.0300179 77.50047399999994
13.0343838 77.52751239999998
13.028651 77.55886199999998
13.0336874 77.55492900000002
13.0276972 77.51451589999999
13.0291403 77.55812390000006
13.024653 77.55628120000006
13.024533 77.55729999999994
13.0164971 77.52657999999997
13.0330472 77.55885339999998
13.0265817 77.56624060000001
13.0249781 77.58701829999995
13.010672 77.52260869999998
13.031789 77.56985239999995
13.032822 77.56626000000006
13.020638 77.53502700000001
13.0242408 77.55778650000002
13.024609 77.58877899999993
13.02375 77.55954010000005
13.0153238 77.52043909999998
13.0346542 77.55763339999999
13.034178 77.560339
13.0262455 77.54887059999999
13.033158 77.55857600000002
13.029324 77.56196
13.0210184 77.53516309999998
13.034015 77.55890739999995
13.0230424 77.56057129999999
13.0189399 77.52024200000005
13.0191303 77.5305859
13.027138 77.55585199999996
13.035059 77.56815299999994
13.0085112 77.56917390000001
13.0085113 77.49959220000005
13.0088373 77.55728479999993
13.0081294 77.55468429999996
13.008582 77.54423999999995
13.008324 77.56917299999998
13.0085113 77.49959220000005
13.008511 77.499592
13.0089 77.53968299999997
13.0085113 77.49959220000005
13.0092346 77.54078170000003
13.0086278 77.49915799999997
13.0084987 77.5055006
13.0235777 77.55956420000007
13.021433 77.54626099999996
13.024352 77.53819199999998
12.997044 77.54164800000001
13.0015892 77.5532164
12.9986425 77.54254049999997
12.997616 77.54414199999997
13.0037707 77.54849939999997
12.99621 77.53996669999992
13.0020707 77.55254349999996
12.9957289 77.54187909999996
13.0040128 77.54990559999999
13.004283 77.55181700000003
13.0056733 77.54854750000004
13.001003 77.54753299999993
12.9985105 77.54278729999999
13.005567 77.55624999999998
12.9973681 77.54883970000003
12.99744 77.54964040000004
13.0019158 77.55327039999997
13.0035649 77.53584810000007
13.000713 77.54324759999997
13.0059026 77.54682639999999
12.997553 77.54626340000004
12.9999933 77.51079260000006
12.996462 77.52317500000004
13.0007496 77.51072150000005
12.9956647 77.53203570000005
12.9974406 77.54972010000006
12.9999087 77.53605089999996
13.0061868 77.52157069999998
12.9996902 77.55152199999998
12.99995 77.54017699999997
13.0005997 77.5451501
12.995806 77.53246899999999
13.0044507 77.55333189999999
13.0094163 77.52148379999994
13.0103349 77.52207629999998
13.001065 77.53625
13.002104 77.54424340000003
13.0074723 77.54568540000002
13.0008833 77.53570769999999
13.0046106 77.54931209999995
13.0069068 77.53200949999996
12.9976033 77.53020570000001
13.0082557 77.5448821
12.9962168 77.54726559999995
12.9969516 77.53008439999996
13.0030247 77.53937100000007
13.0004517 77.54497600000002
12.9973442 77.52786149999997
13.003779 77.54954099999998
13.011708 77.51269200000002
12.995673 77.55219699999998
13.005567 77.55624999999998
13.0059902 77.52157639999996
13.0034143 77.53592120000008
13.000795 77.5530152
13.0029112 77.5219227
13.007902 77.50554599999998
12.995034 77.50397399999997
12.9997842 77.50416180000002
12.997862 77.50306599999999
12.9981224 77.49770509999996
13.0072854 77.50536280000006
13.0073958 77.5053567
12.9946408 77.53738010000006
12.9992498 77.49794480000003
12.994223 77.53945899999997
13.020933 77.63426700000002
13.0212234 77.62994549999996
13.016421 77.63480200000004
13.0196602 77.62054319999993
13.0210126 77.61705099999995
13.01665 77.613067
13.0160173 77.61362050000002
13.0147734 77.63439419999997
13.016283 77.63535000000002
13.018737 77.61267099999998
13.015817 77.61318299999994
13.014462 77.63613399999997
13.0126248 77.64264520000006
13.008708 77.63558499999999
13.010633 77.642967
13.0129566 77.63066230000004
13.014067 77.64125000000001
13.008389 77.64212599999996
13.0098469 77.62372319999997
13.010526 77.63831400000004
13.012424 77.63523399999997
13.0106861 77.62662920000002
13.013018 77.63545999999997
13.008833 77.64268300000003
13.0076601 77.62188170000002
13.013967 77.63921700000003
13.01058 77.64985200000001
13.0176408 77.64500269999996
13.0189259 77.64343589999999
13.0040067 77.63623480000001
13.012461 77.64834199999996
13.0096483 77.64380110000002
13.0089823 77.64331130000005
13.004117 77.60673299999996
13.0176621 77.64502149999998
13.0086 77.61266699999999
13.012717 77.61643300000003
13.012647 77.61423200000002
13.012102 77.61615099999995
13.008783 77.61183299999993
13.006456 77.61231399999997
13.008617 77.61258299999997
13.0188639 77.64734939999994
13.0081917 77.612844
13.0052843 77.63612690000002
13.012778 77.64789999999994
13.010183 77.613383
13.006967 77.62986999999998
13.00615 77.61243000000002
13.007054 77.62170100000003
13.0193676 77.6368066
13.00662 77.61318000000006
13.006533 77.63951700000007
13.0150219 77.60546909999994
13.017667 77.61066699999992
13.00735 77.61468000000002
13.019137 77.64335600000004
13.0153418 77.61167849999993
13.007217 77.61266699999999
12.992603 77.62354099999993
13.0343999 77.5564948
13.0332863 77.558897
13.029911 77.56077099999993
13.0267 77.57918300000006
13.0237839 77.58624320000001
13.026658 77.58633199999997
13.0237604 77.58687350000002
13.0027665 77.57053919999998
13.0072364 77.56656020000003
13.0033673 77.57155669999997
13.005007 77.57351799999992
13.003364 77.57127500000001
13.0054515 77.57182360000002
13.0030606 77.56191339999998
13.003368 77.57127500000001
13.0424138 77.59146940000005
12.9878991 77.51232670000002
12.9928508 77.6609019
12.9944854 77.66456900000003
12.9933073 77.66160969999999
12.999498 77.68346599999995
12.977374 77.63699199999996
12.9801489 77.68022910000002
12.997997 77.67236849999995
12.983477 77.61349799999994
12.98233 77.63901899999996
12.9800556 77.61281770000005
12.9779879 77.6369757
12.9802557 77.67964440000003
12.997543 77.67150500000002
12.9982684 77.67296959999999
12.9933134 77.66160360000003
13.0036566 77.66049739999994
12.978147 77.64064099999996
12.980315 77.60547999999994
12.989186 77.66385500000001
12.980189 77.60411699999997
12.983069 77.60822099999996
12.9783514 77.63978840000004
13.0049681 77.67392189999998
12.9825429 77.6071303
12.999553 77.59721880000006
12.9914 77.59401700000001
12.9891442 77.60897479999994
13.0008549 77.61833730000001
12.981241 77.60954700000002
12.984383 77.60233300000004
12.9857285 77.61179889999994
12.985217 77.60428300000001
12.9799 77.62768299999993
12.9888261 77.60891979999997
12.9844425 77.61435000000006
12.9841297 77.60494419999998
13.0006282 77.61602289999996
12.9998133 77.61364779999997
12.978199 77.63093600000002
12.9806336 77.60336910000001
12.997313 77.60966400000007
12.985967 77.670433
12.9876863 77.60875629999998
12.9782029 77.63480449999997
12.9784031 77.64287650000006
12.979666 77.60663699999998
12.985982 77.60506600000008
12.98113 77.63688330000002
12.9973773 77.61996079999994
12.997654 77.60970299999997
12.9814722 77.61921389999998
12.9814722 77.61921389999998
12.982167 77.680117
12.997527 77.65520500000002
12.98425 77.67793299999994
12.9830157 77.60639530000003
12.978391 77.63030400000002
12.989646 77.59275500000001
12.900556 77.63329109999995
12.900324 77.627838
12.9066755 77.58584919999998
12.8983601 77.61794650000002
12.904311 77.57913580000002
12.903288 77.58397000000002
12.902193 77.58472000000006
12.898011 77.61852199999998
12.9064935 77.56958259999999
12.899519 77.62668910000002
12.899671 77.56748330000005
12.9126635 77.67974759999993
12.9697999 77.74994670000001
12.8612823 77.78587590000006
12.8610451 77.78249230000006
