12.980889 77.61083299999996
12.954779 77.58085600000004
12.959503 77.60343
12.9657174 77.60172290000003
12.954804 77.58349249999992
12.973738 77.61274300000002
12.981847 77.54705100000001
12.9674392 77.59974809999994
12.958954 77.59366699999998
12.9504154 77.53786600000001
12.970089 77.59439299999997
12.974442 77.60962500000005
12.958203 77.60469420000004
12.9754653 77.59748460000003
12.9770784 77.54545380000002
12.9808535 77.60557130000007
12.9614556 77.59594479999998
12.981093 77.59984899999995
12.958212 77.60509300000001
12.961683 77.57042999999999
12.96448 77.59140500000001
12.9551926 77.57974450000006
12.977005 77.535302
12.980649 77.60259300000007
12.973068 77.5766817
12.976556 77.59841899999992
12.9683711 77.60099400000001
12.970148 77.58235200000001
12.965207 77.57858099999999
12.959386 77.52790400000004
12.9658853 77.58144140000002
12.9589713 77.58969179999997
12.9824212 77.59785009999996
12.955682 77.57700499999999
12.9588445 77.58574859999999
12.9654102 77.59786469999995
12.966398 77.59845700000005
12.9628082 77.59012970000003
12.9715081 77.5764848
12.966576 77.59093699999994
12.959341 77.57108300000004
12.9714428 77.59612489999995
12.959795 77.59386399999994
12.9575209 77.5875433
12.976267 77.598883
12.9715987 77.59456269999998
12.9809065 77.60283090000007
12.9700365 77.58397109999999
12.9623736 77.55266189999998
12.9715987 77.59456269999998
12.9580575 77.59302409999998
12.9626895 77.59128220000002
12.9827003 77.56850839999993
12.957312 77.57282699999996
12.9583593 77.5859289
12.9647522 77.59676279999996
12.9678038 77.60642140000004
12.966017 77.579567
12.980267 77.60443299999997
12.98125 77.60631699999999
12.9566592 77.5193372
12.980917 77.60586699999999
12.9645979 77.60608179999997
12.9788244 77.56458739999994
12.956758 77.54918499999997
12.9585552 77.58245490000002
12.9563829 77.530262
12.9762482 77.60219959999995
12.955092 77.55525799999998
12.966202 77.581907
12.9673533 77.5796583
12.9810192 77.61118469999997
12.9715987 77.59456269999998
12.9665924 77.57933920000005
12.9649691 77.59308740000006
12.9642647 77.58088229999998
12.9659526 77.57607280000002
12.975472 77.55255399999999
12.973569 77.54443100000003
12.979735 77.60560299999997
12.972974 77.60314799999992
12.9530341 77.58012370000006
12.970923 77.57631400000002
12.9809316 77.6028996
12.97205 77.60515199999998
12.975467 77.60571700000003
12.976724 77.52071999999998
12.9810228 77.55702380000002
12.971689 77.52455499999996
12.963193 77.61303499999997
12.9510292 77.59201259999998
12.9619855 77.59513070000003
12.9746939 77.60882200000003
12.956415 77.58101499999998
12.9798284 77.60265290000007
12.9825544 77.60897890000001
12.953399 77.54620299999999
12.9828327 77.60659129999999
12.9603812 77.56869949999998
12.9528766 77.6995091
12.9172439 77.59232329999998
12.980647 77.61423809999997
12.91105 77.58862899999997
12.9554988 77.64152420000005
12.938324 77.63090599999998
12.974783 77.61938299999997
12.916504 77.60262399999999
12.9973344 77.5473015
12.986167 77.60583299999996
13.0268664 77.5911807
13.018231 77.65509500000007
12.963103 77.64147500000001
13.0288778 77.54004029999999
12.9357409 77.60791510000001
12.9248724 77.6187797
12.911922 77.64916400000004
12.931172 77.54873399999997
12.935297 77.61067219999995
13.0015642 77.63038460000007
12.922163 77.73616800000002
13.006067 77.592667
12.9987249 77.55257540000002
12.957003 77.70381700000007
12.9467109 77.59609760000001
12.911344 77.63799799999993
13.0218668 77.57889240000009
13.021876 77.64996730000007
12.98498 77.73363399999994
12.9293653 77.5569266
13.0289181 77.6381735
12.934497 77.63334129999998
13.038296 77.62591499999996
12.9125432 77.59949329999995
12.925073 77.596993
12.99425 77.578303
12.9493482 77.69048659999999
13.0163953 77.66072589999999
12.959189 77.65497700000003
12.9983691 77.6090527
12.930874 77.62231599999996
12.9781438 77.64064910000002
12.934889 77.62943810000002
12.9722479 77.65267199999994
12.929734 77.58506399999999
13.017104 77.658999
12.9232456 77.57506060000003
12.9352455 77.62907969999992
13.024823 77.63696230000005
12.9165072 77.6035263
12.986022 77.61202400000002
13.0172269 77.65941640000005
12.964257 77.63949400000001
13.0121632 77.55392619999998
13.0027665 77.57053919999998
12.956603 77.73297000000002
13.022453 77.59291600000006
12.986755 77.57997799999998
13.0198324 77.65431230000002
12.9971749 77.54652349999992
12.9240789 77.6716702
12.9199961 77.57792119999999
13.0247731 77.52691170000003
13.0228527 77.64588649999996
12.952334 77.700288
12.996619 77.6042056
13.019783 77.59968300000003
12.989892 77.55879099999993
13.0064759 77.53041299999995
13.019291 77.55709769999999
12.9591722 77.69741899999997
12.922472 77.59012699999994
12.930552 77.58484099999998
12.908519 77.62753999999995
12.906579 77.58753000000002
12.9061503 77.62918400000001
12.833853 77.67917599999998
12.841278 77.64919199999997
12.8420568 77.66309649999994
12.8472798 77.67160179999996
12.800672 77.57775100000003
12.8194329 77.587941
12.8022904 77.6769534
12.7891193 77.73672579999993
12.7848269 77.73784160000002
12.805544 77.69883700000003
12.8270161 77.67635999999993
12.789115 77.61795400000005
12.848549 77.680251
12.780518 77.642515
12.8825711 77.58321790000002
12.8875119 77.59700020000002
12.948288 77.60300099999995
12.9385572 77.60984499999995
12.8909388 77.59293600000001
12.905144 77.611627
12.8603813 77.58985849999999
12.922556 77.57347500000003
12.9361301 77.62155359999997
12.9198998 77.58359900000005
12.9161562 77.55782739999995
12.935878 77.61516200000005
12.941001 77.54520400000001
12.8910272 77.59824679999997
12.916587 77.59616400000004
12.9371827 77.62660010000002
12.9406337 77.57151599999997
12.878776 77.64660500000002
12.8815401 77.62565889999996
12.921489 77.662825
12.936617 77.62738300000001
12.920716 77.60049300000003
12.9235051 77.55507579999994
12.935731 77.628739
12.9193615 77.60016919999998
12.914619 77.60956699999997
12.923407 77.57352400000002
12.916287 77.61213180000004
12.9142517 77.59975800000007
12.934254 77.60944799999993
12.9333585 77.54592439999999
12.905658 77.60202600000002
12.9084701 77.60033899999996
12.811069 77.50332000000003
12.88864 77.73696599999994
12.935849 77.62330500000007
12.9481329 77.5991553
12.937027 77.62629600000002
12.934142 77.55845499999998
12.9225787 77.61941589999992
12.9477861 77.57003940000004
12.9391497 77.55165799999997
12.8766268 77.59512139999993
12.9295136 77.55187290000003
12.9105378 77.62309920000007
12.9387596 77.55113099999994
12.9338947 77.57770310000001
12.9189759 77.67085339999994
12.9226116 77.60059690000003
12.9280666 77.57345039999996
12.927489 77.61619199999996
12.9141416 77.55881750000003
12.9360725 77.56895429999997
12.9084701 77.60033899999996
12.893786 77.62595499999998
12.940065 77.55150700000002
12.9490896 77.59328129999994
12.9069408 77.57004289999998
12.9221731 77.58602189999999
12.908035 77.6928418
12.9365451 77.54474540000001
12.9374126 77.57967580000002
12.920461 77.59203000000002
12.881519 77.59573539999997
12.8859659 77.53921179999998
12.87669 77.59590100000003
12.8872243 77.582134
12.861201 77.63233100000002
12.8892684 77.63990999999999
12.8854404 77.64184260000002
12.890857 77.59603500000003
12.879217 77.567317
12.883067 77.58318299999996
12.86984 77.58624299999997
12.8552177 77.66731959999993
12.893867 77.59899999999993
12.890033 77.59988299999998
12.889265 77.63952199999994
12.8917299 77.5725635
12.8871359 77.59450259999994
12.8671449 77.58100239999999
12.8800705 77.60350319999998
12.882601 77.58341799999994
12.8932098 77.58643600000005
12.8677686 77.58176209999999
12.893117 77.58165299999996
12.8852587 77.56701499999997
12.864754 77.58212700000001
12.8953229 77.58524069999999
12.8686439 77.57617949999997
12.8864477 77.62556840000002
12.889108 77.57109200000002
12.8744005 77.65011860000004
12.8820632 77.56919889999995
12.8931605 77.58644260000005
12.8927712 77.63736799999992
12.894272 77.62895200000003
12.8943602 77.62561119999998
12.892116 77.58089500000006
12.8833192 77.56641820000004
12.8727449 77.56595390000007
12.881425 77.58358199999998
12.8676817 77.53521279999995
12.861691 77.56161399999996
12.8550608 77.66943859999992
12.8947308 77.58161029999997
12.888534 77.61637300000007
12.8751345 77.58416769999997
12.8831429 77.6219873
12.884844 77.57035700000006
12.8560008 77.6639199
12.894007 77.63045999999997
12.8948965 77.58186339999997
12.8933634 77.62805609999998
12.887319 77.57807500000001
12.887932 77.605638
12.891122 77.56183499999997
12.891583 77.57404799999995
12.877652 77.545253
12.892176 77.57284900000002
12.8958109 77.58160620000001
12.883532 77.59054200000003
12.881607 77.59590300000002
12.889833 77.59139400000004
12.8857568 77.57200390000003
12.8745006 77.64694559999998
12.894729 77.55577799999992
12.8948406 77.61090200000001
12.8815072 77.5970135
12.891074 77.65223700000001
12.892053 77.60166270000002
12.888145 77.64249199999995
12.8815952 77.56677969999998
12.866573 77.580827
12.8877263 77.64176220000002
12.8899647 77.61364049999997
12.8863406 77.55907109999998
12.887064 77.54331200000001
12.884219 77.59282400000006
12.8918015 77.62581410000007
12.8910439 77.61177169999996
12.8879282 77.62543319999997
12.8924538 77.61976630000004
12.879001 77.60262599999999
12.894358 77.62587299999996
12.885738 77.57248700000002
12.8852057 77.59637880000002
12.927961 77.54009300000007
12.925503 77.56094719999999
12.9062954 77.57368369999995
12.9197536 77.56936189999999
12.9236607 77.57614060000003
12.9236038 77.55483070000002
12.9245642 77.56406689999994
12.9113592 77.57838930000003
12.9273622 77.57726100000002
12.9106413 77.5510352
12.906517 77.57463299999995
12.9305419 77.57114060000004
12.9293514 77.56640119999997
12.9208562 77.5429236
12.9077536 77.5473293
12.9290316 77.55184580000002
12.911233 77.55176699999993
12.9248364 77.56411920000005
12.90645 77.5743
12.9064939 77.57323010000005
12.928381 77.55656699999997
12.927233 77.579656
12.930991 77.57357000000002
12.9221342 77.55100390000007
12.9309282 77.58284679999997
12.929383 77.57348300000001
12.9199732 77.54272590000005
12.9099703 77.55502890000002
12.9316122 77.55226919999996
12.924597 77.56049800000005
12.9176585 77.57779210000001
12.9310734 77.54389229999992
12.9192216 77.5797718
12.9251508 77.57512159999999
12.9074971 77.5709005
12.9317467 77.57952790000002
12.91525 77.56106699999998
12.9092945 77.55845440000007
12.90902 77.57154200000002
12.9149213 77.56377520000001
12.926807 77.560111
12.925555 77.57380739999996
12.9160507 77.55022039999994
12.9093288 77.56471979999992
12.908137 77.56921999999997
12.931028 77.55163900000002
12.9135108 77.5593768
12.9012515 77.54398229999993
12.9306658 77.54320519999999
12.9165955 77.5655673
12.90838 77.53816000000006
12.930991 77.57357000000002
12.9317291 77.5640019
12.9015037 77.5604376
12.924139 77.549353
12.90825 77.57277499999998
12.9202608 77.552281
12.9176059 77.56881420000002
12.902834 77.51986099999999
12.910905 77.57846900000004
12.928905 77.55198399999995
12.914767 77.52023299999996
12.9254772 77.54409320000002
12.907128 77.571865
12.90248 77.51951400000007
12.9251982 77.55835950000005
12.915832 77.56928100000005
12.9297465 77.57264559999999
12.911649 77.57014900000001
12.9274869 77.57346210000003
12.909328 77.57235700000001
12.914747 77.52091700000005
12.92143 77.5206349
12.9141857 77.5676373
12.9222424 77.50804199999993
12.931222 77.54408899999999
12.9246044 77.56409810000002
12.9305489 77.5824265
12.911276 77.53945299999998
12.905716 77.55841480000004
12.9017407 77.56075209999995
12.9099461 77.57276530000001
12.9148762 77.56394249999994
12.92005 77.54261700000006
12.9145667 77.5642269
12.9090857 77.57767910000007
12.969891 77.51275099999998
12.942294 77.57983000000002
12.9415347 77.56075269999997
12.938458 77.57884100000001
12.960983 77.50763200000006
12.939449 77.54672349999998
12.9429114 77.52619720000007
12.9383088 77.55730670000003
12.939178 77.57830899999999
12.9391348 77.57830939999997
12.9418476 77.58290369999997
12.95724 77.57019300000002
12.954533 77.58353299999999
12.9594774 77.58297449999998
12.9436356 77.57048209999994
12.949325 77.56300399999998
12.955295 77.57954799999993
12.9645183 77.579883
12.9689775 77.57027849999997
12.953455 77.58278799999994
12.9447049 77.55932000000007
12.9690579 77.56802889999994
12.9636267 77.58415459999992
12.96435 77.58109300000001
12.9575344 77.55246520000003
12.95627 77.58100000000002
12.95699 77.58028000000002
12.9406378 77.5712489
12.960366 77.53294200000005
12.964608 77.54927900000007
12.959833 77.533817
12.9489188 77.54208560000006
12.9438802 77.55832399999997
12.9449313 77.55077970000002
12.955253 77.57979499999999
12.954668 77.53514199999995
12.952563 77.55477700000006
12.95679 77.58142999999995
12.93865 77.55306700000006
12.9415952 77.56186860000003
12.9421578 77.55085600000007
12.95815 77.58231599999999
12.964381 77.58067499999993
12.9695769 77.52453850000006
12.9639107 77.58399069999996
12.965283 77.53823299999999
12.954283 77.50095199999998
12.963953 77.58468249999999
12.9481796 77.55986899999994
12.964308 77.58200499999998
12.940376 77.54541300000005
12.939819 77.58343390000005
12.954676 77.58146499999998
12.9550488 77.54464209999992
12.9480424 77.54070120000006
12.9541799 77.58458900000005
12.966242 77.58071199999995
12.9542699 77.57555400000001
12.9554746 77.5788473
12.966047 77.57638399999996
12.965729 77.57599900000002
12.9550488 77.54464209999992
12.971721 77.51321099999996
12.9717394 77.51321170000006
12.970163 77.533951
12.973289 77.57511699999998
12.9701045 77.57595179999998
12.972109 77.57681600000001
12.9705964 77.57269880000001
12.9726976 77.57463289999998
12.9741483 77.53832039999998
12.9707555 77.58056850000003
12.971217 77.573667
12.972818 77.538006
12.9857058 77.5958286
12.9837698 77.55886850000002
12.9832453 77.59573279999995
12.9875514 77.57860189999997
12.9870172 77.56624060000001
12.98756 77.58256200000005
12.986044 77.594923
12.980129 77.51071200000001
12.9862396 77.56126369999993
12.986085 77.59489600000006
12.985267 77.56016699999998
12.9715987 77.59456269999998
12.9588275 77.59222679999993
12.9715987 77.59456269999998
12.9715987 77.59456269999998
12.9832453 77.59573279999995
12.9834507 77.56552420000003
12.982721 77.56031600000006
12.958305 77.58909640000002
12.9715987 77.59456269999998
12.9805293 77.55693670000005
12.978537 77.54346699999996
12.9796274 77.55359380000004
12.976017 77.53264999999999
12.9732942 77.57481269999994
12.9736376 77.54758649999997
12.97345 77.57526699999994
12.965729 77.57625299999995
12.970842 77.57018199999993
12.978663 77.54287699999998
12.9779 77.55308300000002
12.9790107 77.57490370000005
12.966789 77.53544099999999
12.965793 77.57602799999995
12.969367 77.57616699999994
12.9671263 77.57410200000004
12.968998 77.57410600000003
12.9785195 77.54160279999996
12.978543 77.54197499999998
12.967957 77.57440900000006
12.9786822 77.54113340000004
12.972583 77.57228299999997
12.9783673 77.54210609999996
12.9647028 77.5312126
12.9680028 77.53444530000002
12.965784 77.57166699999993
12.970617 77.53663600000004
12.966177 77.571684
12.965662 77.576326
12.971852 77.53271300000006
12.9667877 77.53554469999995
12.97165 77.56158159999995
12.967528 77.57761699999992
12.9677816 77.57292200000006
12.972847 77.57722669999998
12.9687017 77.54827920000002
12.973211 77.55618900000002
12.9674056 77.54231779999998
12.975173 77.54341
12.9683171 77.53860439999994
12.975441 77.55965200000003
12.96574 77.57764889999999
12.972752 77.57757800000002
12.9759019 77.5585178
12.975631 77.56093399999997
12.9690052 77.53587659999994
12.971483 77.57335
12.979685 77.55746099999999
12.9670888 77.57408299999997
12.968385 77.54514100000006
12.9671848 77.57413169999995
12.978545 77.54154840000001
12.9784784 77.54169760000002
12.964608 77.54927900000007
12.976967 77.54621700000007
12.964573 77.54960600000004
12.9777139 77.54610789999992
12.971204 77.57350500000007
12.972972 77.53740100000005
12.964717 77.55489999999998
12.964712 77.57370330000003
12.9722028 77.53319420000003
12.970248 77.57511499999998
12.9744006 77.56035709999992
12.966035 77.57602399999996
12.975636 77.55622900000003
12.966033 77.576146
12.9921437 77.54224150000005
12.986117 77.54125699999997
12.9898877 77.55875650000007
12.9902377 77.55979249999996
12.9858253 77.55412530000001
12.985442 77.54287640000007
12.98985 77.55443300000002
12.984533 77.55306700000006
12.989641 77.55448799999999
12.9876222 77.56506939999997
12.9879093 77.56370079999999
12.9877362 77.56351710000001
12.9843075 77.55310450000002
12.9856055 77.56369710000001
12.9903093 77.56145649999996
12.987885 77.55489499999999
12.9869172 77.56344530000001
12.9873582 77.56411619999994
12.9877738 77.55973700000004
12.9907559 77.55451889999995
12.985634 77.55634399999997
12.9874415 77.55442979999998
12.991192 77.55833200000006
12.988517 77.54811900000004
12.988204 77.55932499999994
12.989828 77.56014249999998
12.9862017 77.55425309999998
12.990997 77.54891599999996
12.9921019 77.56108670000003
12.986013 77.55579
12.956194 77.63780500000007
13.0014002 77.54326470000001
12.9671158 77.64195740000002
13.0019142 77.57133650000003
12.962687 77.641797
13.0103952 77.58365759999992
12.958777 77.6400099
13.0085113 77.49959220000005
13.01561 77.51128100000005
13.018314 77.65784699999995
13.0145729 77.65736420000007
12.999407 77.60962900000004
13.018517 77.65663300000006
13.0174781 77.6602077
13.0129981 77.63069670000004
12.9611118 77.63794540000004
12.9700366 77.63168780000001
12.97835 77.638823
12.9907898 77.53813300000002
13.00277 77.57084699999996
13.0323296 77.63652839999997
13.027332 77.63641899999993
13.0249514 77.59318299999995
13.0251999 77.55755520000002
13.0292137 77.5710947
13.025366 77.63972899999999
13.025467 77.63009999999997
13.0346526 77.56797789999996
13.0223141 77.59489459999998
13.0392564 77.56142829999999
13.035712 77.56752099999994
13.0278539 77.5792553
13.0226449 77.55913639999994
13.033071 77.64034100000003
13.014545 77.57829900000002
13.0245966 77.58949400000006
13.014514 77.59438
13.0315567 77.55892180000001
13.02541 77.62920199999996
13.015037 77.594922
13.0103804 77.64291819999994
13.0261682 77.59409549999998
13.026825 77.55811300000005
13.0410331 77.61640460000001
13.0220221 77.59264899999994
13.012252 77.64677499999993
13.0372205 77.58924950000005
13.0261446 77.58880629999999
13.0265997 77.59268589999999
13.0255534 77.64025919999995
13.0223141 77.59489459999998
13.01535 77.65001699999993
13.0216412 77.59280439999998
13.021695 77.59253899999999
13.0103699 77.6509595
13.0241713 77.57483760000002
13.039517 77.60246699999993
13.036567 77.57476700000007
13.032687 77.5584662
13.017144 77.62977000000001
13.0122 77.61619999999994
13.0185935 77.63499790000003
13.0403374 77.57739679999997
13.02115 77.65136699999994
13.0310969 77.61345440000002
13.0294 77.59518300000002
13.028333 77.61131699999999
13.0258804 77.58078030000001
13.0355613 77.56757149999999
13.011667 77.64278300000001
13.0239765 77.55703470000003
13.020583 77.55808300000001
13.0198734 77.62121400000001
13.0138 77.59651699999995
13.030361 77.605728
13.02115 77.65136699999994
13.0207078 77.55883799999992
13.010183 77.60770000000002
13.0288151 77.55671430000007
13.0348316 77.55654589999995
13.022276 77.64683960000002
13.0404418 77.64145150000002
13.018917 77.55731700000001
13.0185935 77.63499790000003
13.028267 77.61156699999992
13.0250682 77.58724860000007
13.022833 77.59249999999997
13.0131297 77.62425740000003
13.0274685 77.55849899999998
13.023517 77.63708299999996
13.0362819 77.56173779999995
13.027533 77.579433
13.0135321 77.6151413
13.0216985 77.5562506
13.019583 77.61276699999996
13.014556 77.63545899999997
13.0129154 77.61663529999998
13.031676 77.55917499999998
13.022569 77.55716899999993
13.042374 77.59255400000006
13.015858 77.61813699999993
13.025749 77.62728100000004
13.0346266 77.57538729999999
13.0293314 77.6045676
13.011993 77.63524299999995
13.023097 77.60813600000006
13.0151 77.63153299999999
13.04085 77.611583
13.0126566 77.61620210000001
13.0273423 77.57676919999994
13.0281479 77.58631020000007
13.028167 77.57923299999993
13.0218399 77.59240479999994
13.029865 77.53808860000004
13.0279661 77.54091560000006
13.0279661 77.54091560000006
13.0299647 77.53728180000007
13.0070673 77.56907769999998
13.0122461 77.5554247
13.013555 77.54801499999996
13.0234458 77.512876
13.0085861 77.54945150000003
13.030556 77.529359
13.01818 77.55115699999999
13.0199542 77.54611060000002
13.0147197 77.5538583
13.023922 77.51152100000002
13.0070038 77.56827769999995
13.0085113 77.49959220000005
13.0252917 77.51129149999997
13.0085113 77.49959220000005
13.020984 77.55387900000005
13.0329904 77.55495080000003
13.0115818 77.54269899999997
13.0285439 77.51971909999997
13.0085113 77.49959220000005
13.00865 77.54150000000004
13.00787 77.54750000000001
13.010246 77.50066600000002
13.009765 77.525396
13.0185685 77.53042900000003
13.0093582 77.49180419999993
13.0205797 77.52955999999995
13.009314 77.497387
13.0092425 77.49721120000004
13.0349476 77.55371660000003
13.009381 77.50568599999997
13.006746 77.524855
13.012466 77.50922300000002
13.0249732 77.55730470000003
13.0132692 77.54460940000001
13.0201038 77.55561699999998
13.01262 77.52136300000006
13.0190421 77.55757330000006
13.0236424 77.55954769999994
13.023077 77.55702509999992
13.0251022 77.55753979999997
13.03314 77.55847219999998
13.031992 77.55955799999992
13.0224002 77.55663149999998
13.029356 77.52004590000001
13.010246 77.50066600000002
13.019756 77.55791699999997
13.0195142 77.55215659999999
13.0219543 77.55904280000004
13.0070104 77.52694480000002
13.031403 77.52918699999998
13.023917 77.55718300000001
13.0355253 77.51508460000002
13.015183 77.50604399999997
13.0081415 77.56480770000007
13.033677 77.52405099999999
13.0210184 77.53516309999998
13.0081666 77.56375789999993
13.0242248 77.55725610000002
13.034055 77.56031099999996
13.0285114 77.55748679999999
13.0184525 77.52383180000004
13.011765 77.52197799999999
13.0122087 77.52164909999999
13.0253622 77.51829440000006
13.0232348 77.55953599999998
13.037661 77.560337
13.030017 77.55951700000003
13.009118 77.49813199999994
13.033803 77.55401499999994
13.0083762 77.54244229999995
13.033639 77.52613300000007
13.0071894 77.54787950000002
13.023218 77.556739
13.0079381 77.50549860000001
13.049136 77.59316590000003
12.9840638 77.67842129999997
13.020279 77.67428799999993
13.0119225 77.66923070000007
13.015565 77.709517
12.9978602 77.46185889999992
12.971563 77.71174599999995
13.0990652 77.57212909999998
13.0992368 77.59772569999996
13.09345 77.541471
13.0937351 77.59495170000002
13.0785808 77.59263620000002
13.097398 77.57896900000003
13.097817 77.56306700000005
13.0994065 77.57711369999993
13.099511 77.577628
13.0995279 77.57518729999993
13.0763046 77.5561894
13.10245 77.576867
13.09948 77.58291699999995
13.081686 77.55964900000004
13.10197 77.58635900000002
13.094454 77.58601199999998
13.106962 77.56629900000007
13.083477 77.55986699999994
13.094936 77.57986800000003
13.099658 77.57835509999995
13.080031 77.51415999999995
13.099135 77.59521199999995
13.098198 77.58951960000002
13.081954 77.56033000000002
13.0986714 77.57789419999995
13.0994055 77.59707750000007
13.096557 77.57864100000006
13.085337 77.55366200000003
13.0979034 77.56659530000002
13.086429 77.55990999999995
13.094697 77.58027300000003
13.083151 77.56002699999999
13.0949831 77.5910523
13.094454 77.58601199999998
13.091719 77.55862000000002
13.078567 77.592667
13.04765 77.57587739999997
13.13552 77.58899900000006
13.059183 77.54573299999993
13.0452056 77.51321170000006
13.070133 77.56500000000005
13.039088 77.55061
13.0498389 77.64533410000001
13.0301078 77.65302480000003
13.0779874 77.63379269999996
13.0511166 77.51008780000006
13.0657883 77.58773180000003
13.049621 77.494146
13.0672397 77.59303109999996
13.0422426 77.51614289999998
13.0635565 77.58827900000006
13.0566984 77.53279099999997
13.05098 77.51541499999996
13.0507445 77.52610600000003
13.045029 77.51360350000004
13.052317 77.50794999999994
13.0423337 77.54936069999997
13.0657883 77.58773180000003
13.0287325 77.65275079999992
13.0406771 77.51780729999996
13.0418595 77.5165915
13.058326 77.58608200000003
13.0455454 77.52171650000003
13.073817 77.55708299999992
13.0456872 77.51252699999998
13.0497395 77.51678649999997
13.052947 77.508108
13.069306 77.56899099999998
13.065431 77.55279199999995
13.0653556 77.55972910000003
13.049621 77.494146
13.0568835 77.50733549999995
13.095417 77.48690299999998
13.0501948 77.51637690000007
13.065829 77.53315700000007
13.058318 77.58506399999999
13.0509049 77.51408300000003
13.0512567 77.50786659999994
13.058845 77.58225700000003
13.058891 77.46482500000002
13.047083 77.50786700000003
13.066728 77.57007199999998
13.0478334 77.57716389999996
13.063267 77.58686699999998
13.0516849 77.50788839999996
13.0591 77.545883
13.05665 77.50696700000003
13.056724 77.50430200000005
13.052682 77.49547200000006
13.0568316 77.50966670000003
13.054217 77.50962800000002
13.050606 77.51184599999999
13.0553286 77.51058369999998
13.0591051 77.50189469999998
13.0557688 77.50759199999993
13.046934 77.50775299999998
13.0519769 77.50791049999998
13.0469185 77.54957230000002
13.058917 77.50704999999994
13.043133 77.55173300000001
13.062533 77.59273299999995
13.0660553 77.59286180000004
13.0432061 77.55228160000001
13.041898 77.51920599999994
13.0418039 77.54724579999993
13.0424862 77.54994710000005
13.0425672 77.55010570000002
13.064104 77.593121
13.009466 77.58363899999995
13.006417 77.59696699999995
12.9868241 77.73626079999997
12.991119 77.72101799999996
12.9896463 77.59275530000002
12.994982 77.58168339999997
13.0021555 77.54297509999992
13.0175685 77.65824320000002
12.998056 77.54079899999999
12.9847 77.60685000000001
13.0211837 77.67883840000002
13.0026473 77.66122300000006
13.014843 77.66236400000003
12.9929949 77.57290940000007
13.046591 77.72258399999998
13.075205 77.78632500000003
13.065516 77.78623300000004
13.074894 77.78652199999999
13.0086138 77.75869390000003
13.014934 77.6555763
13.019962 77.67438000000004
13.012349 77.66190899999992
13.0143579 77.70154860000002
12.999232 77.61574399999995
13.010026 77.684033
13.0174964 77.6580808
13.0084614 77.75858399999993
13.01685 77.66108299999996
13.005252 77.67479600000001
13.0185453 77.65751150000006
13.018017 77.65756699999997
13.018 77.65761700000007
13.00995 77.69716700000004
13.003167 77.63543500000003
13.007 77.64016700000002
13.013883 77.66409999999996
13.0149 77.65608299999997
13.01165 77.67031700000007
13.019167 77.65586699999994
13.0059703 77.63865340000007
13.0001512 77.63356590000001
13.0041447 77.61951820000002
13.0155366 77.66707259999998
13.001838 77.631844
13.020633 77.65265
13.018567 77.65654999999992
13.0051884 77.69441039999992
13.017217 77.66031699999996
13.0047903 77.75663580000003
13.017783 77.65873299999998
13.005733 77.70150000000001
13.0015642 77.63038460000007
13.00641 77.63911699999994
13.029528 77.66526099999999
13.021041 77.696098
13.00916 77.61396400000001
13.0085358 77.69639010000003
13.00965 77.60905000000002
12.9929042 77.66130999999996
12.998045 77.67104399999994
12.997217 77.65456700000004
12.9942411 77.66634599999998
12.993156 77.68190600000003
12.9976673 77.67170899999996
12.9970702 77.69101290000003
12.993883 77.67191700000001
12.9960044 77.67291350000005
13.0082605 77.65557620000004
12.991814 77.677055
12.978161 77.6375471
13.003156 77.59687499999995
12.9916261 77.66391469999996
12.9895161 77.60556859999997
12.9900806 77.60604290000003
12.9891301 77.60557500000004
12.978143 77.64175
12.9905521 77.60664910000003
12.981255 77.60196100000007
12.9844884 77.60225709999997
12.981515 77.61027200000001
12.9782029 77.63480449999997
12.9833031 77.60967930000004
12.9820493 77.61000279999996
12.982663 77.60670600000003
12.9822126 77.60298310000007
12.985533 77.60606699999994
12.980176 77.60413300000005
12.990867 77.60513300000002
12.979617 77.60258399999998
12.979483 77.60629999999992
12.9831549 77.60792809999998
12.982008 77.60753999999997
12.9805994 77.60333209999999
12.9873168 77.62005210000007
12.9817209 77.60432919999994
12.985533 77.60606699999994
12.9971503 77.61425580000002
12.9841037 77.60494199999994
12.9795277 77.60351719999994
13.002373 77.60319500000003
12.9800556 77.61281770000005
12.981133 77.60301700000002
12.981733 77.60518300000001
12.980811 77.60232500000006
12.9811777 77.60404770000002
12.98125 77.60313300000007
12.9833179 77.60851879999996
12.9881698 77.59467470000004
12.9832836 77.60850909999999
12.9824212 77.59785009999996
12.9936749 77.60771320000003
12.9936938 77.60731120000003
12.987967 77.59288400000003
12.9849315 77.67395940000006
12.9813746 77.60309540000003
12.98035 77.60283299999992
12.9810694 77.60283900000002
12.980983 77.60974999999996
12.9830364 77.60620389999997
12.9824212 77.59785009999996
12.991133 77.61028299999998
12.9904467 77.60728599999993
12.9851336 77.60090889999992
12.9839396 77.67894230000002
12.9839793 77.67865210000002
12.968083 77.65194999999994
12.9677379 77.64158599999996
12.9994707 77.57173639999996
12.973817 77.62043399999993
12.972013 77.64190600000006
12.9680711 77.65214259999993
12.9723136 77.65071499999999
12.96985 77.63919299999998
12.970811 77.64098200000001
12.973686 77.60799099999997
12.975067 77.66456700000003
12.972967 77.64821699999993
12.97557 77.60630590000005
12.976026 77.60320000000002
12.9751602 77.63610330000006
12.9784209 77.62972030000003
12.9771369 77.63156270000002
12.9810503 77.64592500000003
12.9893 77.60556700000006
12.9867097 77.60855219999996
12.9803491 77.60278399999993
12.98865 77.60598299999992
12.991217 77.60493300000007
12.9814722 77.61921389999998
12.983958 77.60362209999994
12.986021 77.60690499999998
12.981117 77.60416699999996
12.9816765 77.60490979999997
12.9809042 77.60277629999996
12.980217 77.602668
12.9891741 77.60555679999993
12.9819509 77.60834009999996
12.975567 77.605683
12.9847219 77.60634129999994
12.978621 77.64059900000007
12.9794954 77.6035081
12.9896771 77.60725019999995
12.979985 77.60244599999999
12.9814214 77.60303369999997
12.979717 77.60283500000003
12.980585 77.60285799999997
12.9891329 77.60557119999999
12.9834679 77.60604460000002
12.9774486 77.63144639999996
12.979574 77.60353699999996
12.98715 77.605233
12.979651 77.64470200000005
12.9890976 77.60560069999997
12.983475 77.61375099999998
12.9812616 77.60306830000002
12.9769934 77.63177859999996
12.964818 77.61412500000006
12.9651091 77.60991939999997
12.9672505 77.59939020000002
12.954459 77.61784999999998
12.962959 77.61673829999995
12.9550076 77.61429840000005
12.9647522 77.59676279999996
12.9622877 77.5934095
12.9662944 77.59501929999999
12.9571721 77.59268850000001
12.9581928 77.58634940000002
12.95645 77.58850000000007
12.9675091 77.59249699999998
12.955517 77.61872599999992
12.9542938 77.6157197
12.9581862 77.61544159999994
12.955828 77.58909599999993
12.9700558 77.60982910000007
12.958662 77.59346200000005
12.9549511 77.5861784
12.9688052 77.6002714
12.9567782 77.58689660000005
12.9619552 77.58934950000003
12.9567404 77.59302649999995
12.9605766 77.58661870000003
12.954808 77.61469899999997
12.9554356 77.61866529999998
12.9584756 77.601178
12.960838 77.58660929999996
12.963188 77.59814200000005
12.969146 77.60012699999993
12.969315 77.62661500000002
12.964212 77.59143100000006
12.9614026 77.59213599999998
12.9556106 77.61320279999995
12.9661076 77.59438799999998
12.9582918 77.58638470000005
12.9508331 77.59758480000005
12.948898 77.60007399999995
12.94893 77.59998799999994
12.9541408 77.6163133
12.950505 77.60742800000003
12.945651 77.58946300000002
12.941605 77.591856
12.946682 77.5953601
12.950716 77.62087599999995
12.946659 77.59828100000004
12.9444 77.59864600000003
12.941764 77.57985099999996
12.9554252 77.57896359999995
12.955283 77.57961699999998
12.95722 77.58182999999997
12.9461818 77.59376299999997
12.9419751 77.60839510000005
12.9467804 77.57985839999992
12.95675 77.58060999999998
12.9423648 77.60823630000004
12.950177 77.59242399999994
12.954593 77.58294000000001
12.9415163 77.60863530000006
12.942635 77.60818100000006
12.9470152 77.59944159999998
12.957017 77.58426699999995
12.951561 77.57444899999996
12.9438537 77.59342609999999
12.945649 77.59821799999997
12.9460155 77.59379960000001
12.943699 77.61783000000003
12.9422304 77.57483760000002
12.955507 77.57682999999997
12.9412145 77.6173695
12.946338 77.59386530000006
12.954812 77.58086100000003
12.954794 77.58170700000005
12.954865 77.58101899999997
12.955015 77.58029599999998
12.952847 77.58007499999997
12.947133 77.59749499999998
12.9449921 77.59443420000002
12.9558781 77.57953629999997
12.95681 77.58091000000002
12.945909 77.60738400000002
12.9542699 77.57555400000001
12.9425003 77.60894159999998
12.95516 77.57443
12.9431972 77.60886749999997
12.954648 77.58398899999997
12.952701 77.61800100000005
12.946632 77.60120699999993
12.9468085 77.59999540000001
12.943835 77.5798608
12.9540144 77.5832967
12.933298 77.56801599999994
12.9342743 77.57330009999998
12.9318719 77.57133169999997
12.9263999 77.58364200000005
12.917841 77.59490600000004
12.926821 77.59453499999995
12.9252893 77.58368029999997
12.932342 77.57698200000004
12.9338947 77.57770310000001
12.934433 77.59276699999998
12.9330482 77.55704489999994
12.9226054 77.60170199999993
12.9361264 77.56876420000003
12.9300956 77.58356630000003
12.9200405 77.58925959999999
12.9314271 77.58361450000007
12.9178 77.60121700000002
12.9339946 77.51687779999997
12.9211087 77.60026440000001
12.9216955 77.58664180000005
12.9213189 77.60172620000003
12.93255 77.583483
12.9338028 77.5460243
12.9206822 77.58365909999998
12.93365 77.54603299999997
12.930683 77.58439999999996
12.9445179 77.557546
12.936756 77.56205999999997
12.932528 77.55603339999993
12.9328954 77.55703259999996
12.9320738 77.55558680000001
12.937589 77.5581148
12.9302437 77.56050900000002
12.931967 77.56401699999992
12.929976 77.552457
12.934706 77.54716259999998
12.9398229 77.58183489999999
12.93813 77.57840199999998
12.938302 77.55740939999998
12.9390637 77.55201239999997
12.938629 77.54402900000002
12.9394692 77.54670869999995
12.9394803 77.55787439999995
12.938522 77.55345299999999
12.938965 77.55184199999997
12.940056 77.55780099999993
12.9382547 77.55725919999998
12.9321573 77.58354540000005
12.9385716 77.55239630000005
12.9330752 77.54386879999993
12.9299413 77.57783139999992
12.9252161 77.55067839999992
12.9403028 77.55995310000003
12.9421369 77.56420879999996
12.9416876 77.56398009999998
12.9416856 77.56382020000001
12.941724 77.57109500000001
12.944894 77.57076499999994
12.941511 77.55992700000002
12.942817 77.55818299999999
12.9419056 77.56437460000006
12.941984 77.56127600000002
12.9444683 77.55702550000001
12.945283 77.57148299999994
12.9435586 77.5548546
12.941898 77.56317899999999
12.941484 77.55818499999998
12.9415128 77.55774870000005
12.9449913 77.56433979999997
12.9416915 77.55809999999997
12.9415654 77.55812400000002
12.9471579 77.56846940000003
12.947856 77.57143199999996
12.9525688 77.56446890000007
12.956989 77.56373299999996
12.956812 77.563851
12.956989 77.56373299999996
12.953657 77.544531
12.9513742 77.5482892
12.9550488 77.54464209999992
12.9543724 77.5518568
12.959931 77.56732199999999
12.9584084 77.58507770000006
12.9520353 77.54797510000003
12.958762 77.55645299999992
12.956577 77.54571099999998
12.955057 77.55176099999994
12.9452401 77.54818590000002
12.960464 77.58344599999998
12.956522 77.54835300000002
12.959277 77.57945999999993
12.9584256 77.58466499999997
12.9585188 77.5846861
12.9502927 77.5463446
12.9575196 77.58492079999996
12.9604315 77.54964580000001
12.951654 77.551874
12.958722 77.54580199999998
12.9573876 77.56867999999997
12.954491 77.55184540000005
12.958586 77.56226100000003
12.9469892 77.54887589999998
12.9606832 77.56187990000001
12.9571599 77.56540870000003
12.96019 77.58329800000001
12.9583861 77.58464789999994
12.9460609 77.54960979999998
12.9629222 77.71734719999995
12.9737506 77.67388189999997
12.974229 77.67835400000001
12.9726885 77.67871579999996
12.9746741 77.67874319999999
12.974678 77.67109600000003
12.973991 77.67328599999996
12.973946 77.67835600000001
12.974898 77.67027000000007
12.961928 77.66867400000001
12.9620835 77.68089029999999
12.9569418 77.70370090000006
12.95704 77.74238119999995
12.9542731 77.70009049999999
12.9606903 77.70116589999998
12.951698 77.70646999999997
12.9536468 77.62139300000001
12.960938 77.63862300000005
12.9354479 77.62498310000001
12.9485877 77.68538030000002
12.962859 77.65950799999996
12.955251 77.70026619999999
12.9411752 77.69774719999998
12.9564142 77.6960732
12.9502916 77.69978160000005
12.935135 77.62285299999996
12.9562286 77.69518300000004
12.9560637 77.6937461
12.939057 77.61950300000001
12.9595639 77.70085089999998
12.9552128 77.70041500000002
12.956354 77.64915900000005
12.957083 77.70171700000003
12.9463879 77.66817330000003
12.9566 77.69698300000005
12.951283 77.69998299999997
12.956583 77.69691699999998
12.9316556 77.62269590000005
12.9584916 77.65654259999997
12.938417 77.63046699999995
12.937917 77.61873300000002
12.9505521 77.62405960000001
12.9603479 77.70114899999999
12.9550756 77.64152349999995
12.956317 77.69478300000003
12.9562 77.69495000000006
12.957 77.7002
12.9383981 77.63046740000004
12.961483 77.63551699999994
12.9639393 77.64224899999999
12.9383158 77.6303795
12.937638 77.61886700000002
12.961533 77.63536699999997
12.9372583 77.62658839999995
12.9567702 77.66483540000002
12.9382465 77.6287307
12.956851 77.69553100000007
12.958433 77.70153499999992
12.9362794 77.62763769999992
12.9486442 77.69962209999994
12.955967 77.641483
12.949856 77.62632699999995
12.9359143 77.627791
12.9562963 77.69681319999995
12.939131 77.6219135
12.9381679 77.62598559999992
12.948367 77.70580100000006
12.9603635 77.63638830000002
12.9564995 77.69671160000007
12.9415935 77.62346909999997
12.936944 77.62745300000006
12.936714 77.63088100000004
12.940045 77.62579970000002
12.9352696 77.62028499999997
12.9562401 77.72987650000005
12.956025 77.71684779999998
12.8702811 77.65658869999993
12.8798191 77.56777069999998
12.927718 77.67664400000001
12.923633 77.65166399999998
12.897488 77.72375199999999
12.924533 77.63843299999996
12.9223131 77.65137529999993
12.904065 77.70417799999996
12.925803 77.63758600000006
12.9177092 77.63380299999994
12.9214734 77.66238090000002
12.907424 77.63557400000002
12.914817 77.652064
12.924767 77.63798299999996
12.9212388 77.6633296
12.9212761 77.66311050000002
12.9091226 77.68607539999994
12.921833 77.64971700000001
12.916461 77.63502100000005
12.9301636 77.63373709999996
12.9164438 77.67141479999998
12.928283 77.63663300000007
12.9148479 77.64479849999998
12.906684 77.675701
12.9034339 77.63142859999994
12.9291394 77.63536679999993
12.9217744 77.66531429999998
12.9212084 77.66352789999996
12.9245295 77.63662109999996
12.912895 77.67693299999996
12.91038 77.686147
12.9136015 77.67728460000001
12.907123 77.67572100000007
12.9232914 77.66976739999996
12.8968816 77.63084860000004
12.912172 77.68184599999995
12.9367651 77.74467860000004
12.924641 77.63787300000001
12.9245703 77.63838680000003
12.9229685 77.64633309999999
12.9120893 77.68126710000001
12.910486 77.697452
12.936718 77.63088100000004
12.909769 77.64323200000001
12.9075852 77.65251890000002
12.9005387 77.63781429999995
12.920636 77.65232700000001
12.904802 77.68210699999997
12.9249393 77.6379336
12.9070448 77.633733
13.02003 77.6120836
13.023718 77.64315899999997
13.015917 77.61191699999995
13.020462 77.619009
13.0236585 77.61057619999997
13.00945 77.6430537
13.009533 77.60958299999993
13.020625 77.61951299999998
13.017217 77.61260000000004
13.016611 77.63608199999999
13.0142886 77.64879489999998
13.0157181 77.60886759999994
13.0169952 77.63333579999994
13.0151392 77.63160599999992
13.0185935 77.63499790000003
13.0106548 77.64335679999999
13.0098917 77.61539470000002
13.0122162 77.62307929999997
13.013151 77.63542000000007
13.0211798 77.61724140000001
13.0162421 77.61221769999997
13.0208795 77.63562709999997
13.023881 77.6297826
13.0124175 77.60779339999999
13.01281 77.61349199999995
13.013942 77.653636
13.022889 77.62053600000002
13.0039392 77.55346589999999
12.9988533 77.56265839999992
12.998783 77.55030399999998
13.0030524 77.5638199
12.9976074 77.55347010000003
13.0039272 77.55350939999994
12.9984958 77.57843219999995
13.0004102 77.57141219999994
12.9992381 77.56936840000003
13.002283 77.5584
13.00401 77.55348449999997
12.9980136 77.55809099999999
13.0018213 77.57445110000003
12.999836 77.55040899999995
13.0000588 77.56615729999999
12.9995729 77.57167070000003
13.002457 77.55341999999996
13.002766 77.57053900000005
13.004583 77.55368299999998
12.998564 77.55433300000004
13.0021997 77.54419340000004
12.9984202 77.55504959999996
13.010386 77.57972999999993
12.9991723 77.5713174
12.999967 77.55323199999998
13.001607 77.54975200000001
13.003701 77.57120099999997
13.0001639 77.55455310000002
12.999892 77.57231100000001
13.0001838 77.55447070000002
13.0002475 77.57146379999995
13.0030625 77.56191710000007
12.9983795 77.57841039999994
13.0046299 77.54975839999997
12.9974912 77.55010340000001
12.997292 77.55373499999996
12.9971433 77.55383099999995
12.9959535 77.55468589999998
12.9945723 77.5507437
12.9957154 77.5562741
12.9949627 77.55677430000003
12.9965663 77.56794360000004
12.99331 77.55088999999998
12.9939176 77.54989619999992
12.992513 77.55536299999994
12.9936347 77.54707889999997
12.9932681 77.53908230000002
12.9957289 77.54187909999996
12.9999902 77.51321170000006
12.9926101 77.54043230000002
12.9947108 77.53943649999997
13.0006565 77.53561709999997
13.002307 77.53184599999997
12.99421 77.50800700000002
12.992325 77.53722100000005
13.0000338 77.53297850000001
12.992698 77.53060200000004
12.98988 77.50245399999994
12.986633 77.51198299999999
12.9914716 77.53834819999997
12.9885621 77.53778899999998
12.987319 77.52986299999998
12.9910525 77.52973169999996
12.991969 77.50718099999995
12.99541 77.53917000000001
12.997401 77.52831700000002
13.0002971 77.53738529999998
12.9986329 77.5233389
12.993274 77.51265169999999
12.987367 77.51321699999994
13.0014219 77.53721700000006
12.9962482 77.52307510000003
12.999911 77.53985799999998
12.993053 77.53936599999997
12.992117 77.53408100000001
13.003955 77.535931
13.0051826 77.54111899999998
13.0045564 77.53569689999995
13.006127 77.53492779999999
13.0082537 77.53149689999998
13.0047057 77.5287912
13.0060624 77.53386360000002
13.0057066 77.5278558
13.0036985 77.52997000000005
13.0056929 77.51735929999995
13.0034333 77.5336198
12.994813 77.47816699999998
13.000764 77.49366370000007
12.9951335 77.49531520000005
13.002791 77.49815899999999
12.9913425 77.49801539999999
12.987593 77.49308099999996
12.9889907 77.49873839999998
12.9886131 77.47319440000001
12.9893527 77.49847849999992
13.010246 77.50066600000002
13.0093542 77.49087880000002
12.987263 77.49286000000006
13.018774 77.46648800000003
12.9762715 77.42701779999993
12.9814977 77.53439249999997
12.9814977 77.53439249999997
12.980099 77.53888200000006
12.9531239 77.51669400000003
12.9651554 77.52338689999999
12.9729689 77.52879840000003
12.9842 77.52828299999999
12.9761701 77.52669200000003
12.961883 77.52193299999999
12.9520419 77.49951710000005
12.9674568 77.50317169999994
12.983437 77.52965999999992
12.977033 77.50908000000004
12.9644238 77.63915500000007
