12.9588728 77.5826257
12.9611786 77.56866079999998
12.9721519 77.58669379999992
12.9735685 77.5816082
12.9810277 77.55831469999998
12.950604 77.60543540000003
12.953987 77.54357600000003
12.958133 77.58631700000001
12.9572478 77.55100440000001
12.979383 77.55369700000006
12.9613606 77.56211200000007
12.9586319 77.58685880000007
12.9749945 77.54805680000004
12.9669851 77.5627111
12.9587449 77.58255699999995
12.956419 77.54878800000006
12.9553622 77.54936509999993
12.9702085 77.52457950000007
12.9757758 77.59856919999993
12.9668783 77.54702870000006
12.959843 77.53278690000002
12.9588567 77.52401540000005
12.9749819 77.56581759999995
12.9614252 77.58581300000003
12.9507674 77.59189930000002
12.9614823 77.58565980000003
12.97595 77.57948899999997
12.9751732 77.60131950000005
12.9672143 77.59942509999996
12.9719251 77.60718339999994
12.966903 77.54698259999998
12.977284 77.54648799999995
12.9771246 77.54659889999994
12.9641078 77.57027270000003
12.961746 77.52091500000006
12.973508 77.55330600000002
12.9565081 77.54870299999993
12.9593311 77.57565920000002
12.955376 77.58215500000006
12.9571504 77.56218630000001
12.9702344 77.52463250000005
12.9622158 77.56910189999996
12.9556434 77.58055149999996
12.9547675 77.58860920000006
12.9589338 77.55605220000007
12.9629684 77.56663939999999
12.981987 77.58732599999996
12.9609438 77.5283852
12.9619694 77.56415319999996
12.9765361 77.57999619999998
12.972259 77.57529039999997
12.982226 77.59422100000006
12.975636 77.55342359999997
12.9602547 77.58870290000004
12.9822391 77.5916714
12.9516268 77.60984910000002
12.9822339 77.59401490000005
12.9817484 77.53223580000008
12.957888 77.53161999999998
12.9590435 77.55600389999995
12.972906 77.60091349999993
12.9666316 77.60870399999999
12.9537 77.54217799999992
12.9672537 77.56998090000002
12.967918 77.59194000000002
12.9599263 77.53271489999997
12.97589 77.59788000000003
12.9672535 77.56999250000001
12.9602551 77.55726860000004
12.959328 77.57565899999997
13.0038844 77.6575262
12.9828108 77.63754859999995
12.9454394 77.6187046
12.9725936 77.6193872
13.0061317 77.57882990000007
12.98105 77.65731699999992
12.9677058 77.65609319999999
12.9433273 77.57713309999997
12.986497 77.58016559999999
13.0019748 77.63149980000003
12.9865257 77.54036599999995
12.9467586 77.53201869999998
12.9983226 77.55454970000005
13.0049182 77.61973710000007
12.9893179 77.50611320000007
12.9852135 77.54334119999999
12.999012 77.58090560000005
12.9592438 77.65330700000004
13.0082139 77.62457459999996
12.9460997 77.49630869999999
12.991871 77.65958499999999
12.9853853 77.54421550000006
12.991106 77.54891999999995
12.9841856 77.56008789999998
13.0024266 77.60029869999994
12.9861282 77.52140299999996
13.0053682 77.5938185
12.989393 77.57255599999996
12.961329 77.63464290000002
12.959878 77.64951080000003
12.9915346 77.55782640000007
12.945247 77.61899829999993
12.9965406 77.61187399999994
12.9608474 77.51062379999996
12.9969317 77.66972020000003
12.9496451 77.62083289999998
13.0081415 77.56480770000007
12.9484221 77.52293250000002
12.9718356 77.65445169999998
12.9973018 77.54684870000006
13.0089922 77.56316340000001
12.9917551 77.54600119999998
12.9917108 77.55759469999998
12.966336 77.50483499999996
12.946172 77.56799709999996
12.9554285 77.66291139999998
12.9856045 77.52527120000002
12.944238 77.53029500000002
12.9873164 77.57239759999993
12.9432729 77.52650470000003
12.9863648 77.58200119999992
13.0004328 77.61820130000001
12.9233927 77.66998710000007
12.9553923 77.69108970000002
12.9366176 77.5804167
12.9340882 77.5392531
12.9284603 77.60065170000007
12.9221333 77.56001349999997
12.9213527 77.64479779999999
13.0436851 77.52053599999999
13.0210392 77.58445729999994
12.9665849 77.71753160000003
12.9152688 77.55878489999998
12.9110151 77.62612949999993
13.1035015 77.62427690000004
12.9104029 77.59484980000002
13.0220557 77.60044010000001
12.9163623 77.60537109999996
13.0241974 77.69467880000002
12.9083485 77.69239770000001
12.9340756 77.53924410000002
12.8839532 77.59622000000002
12.8918697 77.61141210000005
13.0077365 77.75812739999992
13.0176794 77.76174809999998
13.0042797 77.71221070000001
13.021396 77.60057970000003
12.9065531 77.59435389999999
12.917223 77.5742616
12.9420097 77.58034470000007
12.916982 77.67153699999994
13.0267656 77.61502329999996
12.8910718 77.5647854
12.9297941 77.56837440000004
13.058169 77.59383600000001
13.0195686 77.55270530000007
13.0147054 77.62858400000005
12.9369962 77.5190718
12.9134053 77.55906860000005
12.9330883 77.48870439999996
12.8875283 77.73599250000007
13.0566167 77.60305169999992
13.0116279 77.56146390000004
12.937954 77.54950199999996
12.956118 77.74515999999994
13.061189 77.460237
13.121423 77.6231745
13.0221271 77.60795830000006
12.9996677 77.69042769999999
13.0318939 77.5762962
13.010519 77.52649099999996
13.0222708 77.60798509999995
12.9982234 77.68919570000003
13.0122785 77.55373499999996
13.015325 77.65006300000005
13.0114701 77.61594330000003
12.9042672 77.60126409999998
12.971211 77.68186100000003
12.908488 77.62753299999997
12.8307821 77.68142130000001
12.8333034 77.41445590000001
12.7965215 77.718704
12.7866662 77.74541840000006
12.8452364 77.55888759999993
12.817001 77.69116499999996
12.8421809 77.61839439999994
12.797719 77.66107099999999
12.784615 77.64952399999993
12.8426406 77.58854989999998
12.808411 77.69780100000003
12.8421185 77.61918880000007
12.7556444 77.4845123
12.8609831 77.77998389999993
12.8685163 77.56583760000001
12.838399 77.72499730000004
12.819572 77.68909699999995
12.8597265 77.59007459999998
12.859468 77.56991219999998
12.8081919 77.69816000000003
12.8398007 77.58875379999995
12.8100542 77.66508939999994
12.8328184 77.41440339999997
12.7993555 77.62401640000007
12.862164 77.564659
12.8152824 77.69239960000004
12.806216 77.59366899999998
12.82691 77.41217000000006
12.8115811 77.58579839999993
12.8408567 77.41977320000001
12.853127 77.73038509999992
12.8671307 77.53500689999998
12.8427351 77.42029789999992
12.8274571 77.58721209999999
12.9151942 77.48193200000003
12.898543 77.464653
12.8767855 77.67162229999997
12.9067543 77.57938809999996
12.926485 77.50128599999994
12.9134897 77.55911960000003
12.9294583 77.6290424
12.711235 77.667599
12.9168133 77.6098455
12.9225787 77.61941589999992
12.9165609 77.59770370000001
12.9059287 77.54223739999998
12.8964518 77.63487869999994
12.9276618 77.58943299999999
12.9219483 77.61992669999995
12.9293353 77.51419729999998
12.9282633 77.73950790000004
12.9120934 77.48477939999998
12.9152713 77.55911889999993
12.876462 77.73576500000001
12.916731 77.56212400000004
12.7194597 77.70162370000003
12.915121 77.48188379999999
12.909599 77.68774299999995
12.921422 77.64479299999994
12.9152749 77.55880379999996
12.8863588 77.59643989999995
12.89 77.46000000000004
12.8987368 77.74830010000005
12.925719 77.57376199999999
12.9079363 77.57122329999993
12.8400977 77.78460389999998
12.9149615 77.67546010000001
12.884764 77.746625
12.9335433 77.63028129999998
12.9324902 77.49044140000001
12.9362912 77.4926716
12.9327405 77.51653169999997
13.0161366 77.61758750000001
13.026909 77.63123350000001
13.0335189 77.53087289999996
13.0123524 77.66661019999992
12.9752451 77.6968415
12.9648731 77.67812839999999
12.95649 77.69749999999999
13.012356 77.66662599999995
13.0143023 77.66191409999999
13.014867 77.65361699999994
13.01257 77.64284180000004
12.987126 77.69038799999998
12.9697087 77.66598720000002
13.0560739 77.63219579999998
13.0293108 77.57889929999999
13.032164 77.61766799999998
13.03021 77.62077099999999
13.0256507 77.6303054
13.0285043 77.60470269999996
13.0515667 77.5749869
13.0292559 77.57891130000007
13.0443314 77.62671810000006
13.0456176 77.50532959999998
13.130712 77.57136100000002
13.0973526 77.5913041
13.0755877 77.60172929999999
13.092181 77.594514
13.091795 77.65491599999996
13.081199 77.59307799999999
13.0262625 77.72137020000002
13.0323133 77.73040939999998
13.0788878 77.78244410000002
13.0375352 77.67554659999996
13.077707 77.79604500000005
13.044493 77.73798299999999
13.0665005 77.80665850000003
13.0263847 77.72132690000001
13.075524 77.79222600000003
13.044137 77.76387399999999
13.0777017 77.79604549999999
13.074564 77.810205
13.0189899 77.70659520000004
13.0194655 77.70806770000002
12.998819 77.68244800000002
13.0183909 77.67799450000007
12.9986612 77.69307179999998
12.9979075 77.67056869999999
12.9967075 77.66980009999997
12.986522 77.64606900000001
12.996784 77.66957130000003
12.996493 77.61177199999997
12.9918213 77.61467419999997
13.0081787 77.61282159999996
12.991844 77.61459300000001
12.972523 77.61987999999997
12.9380374 77.54955589999997
12.940017 77.609283
12.9376808 77.5709812
12.9440132 77.53144029999999
12.9474212 77.53379289999998
12.9365656 77.58042369999998
12.9443487 77.52947879999999
12.9496863 77.59287459999996
12.94172 77.56423459999996
12.9368992 77.58481110000002
12.9415523 77.56125029999998
12.932305 77.54153799999995
12.9324902 77.54147609999995
12.9324191 77.51615659999993
12.9136155 77.48777859999996
12.9247 77.50243899999998
12.9362928 77.49272759999997
12.9413308 77.49309549999998
12.941055 77.49291500000004
12.904234 77.50750990000006
12.923393 77.57295750000003
12.907635 77.41804100000002
12.8855921 77.55522470000005
12.8985507 77.4646586
12.9078053 77.57053109999993
12.9583479 77.51737909999997
12.9309946 77.60045179999997
12.9395065 77.62535509999998
13.043254 77.51278200000002
13.0268449 77.55803609999998
13.03825 77.56470000000002
13.018517 77.59195
13.0302058 77.57074130000001
13.046149 77.54663200000005
13.0457586 77.50719099999992
13.0326844 77.56967789999999
13.0224095 77.53301090000002
12.988155 77.47339699999998
13.0247024 77.58528389999992
13.0430321 77.55674150000004
13.026489 77.50917600000002
12.9886699 77.50866659999997
13.0268253 77.5581158
13.005823 77.55432399999995
13.037796 77.50109099999997
12.9902377 77.55979249999996
12.9999522 77.53865100000007
12.9886084 77.50870080000004
13.0438457 77.55419440000003
13.023431 77.509907
13.0489481 77.50776500000006
12.988639 77.44820099999993
12.9965031 77.5400823
13.01043 77.53683999999998
12.9964479 77.5801358
12.999156 77.51344999999992
13.0476682 77.5070892
13.0273653 77.56009429999995
12.9881326 77.50174279999999
13.043532 77.55378300000007
13.0202342 77.53822880000007
12.9956458 77.57492150000007
13.00262 77.58380999999997
13.0104404 77.53685410000003
12.989117 77.49997800000006
13.04745 77.50814400000002
13.013762 77.5963524
13.0426071 77.55684240000005
12.9965661 77.54000719999999
13.030591 77.57095000000004
13.020603 77.55212400000005
13.0287078 77.53612969999995
12.975798 77.66816799999992
12.93006 77.61506800000006
12.931486 77.60127399999999
12.928778 77.737885
12.9825845 77.708575
12.9681959 77.63343129999998
12.9231498 77.67137389999994
12.9395117 77.62535219999995
12.9257057 77.60017689999995
12.961302 77.63469099999998
12.929685 77.57346499999994
12.9309946 77.60045179999997
12.897555 77.59970199999998
12.921384 77.60041530000001
12.9066635 77.57931770000005
13.068343 77.54488349999997
13.0811318 77.54824359999998
13.06946 77.5627015
12.996844 77.76327289999995
13.0857576 77.55417469999998
13.0637504 77.55938949999995
13.1637918 77.56603459999997
13.1368382 77.56851370000004
13.1366306 77.48152430000005
13.131473 77.64902400000005
13.1566722 77.56624060000001
13.0721246 77.52445979999993
13.136518 77.48151099999995
13.121567 77.61291200000005
13.0200058 77.63697239999999
13.07969 77.42327999999998
13.1904059 77.64529800000003
13.1313507 77.64940750000005
13.103565 77.62423000000001
13.0796216 77.51336919999994
13.0719904 77.52440209999997
13.0660399 77.53036299999997
13.0650822 77.57082579999997
13.0606089 77.4614186
13.0586456 77.46806330000004
13.1652142 77.62923550000005
13.140427 77.61767899999995
13.0096016 77.75916519999998
13.0099047 77.75947629999996
