12.9609645 77.60184800000002
12.9522951 77.56722939999997
12.9625791 77.60437150000007
12.978149 77.60118299999999
12.961567 77.52054999999996
12.9735197 77.54457409999998
12.9647866 77.60711760000004
12.9621423 77.60153760000003
12.9753334 77.60505599999999
12.9579365 77.52609519999999
12.9789 77.53906699999993
12.9691 77.53705000000002
12.97286 77.60740950000002
12.951947 77.59575159999997
12.9816961 77.53307569999993
12.954077 77.52411949999998
12.9585247 77.55348400000003
12.957182 77.59599000000003
12.9732667 77.58011549999992
12.9616757 77.52662029999999
12.9760071 77.53224219999993
12.982889 77.60670299999992
12.9512854 77.57661129999997
12.9645816 77.52582099999995
12.9711837 77.57758130000002
12.967407 77.576956
12.9762031 77.53230140000005
12.9690924 77.53695240000002
12.9715987 77.59456269999998
12.9715987 77.59456269999998
12.9765249 77.52429610000002
12.962271 77.60412470000006
12.9704111 77.5786713
12.9756995 77.53337269999997
12.9715987 77.59456269999998
12.9715987 77.59456269999998
12.9554538 77.56753149999997
12.9707912 77.57828900000004
12.9796274 77.55359380000004
12.97565 77.53411099999994
12.9715987 77.59456269999998
12.9597655 77.57973370000002
12.954867 77.53478300000006
12.960617 77.52906699999994
12.9662073 77.57650409999997
12.9588135 77.51919870000006
12.956093 77.59214500000007
12.9633823 77.60348939999994
12.978833 77.55338299999994
12.9690967 77.53561779999995
12.9715987 77.59456269999998
12.9549754 77.52983599999993
12.958433 77.60503300000005
12.974157 77.53486299999997
12.9563761 77.529041
12.967384 77.57596999999998
12.971383 77.53724999999997
12.9560411 77.5868408
12.9728341 77.52958690000003
12.9635116 77.52725970000006
12.966664 77.52119100000004
12.9715987 77.59456269999998
12.9500859 77.58101549999992
12.9749162 77.53057549999994
12.970967 77.54376130000003
12.9555899 77.52826040000002
12.9669654 77.53243499999996
12.9671316 77.55344579999996
12.97119 77.52499220000004
12.9800613 77.53173459999994
12.9769033 77.53999410000006
12.962231 77.57212299999992
12.9822917 77.52706420000004
12.975657 77.57576500000005
12.967005 77.57743200000004
12.9653315 77.584205
12.9647045 77.5306875
12.9570889 77.51866689999997
12.9662669 77.55655239999999
12.9769062 77.53989619999993
12.9695109 77.53353400000003
12.960033 77.54814999999996
12.97622 77.541789
12.9788 77.539083
12.963262 77.57098700000006
12.9637824 77.59306160000006
12.955456 77.53059200000007
12.9512762 77.54196189999993
12.9502355 77.59662509999998
12.9684017 77.53620679999995
12.958869 77.53954999999996
12.9590043 77.52365340000006
12.9694476 77.53065400000003
12.9752308 77.55339270000002
12.9716 77.59456
12.976183 77.53151700000001
12.9581329 77.52571369999998
12.97008 77.58298000000002
12.9785793 77.53613510000002
12.9695303 77.55029220000006
12.9678052 77.56255120000003
12.970371 77.55715609999993
12.9690925 77.54589599999997
12.9689631 77.54563989999997
12.971113 77.55804899999998
12.9672219 77.54163270000004
12.970833 77.546467
12.967108 77.57823800000006
12.967418 77.576957
12.962223 77.57178999999996
12.9698858 77.53327960000001
12.9719702 77.58062789999997
12.9770944 77.53885820000005
12.967398 77.57697499999995
12.9623383 77.56515160000004
12.968749 77.53691900000001
12.9744605 77.5332416
12.9678708 77.53477859999998
12.965755 77.55374849999998
12.9680583 77.53446370000006
12.9647245 77.53501460000007
12.962788 77.57168200000001
12.964031 77.57168000000001
12.9652181 77.56169929999999
12.962767 77.57168300000001
12.9662669 77.55069579999997
12.962708 77.57169299999998
12.967067 77.57894999999996
12.9661049 77.57970799999998
12.967473 77.57698400000004
12.9731922 77.61458070000003
12.965705 77.61430599999994
12.9606733 77.61456040000007
12.9590369 77.65208570000004
12.973366 77.62177969999993
12.9443738 77.57236160000002
12.9131707 77.62597740000001
12.9707722 77.75021170000002
13.0006305 77.61657489999993
13.0213754 77.5924192
12.9929327 77.68050199999993
12.9403813 77.61986530000001
12.9963322 77.617838
12.8986592 77.62669559999995
12.897867 77.60628299999996
12.891559 77.58165299999996
13.0316613 77.63575809999998
12.9216421 77.61379399999998
12.9382308 77.5562453
12.916926 77.57806690000007
12.9646931 77.71536279999998
12.992267 77.71713299999999
13.005263 77.69441099999995
12.9713667 77.65648550000003
12.9672105 77.65648349999992
12.9750762 77.75094450000006
13.0236522 77.5921151
12.9854976 77.55409650000001
13.0060343 77.56929560000003
12.9715882 77.6556372
13.0034183 77.57833600000004
12.9778806 77.64098250000006
12.9123867 77.68128739999997
13.008887 77.58052929999997
13.0000214 77.53291979999995
12.8899426 77.6003045
13.0379229 77.57439790000001
12.9944253 77.7294382
13.0473788 77.64428410000005
12.854829 77.58853699999997
13.0433299 77.51822900000002
12.9172242 77.59235949999993
13.0088444 77.65071710000007
13.0067414 77.56453540000007
12.9566666 77.7146467
12.9566539 77.70297289999996
13.0116217 77.66799990000004
12.923241 77.58798920000004
12.964007 77.74854600000003
12.9287833 77.5913286
12.9926891 77.6804955
12.9475369 77.57019279999997
12.9493867 77.69958359999998
13.0303684 77.60793820000004
12.8699331 77.62783769999999
12.9917097 77.57111450000002
12.9146923 77.52077580000002
12.9069999 77.54580650000003
12.9214137 77.5935303
13.0553237 77.60245980000002
13.0323788 77.5764557
13.0486356 77.50758339999993
12.9122208 77.63307250000003
12.956288 77.63658399999997
13.0224652 77.6963336
12.9105928 77.60632350000003
13.0592559 77.58754899999997
12.9787132 77.64464299999997
13.0204158 77.63678440000001
12.9051471 77.5951427
12.9661062 77.71780549999994
13.0368522 77.57751389999999
12.9086373 77.64908190000006
12.9124609 77.63659359999997
12.8898651 77.67336769999997
12.9720969 77.6798933
12.891233 77.59410100000002
12.9566931 77.74413149999998
13.01924 77.54727600000001
12.9941483 77.66642239999999
12.9010834 77.55812860000003
12.975017 77.75085000000001
12.9673582 77.67119939999998
12.9065265 77.58886849999999
12.9782589 77.64312749999999
12.9827266 77.69251459999998
12.9404667 77.57016950000002
12.9963917 77.55435839999996
12.9230382 77.59367969999994
13.0223141 77.59489459999998
12.8413606 77.64743959999998
12.9639357 77.71230059999994
12.9393618 77.56811859999993
12.875893 77.61689839999997
12.861954 77.66115769999999
12.854977 77.66550110000003
12.8674143 77.64818330000003
12.873714 77.64326419999998
12.8497761 77.66890869999997
12.8509398 77.65322430000003
12.8551693 77.66862990000004
12.8683589 77.65274049999994
12.8541691 77.66985829999999
12.8625774 77.6151413
12.8549104 77.67027009999993
12.8549313 77.67012390000002
12.852383 77.67281009999999
12.8608146 77.67490190000001
12.8758477 77.63981760000001
12.8715441 77.61643779999997
12.849848 77.65448600000002
12.8702347 77.65696030000004
12.8522039 77.67004610000004
12.8549528 77.66560129999993
12.8467123 77.6814991
12.8686308 77.61628389999998
12.8536055 77.66937819999998
12.9350517 77.61332199999993
12.9064524 77.60614340000006
12.9195379 77.61242689999995
12.9613451 77.74103230000003
12.9120077 77.64799340000002
12.9232518 77.58495800000003
12.839939 77.67700300000001
12.936882 77.57198399999993
12.8387859 77.66013799999996
12.9333169 77.62980379999999
12.9150244 77.58591150000007
12.897717 77.60648300000003
12.943749 77.57132100000001
12.9795347 77.63682040000003
12.927293 77.67126899999994
12.926391 77.66967299999999
12.9072441 77.5600124
12.908017 77.64921700000002
12.902589 77.55870809999999
12.920078 77.55981339999994
12.9717611 77.68091370000002
12.9093285 77.54929199999992
12.9158614 77.64921670000001
12.920579 77.58843300000001
12.9645335 77.68653829999994
12.9304106 77.56681189999995
12.9549118 77.65877879999994
12.9290472 77.5634437
13.0792324 77.55887789999997
13.0636218 77.57201179999993
13.0623986 77.59305560000007
13.1006031 77.5768554
13.0056145 77.65937059999999
12.996201 77.65782119999994
13.0636194 77.57212800000002
13.0376205 77.75922420000006
13.037767 77.57426699999996
13.045483 77.52170000000001
13.0193957 77.67828669999994
13.012548 77.64791200000002
13.00441 77.54322000000002
12.997193 77.69668580000007
13.0202398 77.55980180000006
13.0220434 77.59237280000002
12.99587 77.61327000000006
13.003333 77.57841699999994
12.9801551 77.51135590000001
12.954444 77.622342
13.0022096 77.57138250000003
13.0161252 77.65061630000002
13.023483 77.59198300000003
13.028382 77.60348899999997
13.0030624 77.56429279999998
13.00213 77.66126510000004
13.0441021 77.57434490000003
13.0050848 77.65375790000007
13.054082 77.64440400000001
13.00673 77.56385699999998
13.0252198 77.60558730000002
13.0312781 77.59095560000003
13.0054568 77.65994490000003
13.0390451 77.57547769999996
13.019679 77.65493800000002
13.036657 77.623742
13.0476689 77.57502350000004
13.023371 77.59998500000006
13.0447122 77.62634750000007
13.001704 77.63153999999997
13.0283491 77.5716519
13.0098746 77.64299600000004
13.0249366 77.59291200000007
13.0222722 77.65077840000004
13.024429 77.65588300000002
13.0148561 77.65511130000004
13.0201929 77.6565683
13.005467 77.57846700000005
13.003126 77.60340900000006
13.0316242 77.63574369999992
12.99824 77.56711999999993
13.0022553 77.66122969999992
13.014875 77.656206
13.041467 77.61363299999994
13.01825 77.63491699999997
13.022617 77.6377
13.029433 77.60768299999995
13.008767 77.69561699999997
13.0235254 77.60898350000002
13.0240975 77.60306100000003
13.0365032 77.59379000000001
13.007783 77.69634999999994
13.0299318 77.63437269999997
12.9994981 77.66177949999997
13.0054895 77.63690210000004
13.01265 77.63531699999999
12.99365 77.67283299999997
13.005948 77.69262000000003
13.0307842 77.63505340000006
13.0043464 77.71235279999996
13.00165 77.59523300000001
13.055127 77.5996073
13.0014871 77.62946409999995
13.0058723 77.69768490000001
12.9992914 77.56874570000002
12.995787 77.69626740000001
13.028223 77.57113600000002
13.0097464 77.66035740000007
12.9959225 77.5760378
13.0007 77.62650800000006
13.0231602 77.59439509999993
12.9973848 77.62024440000005
13.0088225 77.65592489999995
13.003136 77.57135199999993
13.001667 77.57861700000001
12.9992786 77.57135189999997
13.002217 77.63408299999992
13.013808 77.55489599999999
13.033984 77.55379599999992
13.0247182 77.54847610000002
13.0279661 77.54091560000006
13.0232683 77.556374
13.0050073 77.5583911
13.003816 77.55699600000003
13.020277 77.55460199999993
13.019983 77.55525
13.0230883 77.56130159999998
13.0088 77.61188300000003
13.032433 77.60473300000001
13.0229843 77.5926306
13.009264 77.59470499999998
13.002183 77.61208299999998
13.00437 77.61358999999993
13.032006 77.56018790000007
13.0168 77.61243300000001
13.02135 77.61268300000006
13.006781 77.62414030000002
13.014431 77.5942791
13.0036031 77.53474800000004
13.0241771 77.59786680000002
13.020352 77.54875600000003
13.008227 77.55583360000003
13.0277415 77.5546544
13.0118007 77.62524639999992
13.0067778 77.60241510000003
13.0071603 77.5424329
13.0255288 77.58092869999996
13.006226 77.53489089999994
13.0033977 77.54373420000002
13.030933 77.57746700000007
13.004003 77.61449600000003
13.021567 77.547328
13.03215 77.60505
13.0258943 77.5888539
13.0233308 77.55439790000003
13.0341653 77.56270540000003
13.034461 77.56440999999995
13.0035463 77.53587019999998
13.0241121 77.55688129999999
13.0293778 77.5559604
13.0041409 77.53556379999998
13.0231391 77.54693339999994
13.0184633 77.58794230000001
13.025701 77.62760279999998
13.0141944 77.61365750000004
13.029118 77.54049800000007
13.0279661 77.54091560000006
13.0243633 77.59871169999997
13.0075449 77.57829709999999
13.0277 77.5544003
13.0063721 77.54503569999997
13.0268008 77.55948369999999
13.0022576 77.53506689999995
13.022037 77.54682300000002
13.0049328 77.56538219999993
13.0333663 77.5540502
13.0304135 77.57738919999997
13.0118778 77.54517080000005
13.006973 77.55747900000006
13.0222941 77.56217979999997
12.9938503 77.55133550000005
13.0011138 77.52464580000003
13.005297 77.5282383
13.0191039 77.52674159999992
13.0186044 77.52025509999999
12.9907862 77.668633
13.039834 77.55627379999999
13.0091226 77.52532240000005
12.9990526 77.56016750000003
12.9914225 77.57284389999995
13.0397814 77.55570829999999
13.001829 77.55045199999995
12.999057 77.55269099999998
13.0981387 77.58234679999998
13.081358 77.58806299999992
13.074883 77.55823099999998
13.137951 77.47843139999998
13.062355 77.63334800000007
13.0649987 77.65201359999992
13.0646042 77.60933699999998
13.1214596 77.62237319999997
13.0612203 77.5192657
13.0973271 77.58432270000003
13.0561439 77.54761669999994
13.0663 77.59703300000001
13.0977423 77.59804239999994
13.059162 77.525936
13.082433 77.54604999999992
13.0950239 77.58009390000007
13.0990737 77.57674739999993
13.0806827 77.5878629
13.0398598 77.55555230000004
13.0813645 77.58808040000008
13.045733 77.54748300000006
13.0656404 77.55982640000002
13.053967 77.50771699999996
13.0677552 77.63300749999996
13.0721618 77.5646448
13.0431777 77.55216659999996
13.0435076 77.55325340000002
13.077628 77.55824000000007
13.0432 77.570517
13.047783 77.5145
13.066683 77.50298299999997
13.100469 77.58090600000003
13.0818 77.54811700000005
13.039033 77.61061700000005
13.0364295 77.59398750000003
13.0566126 77.62965110000005
13.07122 77.6337787
13.027793 77.64303199999995
13.0361258 77.59503040000004
13.0446745 77.73662430000002
13.047042 77.51694859999998
13.0562849 77.54735649999998
13.05612 77.625318
13.0499858 77.51598160000003
13.0398014 77.55731579999997
13.0793751 77.55999099999997
13.0435701 77.52089439999997
13.0477171 77.51393439999993
13.094454 77.58601199999998
13.059672 77.59312
13.0557486 77.65349650000007
13.030424 77.67942310000001
13.064173 77.5180292
13.0498493 77.51498689999994
13.0925411 77.57933649999995
13.1066638 77.59412350000002
13.083253 77.54873700000007
13.097496 77.57851000000005
13.0993138 77.59570459999998
13.107949 77.57690300000002
13.0912881 77.60066690000008
13.0840288 77.63477069999999
13.103647 77.61564999999996
13.098015 77.567091
13.0902013 77.60264419999999
13.1067055 77.59401619999994
13.0989376 77.57774459999996
13.103456 77.57424200000003
13.0980094 77.5675407
13.0942846 77.54588360000002
13.0707366 77.55514330000005
13.0678276 77.55692650000003
13.0675785 77.55410119999999
13.0717605 77.63225379999994
13.071849 77.63100299999996
13.065891 77.600773
13.07088 77.61814529999992
13.079429 77.559796
13.0691622 77.62686789999998
13.1240979 77.57540970000002
13.077274 77.55896499999994
13.0713699 77.50604780000003
13.12433 77.61914000000002
13.062343 77.58710300000007
13.064103 77.57025840000006
13.064567 77.51798299999996
13.0705938 77.56008369999995
13.0633465 77.55919730000005
13.1214491 77.5763713
13.0793233 77.5596941
13.069826 77.56933800000002
13.072983 77.56636700000001
13.07934 77.53291000000002
13.063767 77.53070000000002
13.063176 77.58601799999997
13.065832 77.49342999999999
13.0625789 77.55065250000007
13.063 77.55905000000007
13.04291 77.51315
13.0543768 77.5109089
13.0481976 77.51284650000002
13.049877 77.61152300000003
13.0447687 77.51823130000002
13.043505 77.60004040000001
13.03585 77.60674999999992
13.036983 77.60705000000007
13.039605 77.60497599999997
13.0396861 77.60352599999999
13.041338 77.61352099999999
13.0369891 77.60510210000007
13.0501129 77.51542610000001
13.037078 77.56233599999996
13.0484279 77.5034809
13.042906 77.51315
13.0430422 77.5131758
13.0485745 77.51192949999995
13.0603806 77.55745230000002
13.05281 77.49527899999998
13.0491726 77.54997709999998
13.0443672 77.49600780000003
13.0468153 77.51674969999999
13.0444898 77.51737170000001
13.0506119 77.50814990000003
13.0496625 77.51477729999999
13.0431686 77.55213179999998
13.0493581 77.51739079999993
13.0569583 77.50959560000001
13.051859 77.54157499999997
13.0539036 77.51120800000001
13.0494113 77.514951
13.048642 77.51459999999997
13.0503307 77.50758969999993
13.05275 77.51291700000002
13.0569018 77.50963079999997
13.045 77.54983300000004
13.046327 77.51619319999998
13.0518073 77.51365850000002
12.9848714 77.53466700000001
12.9660997 77.6374452
12.9782111 77.63725629999999
12.9884141 77.54457300000001
12.9458245 77.62183779999998
12.9739279 77.63677189999999
12.987958 77.55420200000003
12.9728994 77.62946639999996
12.9735952 77.62285659999998
12.9540944 77.63093939999999
12.9879334 77.53696869999999
12.9853506 77.56278079999993
12.9716722 77.63183760000004
12.9880783 77.53553490000002
12.970417 77.63313200000005
12.9875611 77.55522670000005
12.9727766 77.63476430000003
12.9607857 77.50700669999992
12.9851631 77.60649860000001
12.9880718 77.59469749999994
12.964488 77.63915500000007
12.9846898 77.55421389999992
12.9715987 77.59456269999998
12.9849242 77.55441210000004
12.9715987 77.59456269999998
12.9715987 77.59456269999998
12.982442 77.56655439999997
12.9686538 77.67289800000003
12.9761836 77.66601739999999
12.9630833 77.64240050000001
12.9790286 77.64278139999999
12.9592357 77.64486050000005
12.9735342 77.67590700000005
12.983467 77.60666700000002
12.982775 77.61305199999993
12.983979 77.60813899999994
12.9882527 77.55658689999996
12.991933 77.56645000000003
12.985183 77.60348299999998
12.991145 77.55792999999994
12.978357 77.63564640000004
12.9915517 77.57749919999992
12.9671198 77.64487529999997
12.9866292 77.55164100000002
12.993067 77.56251700000007
12.9903796 77.57716660000006
12.9776351 77.64113840000005
12.992603 77.59250999999995
12.987039 77.60604799999999
12.9901623 77.56049089999999
12.990276 77.56095700000003
12.9929539 77.57930160000001
12.9887134 77.55585470000005
12.9909221 77.56520490000003
12.9917457 77.55911590000005
12.9920221 77.56211189999999
12.9948268 77.56308590000003
12.990899 77.5515527
12.992913 77.60977100000002
12.9901779 77.55596330000003
12.987453 77.56648389999998
12.975483 77.629233
12.9792288 77.64325120000001
12.967091 77.58155399999998
12.9740377 77.6378717
12.9957765 77.57562699999994
12.990917 77.66371700000002
12.9933089 77.66161779999993
12.9912143 77.65840129999992
12.978982 77.67569000000003
12.9851843 77.67345709999995
12.9715961 77.6660435
12.9703026 77.65435550000007
12.972229 77.65227299999992
12.984367 77.67589999999996
12.9757741 77.6659942
12.9744536 77.67171570000005
12.984117 77.67439999999999
12.9757693 77.64602939999997
12.9725408 77.65056770000001
13.0013681 77.62877090000006
12.9724009 77.6497412
13.000947 77.66190189999998
12.9728398 77.64831559999993
12.9764023 77.67385739999997
13.000774 77.60754910000003
12.9740192 77.6502994
12.9782707 77.65500640000005
12.9793318 77.68079639999996
12.9833228 77.6794003
12.9716669 77.65163710000002
12.9719718 77.68097069999999
12.981477 77.67518799999993
12.9738006 77.67364049999992
12.999444 77.598207
12.9782758 77.67060400000003
12.9917974 77.66807330000006
12.995242 77.67255899999998
12.9812084 77.67993860000001
12.9717954 77.65359639999997
13.0009447 77.66163069999993
12.9982776 77.61220960000003
12.981117 77.66546700000004
12.9780147 77.63040569999998
12.9941688 77.61043029999996
12.9339752 77.61179949999996
12.9020803 77.58424760000003
12.9119432 77.54352760000006
12.9307885 77.59061020000001
12.9224073 77.61423409999998
12.9596434 77.70102829999996
12.9078586 77.5491849
12.941159 77.61811899999998
12.888159 77.6490887
12.9059539 77.55871539999998
12.880761 77.56708900000001
12.9367451 77.61042459999999
12.9139527 77.60882760000004
12.899366 77.71308799999997
12.9088935 77.64130890000001
12.9400933 77.61977569999999
12.9362002 77.57181170000001
12.9675199 77.75835510000002
12.9604916 77.71734949999995
12.9215138 77.68880869999998
12.8964462 77.65803260000007
12.9278369 77.54585980000002
12.892234 77.581908
12.9053059 77.61125879999997
12.9206405 77.59417810000002
12.9102635 77.523053
12.8869584 77.58194000000003
12.9274274 77.66979530000003
12.9290218 77.56268390000002
12.9004014 77.65148709999994
12.9108661 77.58716989999994
12.9173298 77.65127439999992
12.922853 77.59373099999993
12.92478 77.618698
12.9215917 77.58508619999998
12.892417 77.58647389999999
12.9238312 77.6498712
12.9162556 77.61144250000007
12.932905 77.54303099999993
12.9135953 77.59519690000002
12.9301619 77.60107210000001
12.8925321 77.61164910000002
12.913919 77.60855300000003
12.896597 77.58202660000006
12.9095083 77.56476640000005
12.9234005 77.61217209999995
12.9382994 77.6259566
12.9066676 77.56332259999999
12.8758596 77.59573610000007
12.9371352 77.56886009999994
12.9035038 77.60230419999994
12.8440547 77.60502900000006
12.8429285 77.67410280000001
12.9546313 77.64859909999996
12.953701 77.65275150000002
12.9589872 77.66314569999997
12.9583911 77.6608602
12.955405 77.65703469999994
12.956827 77.654493
12.9549567 77.65114930000004
12.95731 77.65373299999999
12.9559114 77.65339119999999
12.956901 77.65361200000007
12.954166 77.618022
12.9505018 77.62507579999999
12.9442955 77.65253389999998
12.9541747 77.62250649999999
12.96228 77.63663099999997
12.963462 77.66504899999995
12.9624543 77.63759370000002
12.9435207 77.61814129999993
12.9434152 77.61853289999999
12.94108 77.61924399999998
12.9350491 77.62447099999997
12.9559231 77.6188641
12.942456 77.62122799999997
12.9559526 77.69575910000003
12.9423288 77.6174198
12.962285 77.65912129999992
12.9556421 77.69796819999999
12.9379024 77.68671270000004
12.9647826 77.67469630000005
12.9419536 77.60808500000007
12.9642523 77.67173520000006
12.96445 77.64539100000002
12.9438978 77.60862240000006
12.9430221 77.61776910000003
12.9432094 77.61744529999999
12.963116 77.61250199999995
12.9560982 77.69410199999993
12.9465237 77.62885949999998
12.9331137 77.62720319999994
12.9331137 77.62720319999994
12.9439442 77.60806760000003
12.9424495 77.62798410000005
12.932894 77.60842200000002
12.9359173 77.6088618
12.9432155 77.60896170000001
12.942822 77.617526
12.941136 77.61752539999998
12.9523414 77.62436530000002
12.9553624 77.61431399999992
12.9506871 77.62338079999995
12.9416344 77.58734819999995
12.945702 77.572317
12.9488392 77.59786009999993
12.9496184 77.59646079999993
12.9508619 77.59738770000001
12.951968 77.59543899999994
12.9482358 77.59733600000004
12.9396798 77.57930499999998
12.9433409 77.60149350000006
12.939456 77.57232299999998
12.9496951 77.59613109999998
12.9508419 77.59945829999992
12.9498269 77.59398940000005
12.9534576 77.58229489999997
12.9416925 77.56090029999996
12.933044 77.58522119999998
12.9406378 77.5712489
12.92539 77.587895
12.9451901 77.55681000000004
12.9347547 77.58269889999997
12.934829 77.55689419999999
12.928583 77.5901
12.9316696 77.56731880000007
12.94525 77.55393300000003
12.941608 77.55886299999997
12.9331263 77.54856730000006
12.9418117 77.56162760000007
12.940167 77.571233
12.9434972 77.5647596
12.947537 77.56827199999998
12.9381096 77.55382120000002
12.944217 77.55546700000002
12.938367 77.55529999999999
12.9303746 77.5925906
12.9329999 77.55671370000005
12.9410385 77.55525680000005
12.9246201 77.56066959999998
12.9420124 77.55514259999995
12.9435495 77.53944130000002
12.922767 77.54351700000007
12.9385572 77.55438779999997
12.9251654 77.57380569999998
12.948441 77.55082119999997
12.9388004 77.57092990000001
12.9443118 77.55549730000007
12.9421794 77.55138379999994
12.948915 77.542146
12.924871 77.56624099999999
12.9237371 77.60419780000007
12.9369469 77.56850980000002
12.9443648 77.56510329999992
12.9297374 77.56667779999998
12.9337751 77.55851830000006
12.9238726 77.54666689999999
12.9515732 77.52542540000002
12.937357 77.54896499999995
12.9333986 77.56258609999998
12.9436446 77.56266870000002
12.950383 77.52683300000001
12.9316001 77.58402539999997
12.9319077 77.59489710000003
12.9303207 77.55295120000005
12.949117 77.52676700000006
12.94405 77.57109000000003
12.9335411 77.56265039999994
12.9430551 77.53921630000002
12.948007 77.543091
12.9394542 77.55592350000006
12.9485669 77.55014570000003
12.94345 77.537867
12.943628 77.56492500000002
12.9424146 77.54979490000005
12.9435186 77.53886609999995
12.9541559 77.5635724
12.941725 77.55608600000005
12.9524518 77.52287160000003
12.9439426 77.53945870000007
12.9523626 77.52352199999996
12.9534522 77.54214980000006
12.9439583 77.55366159999994
12.9524665 77.52268950000007
12.9389731 77.4931262
12.9198582 77.52049149999993
12.920365 77.52048300000001
12.9240255 77.48671139999999
12.940113 77.50739699999997
12.9136439 77.50707779999993
12.912222 77.52254199999993
12.9202653 77.51504920000002
12.9247811 77.51130360000002
12.9128112 77.54066710000006
12.9154296 77.49496669999996
12.9239208 77.54358530000002
12.917489 77.52430500000003
12.9198009 77.52050789999998
12.93453 77.54351900000006
12.923314 77.52387399999998
12.917824 77.51876900000002
12.9216087 77.51043679999998
12.9131911 77.52095680000002
12.9311141 77.54215299999998
12.9238633 77.52001399999995
12.91285 77.54068299999994
12.9254802 77.51717689999998
12.900668 77.55283299999996
12.9028 77.52096699999993
12.9100007 77.52137530000005
12.9180429 77.56011469999999
12.8986513 77.55775549999998
12.9150059 77.56079929999999
12.915518 77.5617072
12.9017724 77.56245560000002
12.9158218 77.55659990000004
12.9074241 77.54691129999992
12.9041542 77.51234490000002
12.91789 77.55620999999996
12.951248 77.49309100000005
12.918695 77.55370570000002
12.9155252 77.56105819999993
12.9088591 77.54903149999996
12.9543852 77.4942125
12.9137091 77.55913669999995
12.9578571 77.56271919999995
12.952836 77.50005899999996
12.957303 77.53114479999999
12.9578533 77.56210039999996
12.8985693 77.55780400000003
12.914917 77.54687009999998
12.958771 77.53274199999998
12.91615 77.56359399999997
12.9579659 77.52145369999994
12.911753 77.5562357
13.040829 77.51875900000005
12.9815665 77.62864409999997
12.9777763 77.64278979999995
12.977483 77.62926700000003
12.9896112 77.6835926
13.0032685 77.63237359999994
13.0027483 77.66307749999999
13.006834 77.68474700000002
13.00191 77.63220899999999
13.0066372 77.59658680000007
13.0006454 77.59641139999997
13.00306 77.63142779999998
13.0087 77.61226699999997
12.994202 77.60903899999994
13.008133 77.64171699999997
12.9926922 77.6851355
12.9957787 77.61571989999993
12.986183 77.60693300000003
12.9760388 77.63720409999996
12.998573 77.67572700000005
12.9994059 77.61596370000007
12.985433 77.60668299999998
13.0025203 77.5980965
12.991601 77.68372299999999
13.006283 77.64638300000001
12.9780164 77.67548650000003
