12.96535 77.60455400000001
12.9687791 77.60616119999997
12.9672046 77.60902060000001
12.965123 77.59368799999993
12.9778404 77.57712319999996
12.971372 77.54237599999999
12.9750646 77.53087240000002
12.969441 77.60023699999999
12.9586539 77.55679350000003
12.9689761 77.60205210000004
12.9692049 77.60024429999999
12.966265 77.54348000000005
12.9581541 77.58464449999997
12.9720892 77.53655260000005
12.974052 77.53612900000007
12.973071 77.60713699999997
12.973267 77.55016699999999
12.9688715 77.53596570000002
12.9671009 77.59270049999998
12.9802952 77.57487200000003
12.9581928 77.58634940000002
12.9654288 77.5383779
12.9719047 77.57691690000001
12.9758326 77.53553590000001
12.9657757 77.58303380000007
12.9736035 77.57942809999997
12.976367 77.52546699999994
12.9642 77.54070000000002
12.971606 77.59437600000001
12.961367 77.58124999999995
12.9594 77.55960000000005
12.96675 77.59868299999994
12.9576594 77.52842880000003
12.9668 77.54383299999995
12.9648713 77.56942549999997
12.96845 77.52573299999995
12.9558535 77.55810710000003
12.979074 77.54224599999998
12.9656762 77.58335980000004
12.9504178 77.5635939
12.9680012 77.52922239999998
12.9663888 77.5945385
12.962354 77.54397930000005
12.9774159 77.524495
12.981394 77.55167800000004
12.9530204 77.52561309999999
12.958157 77.55914800000005
12.9721832 77.55599189999998
12.9599048 77.60179560000006
12.9701589 77.57446019999998
12.9761551 77.52647339999999
12.9567535 77.57747100000006
12.9639595 77.61175960000003
12.9659984 77.55312520000007
12.979698 77.52594799999997
12.9714156 77.57220940000002
12.9508325 77.59924849999993
12.9736012 77.56153599999993
12.9573696 77.54648610000004
12.958735 77.53923499999996
12.9720691 77.5278118
12.9651848 77.56848160000004
12.9656357 77.57085000000006
12.9759219 77.5996404
12.958634 77.54206799999997
12.973197 77.53772700000002
12.9545113 77.56548380000004
12.9627839 77.60587310000005
12.9635376 77.5205704
12.9634348 77.5204784
12.960997 77.52567879999992
12.9562528 77.55832229999999
12.9657473 77.6012915
12.970677 77.56067699999994
12.9645431 77.55169760000001
12.968342 77.53459199999998
12.979087 77.57544200000007
12.9769268 77.53554099999997
12.9574823 77.53366510000001
12.9631433 77.57750829999998
12.9786571 77.52532640000004
12.9638132 77.59371839999994
12.9595967 77.59540820000007
12.967019 77.59189100000003
12.9646535 77.53072369999995
12.9755576 77.5603317
12.982436 77.52896099999998
12.9687758 77.57013610000001
12.9766729 77.52401520000001
12.9703915 77.53098120000004
12.954014 77.581008
12.970575 77.56190700000002
12.958664 77.55682839999997
12.9545789 77.54782079999995
12.96014 77.56916000000001
12.9745892 77.53077170000006
12.9628052 77.59025840000004
12.9653809 77.56701709999993
12.9784247 77.53616970000007
12.964599 77.55422199999998
12.935239 77.60839599999997
12.933303 77.62358300000005
12.908448 77.632387
12.9623615 77.64270050000005
12.922462 77.66832899999997
12.92291 77.58790079999994
12.914775 77.59487899999999
12.9908677 77.55782909999994
12.943898 77.59848
12.9336449 77.61561259999996
12.9621021 77.64894780000009
12.9262099 77.58196729999997
12.985798 77.66883380000002
12.9247954 77.55055649999997
12.921851 77.67200200000002
12.906878 77.59994000000006
12.98815 77.61923300000001
12.9958903 77.574475
12.977843 77.641977
12.936505 77.61449700000003
12.9156664 77.65158059999999
12.986367 77.68874600000004
12.9446066 77.567677
12.973692 77.64407600000004
12.934424 77.61353699999995
12.936983 77.61988300000007
12.988417 77.59367500000008
12.9309754 77.5812436
13.008168 77.56476299999997
12.913726 77.60706700000003
12.9371539 77.58388279999997
12.963816 77.64020900000003
12.969969 77.66721299999995
12.907667 77.64895000000001
12.909568 77.64469299999996
12.936265 77.51822419999996
12.9169306 77.67129060000002
12.926116 77.67568600000004
12.9945557 77.59096449999993
12.936364 77.62714699999992
12.93174 77.5732663
13.0094869 77.5430963
12.9360638 77.51767589999997
12.987371 77.73247700000002
12.985483 77.53726699999993
13.0046681 77.61689449999994
12.9351491 77.62247439999999
13.002519 77.63455499999998
12.984967 77.59685400000001
12.994644 77.57136070000001
12.9273833 77.66920789999995
12.9755233 77.64116409999997
12.9664538 77.64129819999994
13.0096764 77.64901759999998
12.9127545 77.59725950000006
12.9269845 77.57441589999996
12.9199294 77.6002426
12.978494 77.64160199999992
12.979972 77.51151000000004
12.978352 77.63432999999998
12.957153 77.70003999999994
12.9891157 77.55962720000002
12.9172755 77.5788523
12.910929 77.58016900000007
12.909421 77.63781600000004
12.9233036 77.57571400000006
12.9251824 77.61238690000005
12.989503 77.594874
12.915741 77.63559699999996
12.934964 77.60910100000001
12.998363 77.542325
12.967719 77.63643819999993
12.9367801 77.61987529999999
12.912917 77.64897799999994
12.933901 77.58365900000001
12.968192 77.64062089999993
12.934154 77.6292148
12.9183049 77.55595229999994
12.9856832 77.70811549999996
12.989028 77.53317300000003
12.9471265 77.62124459999995
13.009919 77.583709
12.9708971 77.64664599999992
12.996067 77.57580000000007
12.914974 77.56289700000002
12.937917 77.61873300000002
12.9188183 77.65176270000006
12.841996 77.64567599999998
12.8508676 77.67250839999997
12.8528823 77.66866690000006
12.8537154 77.6701051
12.8552111 77.66815650000001
12.847714 77.67148599999996
12.8540211 77.67098639999995
12.8422269 77.6519998
12.8712087 77.65887499999997
12.8567513 77.65227909999999
12.8711185 77.65555510000002
12.841913 77.64594299999999
12.8505233 77.65067980000003
12.8709188 77.65646570000001
12.8724916 77.65282060000004
12.8706472 77.65697560000001
12.8510402 77.64887810000005
12.8552121 77.66750789999992
12.8483585 77.67216770000005
12.778799 77.773323
12.8853136 77.64946080000004
12.885044 77.67261099999996
12.8861785 77.64907249999999
12.879918 77.60218699999996
12.8774551 77.62177939999992
12.8826774 77.62935700000003
12.8867052 77.62187319999998
12.8869206 77.64056319999997
12.8871788 77.62564240000006
12.8795518 77.60235209999996
12.88299 77.65012200000001
12.8798325 77.62467449999997
12.887055 77.60554000000002
12.8847001 77.62504799999999
12.8612183 77.59977040000001
12.877533 77.58087
12.8718934 77.58308179999995
12.858831 77.587627
12.855162 77.58812599999999
12.8558595 77.58603119999998
12.862548 77.58488790000001
12.87693 77.58319000000006
12.871495 77.56621940000002
12.8720739 77.56635719999997
12.862202 77.56361100000004
12.8715499 77.56611950000001
12.8733427 77.52798559999997
12.902717 77.52026699999999
12.9064278 77.54436550000003
12.888189 77.59214900000006
12.9121511 77.63507809999999
12.8893317 77.59404300000006
12.904527 77.60149509999997
12.9106278 77.56684100000007
12.91282 77.58173699999998
12.90515 77.60196700000006
12.881656 77.58349380000004
12.9027184 77.52008350000006
12.890184 77.58198900000002
12.8920433 77.58149860000003
12.9083223 77.56403180000007
12.901322 77.5599598
12.9081654 77.54820399999994
12.9126416 77.59232769999994
12.8833951 77.59016450000001
12.909367 77.554667
12.8961401 77.61088999999993
12.9069823 77.55205899999999
12.8851626 77.56679209999993
12.90197 77.58313840000005
12.9125207 77.48335259999999
12.9119177 77.53948990000004
12.909101 77.56527059999996
12.9041125 77.5868355
12.8969515 77.5867561
12.88371 77.570291
12.9093304 77.5631396
12.9100729 77.52106609999998
12.8822825 77.57542609999996
12.9062248 77.5983761
12.911271 77.56155609999996
12.891834 77.57314700000006
12.9100112 77.5552146
12.8934228 77.57214109999995
12.9100252 77.48267599999997
12.9000869 77.58492000000001
12.8969639 77.62130359999992
12.9094504 77.57219639999994
12.9045179 77.62637029999996
12.8886946 77.61604950000003
12.88694 77.55461400000002
12.889365 77.60140260000003
12.9091605 77.6093909
12.8802615 77.54596530000003
12.897212 77.58221070000002
12.9065866 77.56985609999992
12.880888 77.59563700000001
12.8998533 77.6020929
12.887622 77.55258700000002
12.8998929 77.63367659999994
12.900323 77.62689869999997
12.899428 77.57509099999993
12.8978294 77.58289030000003
12.9030744 77.56209220000005
12.9086925 77.61376519999999
12.8943909 77.62582350000002
12.8943023 77.58151829999997
12.9107546 77.58891019999999
12.8812546 77.59750699999995
12.9029041 77.52111639999998
12.9118191 77.54435509999996
12.9070095 77.61053719999995
12.902283 77.584836
12.908251 77.58916399999998
12.906369 77.58595500000001
12.892927 77.59553499999993
12.910403 77.60657319999996
12.9073425 77.5353854
12.9114753 77.54805250000004
12.9059109 77.60394070000007
12.906704 77.63872860000004
12.906784 77.599828
12.9088013 77.60399869999992
12.9084072 77.60629100000006
12.909925 77.57802100000004
12.896458 77.54801789999999
12.8954455 77.58158579999997
12.9125824 77.55888119999997
12.8845105 77.57551239999998
12.9044725 77.60147010000003
12.9112192 77.48400719999995
12.9061621 77.59802709999997
12.8957995 77.60854730000005
12.9046447 77.54357649999997
12.892077 77.55968099999996
12.886062 77.55628300000001
12.8876204 77.55253949999997
12.8858715 77.57422919999999
12.8395261 77.65930120000007
12.918485 77.55822239999998
12.9273307 77.62872900000002
12.9259401 77.58304199999998
12.9400943 77.58916440000007
12.935417 77.62281699999994
12.9524617 77.6980618
12.9116727 77.69817839999996
12.916267 77.55071699999996
12.9196643 77.60846079999999
12.9087105 77.64462679999997
12.9489429 77.56264280000005
12.9274529 77.590597
12.929317 77.63191699999993
12.9172784 77.57883509999999
12.9316748 77.63216080000007
12.9135905 77.55879879999998
12.9195487 77.58964749999996
12.9063879 77.6445966
12.931518 77.58254199999999
12.9179471 77.63203139999996
12.9320428 77.53313400000002
12.952893 77.69791959999998
12.9158713 77.65157909999994
12.9310072 77.57673869999996
12.9199522 77.56937800000003
12.9415997 77.60713379999993
12.924207 77.553452
12.9167946 77.59054900000001
12.9205326 77.55563069999994
12.9151472 77.61556640000003
12.924219 77.58562099999995
12.9378001 77.55039139999997
12.918683 77.553767
12.91616 77.55450999999994
12.985088 77.67387970000004
12.985033 77.6078
12.931622 77.55560200000002
12.915617 77.550567
12.9278127 77.58076670000003
12.9228303 77.61012779999999
12.948441 77.56097539999996
12.9265111 77.57343119999996
12.9225 77.54354999999998
12.931017 77.54303299999992
12.93177 77.54057
12.929117 77.50881700000002
12.9218698 77.610681
12.9203287 77.58712390000005
12.947817 77.49694999999997
12.923659 77.54888499999993
12.937764 77.57204849999994
12.926091 77.55343399999992
12.923774 77.57127000000003
12.9238135 77.54893560000005
12.9276084 77.55626140000004
12.9284865 77.56026999999995
12.925446 77.560699
12.9227852 77.54954079999993
12.9283551 77.56240330000003
12.9236674 77.55388459999995
12.930264 77.55743800000005
12.9244491 77.56407530000001
12.9225888 77.57106590000001
12.9238001 77.5724874
12.9296 77.53891699999997
12.9343093 77.5732954
12.9348152 77.57338770000001
12.9337332 77.5551312
12.9341488 77.55887080000002
12.9225626 77.57366789999992
12.9321879 77.5400836
12.922187 77.55261700000005
12.9335734 77.55810350000002
12.93317 77.55714699999999
12.9356605 77.57547969999996
12.9217647 77.54348270000003
12.9307079 77.56699660000004
12.9312393 77.57242569999994
12.9306122 77.55201069999998
12.9313805 77.56906490000006
12.9295998 77.57300570000007
12.9330159 77.55327310000007
12.9356235 77.55832299999997
12.9324327 77.57149370000002
12.9320259 77.56748449999998
12.9332662 77.55485520000002
12.9402649 77.56013949999999
12.9372603 77.55826400000001
12.940657 77.53878239999995
12.9395996 77.55331430000001
12.9364101 77.5536717
12.9388451 77.55305679999992
12.9368322 77.55640719999997
12.9396466 77.57916899999998
12.9383396 77.56308860000001
12.939317 77.57217500000002
12.9365623 77.56198889999996
12.940599 77.54792799999996
12.9405462 77.58265800000004
12.94408 77.55472899999995
12.943526 77.56683799999996
12.9416709 77.55887050000001
12.9419227 77.5600253
12.9422578 77.56433149999998
12.94149 77.571236
12.9418431 77.56289779999997
12.9446143 77.56768769999996
12.9438383 77.55790290000004
12.9448451 77.55006709999998
12.947332 77.56048499999997
12.9423624 77.54977580000002
12.9467726 77.55051879999996
12.9424218 77.54825030000006
12.943903 77.54809399999999
12.9435505 77.54867939999997
12.9446637 77.54863950000004
12.9453747 77.54153169999995
12.9484666 77.56010420000007
12.9483204 77.56127839999999
12.948852 77.54341899999997
12.948407 77.54207900000006
12.9524404 77.55390439999996
12.9487133 77.55709339999999
12.9485717 77.56156199999998
12.9460243 77.53850549999993
12.952875 77.54206699999997
12.9425084 77.53995280000004
12.9419267 77.54477559999998
12.938884 77.53426790000003
12.9433178 77.53688039999997
12.9438028 77.54527110000004
12.9442855 77.54281089999995
12.9442119 77.52198550000003
12.944562 77.52530000000002
12.961473 77.50895300000002
12.9606631 77.5502682
12.9532354 77.55168960000003
12.9626671 77.55206429999998
12.958095 77.53365269999995
12.959217 77.52236700000003
12.959519 77.54010700000003
12.955456 77.53059200000007
12.9556647 77.52828790000001
12.9614421 77.52293020000002
12.9589958 77.52476960000001
12.9626235 77.54697850000002
12.9512713 77.4921157
12.9423859 77.48712479999995
12.96359 77.50488789999997
12.956989 77.56373299999996
12.9559218 77.5541465
12.972076 77.57112600000005
12.974034 77.57506899999998
12.968402 77.53041559999997
12.9667619 77.53182340000001
12.972919 77.56058780000001
12.9706701 77.5593007
12.9709642 77.55779129999996
12.9684223 77.52561949999995
12.962616 77.56591600000002
12.9741873 77.52713089999997
12.9509782 77.49189709999996
12.973148 77.52301499999999
12.970875 77.52387899999997
12.9696926 77.52354609999998
12.9674277 77.50324350000005
12.9697789 77.53083700000002
12.9708593 77.52187849999996
12.9679146 77.52413090000005
12.9724436 77.52698409999994
12.9698896 77.53206209999996
12.977698 77.49905999999999
12.974709 77.50929300000007
12.986467 77.51433299999997
12.9851438 77.48262499999998
12.9898953 77.50311169999998
12.9830882 77.52814209999997
12.9856319 77.52637589999995
12.98853 77.53446199999996
12.986695 77.52808679999998
12.987962 77.53046700000004
12.9843673 77.52591689999997
12.989028 77.53317300000003
12.9869004 77.52974169999993
12.989028 77.53317300000003
12.988682 77.52705800000001
12.9826439 77.47887360000004
12.9803733 77.52525370000001
12.9858368 77.52771129999996
12.9863242 77.48851279999997
12.9891387 77.52715839999996
12.9762502 77.5286145
12.97469 77.53309200000001
12.990785 77.52581299999997
12.9762325 77.52797009999995
12.9879178 77.49388160000001
12.9832124 77.48769670000001
12.9834064 77.52821419999998
12.9835002 77.52960489999998
12.9841876 77.52647379999996
12.9890283 77.53317249999998
12.990143 77.52751949999993
12.9513278 77.4953729
12.953049 77.470234
12.939099 77.49529099999995
12.940904 77.48883899999998
12.930217 77.51093300000002
12.92494 77.48504200000002
12.926169 77.51451550000002
13.019026 77.592445
13.024918 77.59166600000003
13.0281742 77.57329500000003
13.0677658 77.57069720000004
13.037031 77.57455400000003
13.0515 77.50831700000003
13.027083 77.55821700000001
13.0200624 77.59452629999998
13.025367 77.59303299999999
13.00211 77.54447000000005
13.0001389 77.56828050000001
13.007328 77.62807499999997
13.0264464 77.56066290000001
13.0374585 77.6071134
13.04708 77.512922
12.974933 77.62263299999995
13.0585581 77.55584840000006
13.0571154 77.50249819999999
13.0115239 77.62552149999999
13.037767 77.56746699999997
13.032533 77.59921699999995
13.027683 77.57948299999998
12.9766982 77.62280720000001
13.017388 77.5641283
13.040233 77.59178299999996
13.0497122 77.51489240000001
12.991768 77.588349
12.977217 77.62961700000005
12.9831964 77.56265380000002
13.030555 77.52266400000008
13.00463 77.61237000000006
12.9965 77.57556699999998
13.038367 77.60271699999998
13.056833 77.50746700000002
13.06665 77.50511699999993
13.041526 77.56838990000006
13.0006376 77.61624630000006
12.9838661 77.60876659999997
13.0040608 77.54403219999995
13.010354 77.54387999999994
13.005751 77.54121420000001
13.00087 77.53379500000005
13.0179145 77.52955799999995
13.0072191 77.5178075
12.993583 77.53427399999998
13.0005078 77.53482180000003
13.0018985 77.53184420000002
13.0158399 77.5265157
13.0052829 77.52295240000001
12.992039 77.52648399999998
13.0186988 77.53040220000003
13.0170172 77.5252342
13.008747 77.52579650000007
13.0155753 77.52489229999992
13.0119261 77.52183889999992
12.9959816 77.5479871
13.0063227 77.52605670000003
13.0005604 77.53561609999997
12.996057 77.48951299999999
13.0150386 77.52049779999993
12.9961427 77.52791980000006
13.0053839 77.53464039999994
13.0044323 77.53547530000003
13.0191241 77.55194230000006
13.005879 77.53632500000003
13.0152999 77.48591569999996
13.0113489 77.52207859999999
13.0036851 77.52138160000004
13.01714 77.52029970000001
13.0022553 77.53436149999993
13.0217962 77.53371040000002
13.0081328 77.48458770000002
12.9958157 77.54812419999996
13.0126137 77.52467000000001
12.9999685 77.50400860000002
12.9999639 77.5412202
12.992164 77.48517500000003
13.014229 77.520667
13.0187432 77.52282190000005
13.0013477 77.49735869999995
13.0139452 77.49054019999994
12.993505 77.54797800000006
12.9989937 77.53129739999997
12.9965236 77.52811329999997
13.009765 77.525396
13.0040905 77.48791630000005
13.0071273 77.5314912
12.9935167 77.549531
12.9992449 77.53256169999997
12.992912 77.52709800000002
13.0116452 77.5450002
13.0082298 77.48938520000002
13.015459 77.52598089999992
13.0030141 77.521568
12.995945 77.49585060000004
12.993214 77.54804579999995
12.9941074 77.53948620000006
13.0084549 77.53157060000001
13.0099374 77.53283060000001
13.0041255 77.51750479999998
12.994502 77.54222800000002
13.0144718 77.51966800000002
13.0052369 77.528414
12.9973896 77.52781290000007
13.0005931 77.53372109999998
12.9999502 77.55091540000001
13.0046508 77.53159749999998
13.000173 77.5042383
13.0037652 77.54845180000007
13.0165474 77.52259529999992
13.0091876 77.49092510000003
13.0076209 77.54287010000007
13.0018842 77.53490160000001
13.0032957 77.51746290000006
12.9983187 77.4972199
12.997059 77.54839379999999
13.0009838 77.49975229999995
13.0010978 77.4993134
13.0147191 77.51971760000004
12.9957 77.53190489999997
13.011129 77.52634169999999
13.0153349 77.52943589999995
13.0052738 77.48668049999992
13.0104865 77.49419039999998
13.014141 77.49561300000005
13.0213738 77.52694180000003
13.0128137 77.5216203
13.0084337 77.54215190000002
13.0014405 77.49644039999998
13.0187929 77.52019070000006
13.0025617 77.53633620000005
12.9886182 77.53828650000003
12.9865228 77.54549199999997
12.9882031 77.54934060000005
12.9851389 77.53700549999996
12.9880286 77.53925890000005
12.984495 77.5370246
12.9908274 77.54281449999996
12.9905298 77.5457672
12.9980989 77.49775399999999
12.995801 77.48963530000003
13.0028335 77.53077400000006
13.0342264 77.52985639999997
13.0321506 77.52812840000001
13.024245 77.52582499999994
13.0387741 77.4939081
13.028678 77.49701600000003
13.025666 77.537822
13.0170139 77.526566
13.0176333 77.52667859999997
13.1104444 77.60732510000003
13.0760818 77.53909529999999
13.101375 77.59835199999998
13.0930426 77.63255419999996
13.121167 77.60788100000002
13.1219637 77.62647900000002
13.09832 77.58074999999997
13.077987 77.63379299999997
13.086926 77.49602000000004
13.121313 77.61075000000005
13.107405 77.57473000000005
13.0983569 77.59037220000005
13.0971519 77.5921998
13.096586 77.59779100000003
13.069166 77.55689039999993
13.0733208 77.50329850000003
13.069885 77.517245
13.0589344 77.5587974
13.0669596 77.63886530000002
13.057651 77.59676200000001
13.061457 77.57447760000002
13.062289 77.63321999999994
13.0574022 77.5104824
13.0569894 77.5031047
13.0552077 77.51066149999997
13.0537559 77.51465329999996
13.0588879 77.50186180000003
13.1377577 77.47828549999997
13.0674225 77.55389749999995
13.0564975 77.50614659999997
13.0567967 77.50941990000001
13.059888 77.58955500000002
13.0651941 77.55910990000007
13.056329 77.50670119999995
13.0601578 77.50573689999999
13.070514 77.79085199999997
13.065872 77.45259999999996
13.0633474 77.53059600000006
13.061395 77.53106000000002
13.0576357 77.5108864
13.031572 77.669936
13.039729 77.668091
13.0307568 77.63501919999999
13.023211 77.63603799999999
13.0169256 77.63278160000004
13.0240707 77.63727159999996
13.0238464 77.69551219999994
13.021799 77.64002099999993
13.0177462 77.636305
13.01165 77.67161699999997
13.007483 77.69766700000002
13.0490389 77.64567669999997
13.0147722 77.63436200000001
13.0162 77.66836699999999
13.0098132 77.65945399999998
13.0055941 77.69673239999997
13.014363 77.65242899999998
13.004467 77.69611699999996
13.0085986 77.65595210000004
13.0307315 77.63538229999995
13.005083 77.70313299999998
13.009217 77.649767
13.011267 77.66791699999999
13.0226707 77.65781519999996
13.0504112 77.64582840000003
13.01419 77.63684599999999
13.0237917 77.60315509999998
13.017767 77.61911699999996
13.014783 77.6653
13.006377 77.69255499999997
13.014467 77.65235000000007
13.00849 77.61348999999996
13.029883 77.60483299999999
13.009567 77.60996699999998
13.0200576 77.63709589999996
13.033983 77.60903800000006
13.004717 77.607033
13.008733 77.61211700000001
13.019942 77.70955800000002
13.0297729 77.60521440000002
13.0226154 77.63727979999999
13.0115227 77.60678519999999
13.023253 77.63696299999992
13.020183 77.67494799999997
13.007443 77.698893
13.0225021 77.6079234
13.0185496 77.63382819999993
13.0070091 77.63890029999993
13.0053214 77.65678630000002
13.0111565 77.69352959999992
13.0101687 77.64862870000002
13.012912 77.6318579
13.009682 77.70976999999993
13.038767 77.60733299999993
13.0311047 77.62125400000002
13.0181798 77.67785400000002
13.0169215 77.62025089999997
13.0159781 77.7036488
13.011209 77.68063400000005
13.016544 77.71773400000006
13.0193662 77.62071760000003
13.031624 77.61050999999998
13.018474 77.657738
13.0135189 77.66165290000004
13.0181164 77.67171329999996
13.019617 77.60691700000007
13.0169254 77.67728269999998
13.038177 77.60713450000003
13.0219489 77.6371709
13.0371452 77.60708049999994
13.018983 77.68488000000002
13.0274855 77.63368070000001
13.0081899 77.6356836
13.0173462 77.6155718
13.019733 77.60595
13.0114179 77.67994479999993
13.008385 77.696008
13.008385 77.696008
13.014933 77.63268300000004
13.019283 77.60844999999995
13.018266 77.61282649999998
13.0112575 77.64290559999995
13.021187 77.62981100000002
13.0272429 77.60462359999997
13.007307 77.69943239999998
13.012216 77.67722100000003
13.0252888 77.6353772
13.0241941 77.65660290000005
12.996623 77.67181600000004
12.9926386 77.6823604
12.997648 77.65531299999998
12.9930751 77.66356210000004
12.9931217 77.66735449999999
12.99503 77.67741339999998
12.9947592 77.67912230000002
12.9947974 77.68196439999997
12.991697 77.68959599999994
13.00175 77.63001699999995
13.001533 77.630267
12.9821081 77.63968879999993
12.9855627 77.67919239999992
12.9833078 77.67907990000003
12.9813757 77.6801044
12.9813673 77.66533579999998
12.9854803 77.67247509999993
12.988716 77.6809144
13.0000296 77.62302899999997
12.9853958 77.61758639999994
12.995868 77.61313500000006
12.988554 77.61737700000003
12.9961786 77.61374950000004
12.9924129 77.61496290000002
12.973833 77.63581699999997
12.9737158 77.64199580000002
12.972683 77.64644999999996
12.971413 77.6495615
12.975433 77.62279999999998
13.003883 77.60206700000003
12.9753125 77.66608139999994
12.976963 77.66610600000001
12.977627 77.63929299999995
12.9716693 77.68136300000003
12.9773061 77.63131290000001
12.9784 77.62726700000007
12.9728696 77.66673990000004
12.9740991 77.63732579999999
12.9884022 77.60978610000006
12.974255 77.67204100000004
12.9900236 77.60571619999996
12.973695 77.628152
12.9735146 77.62935930000003
12.9715987 77.59456269999998
12.9750517 77.63628779999999
12.9835488 77.60670119999997
12.972932 77.65107539999997
12.9761744 77.63310530000001
12.9965841 77.60801730000003
12.9722994 77.65250130000004
12.9764226 77.6659247
12.971848 77.62825020000002
13.0037782 77.60263350000002
12.97224 77.6527307
12.986801 77.60939800000006
12.9715987 77.59456269999998
12.9877134 77.60883439999998
12.977532 77.63605499999994
12.9888898 77.60531500000002
12.9562898 77.73067659999992
12.966011 77.71774900000003
12.9566 77.71471700000006
12.969744 77.63282700000002
12.9646773 77.67487949999997
12.963883 77.68211700000006
12.959233 77.70166700000004
13.00957 77.56353999999999
12.9525195 77.70613389999994
12.9874784 77.56658889999994
12.9917853 77.56789779999997
12.9867897 77.56802049999999
12.9904932 77.5758697
12.985741 77.56805570000006
12.985319 77.56814099999997
12.9866202 77.56791520000002
12.9895209 77.56651280000005
12.989801 77.57367299999999
12.977597 77.57730500000002
12.9798401 77.57496019999996
12.9902642 77.57380439999997
12.9879874 77.56662069999993
12.9946385 77.55263049999996
12.991417 77.56406700000002
12.996701 77.56229329999996
12.984982 77.55334399999992
13.0010401 77.58090149999998
12.9882357 77.55839939999998
12.986521 77.550746
12.9917768 77.55927889999998
13.0003143 77.56131540000001
12.9912299 77.56507340000007
12.9926847 77.55902609999998
12.9932378 77.56637799999999
12.9890766 77.56374040000003
12.9937709 77.56333870000003
12.9993348 77.5774831
12.9963452 77.57831750000003
12.9850422 77.55648369999994
12.9948706 77.57365619999996
12.9972903 77.55969260000006
13.0011062 77.57102940000004
12.9874484 77.55322439999998
12.9816393 77.55520860000001
12.977788 77.54066699999998
13.0050282 77.55843400000003
13.0033353 77.56121039999994
12.9899633 77.55034539999997
13.0002779 77.55329419999998
13.0283113 77.58791559999997
13.0204628 77.55964530000006
13.023833 77.59186699999998
13.006189 77.60131720000004
13.0340513 77.5610474
13.0294816 77.55356069999993
13.033991 77.56822199999999
13.0311043 77.56033500000001
13.0301427 77.56078890000003
13.0325491 77.56618349999997
13.033612 77.56535269999995
13.0355653 77.56082649999996
13.029664 77.57082600000001
13.0359915 77.55353790000004
13.03535 77.56344000000001
13.0297223 77.5606156
13.0354627 77.56452119999994
13.0340604 77.56134050000003
13.0329658 77.56948560000001
13.036653 77.56509600000004
13.029394 77.57103180000001
13.033911 77.56412999999998
13.029477 77.57104300000003
13.035187 77.59572800000001
13.0458075 77.51106140000002
13.048033 77.51350000000002
13.0261573 77.5893893
13.0244777 77.55687160000002
13.0392304 77.54993739999998
13.0432061 77.55405889999997
13.037233 77.59173299999998
13.0259283 77.55708920000006
13.037683 77.60008300000004
13.0264098 77.56046909999998
13.0464622 77.50949809999997
13.0431473 77.55432080000003
13.046183 77.5161607
13.0486757 77.51145240000005
13.0287215 77.55930330000001
13.0449 77.51506629999994
13.042906 77.51315
13.0401688 77.59012289999998
13.0496557 77.60025799999994
13.0426635 77.5495343
13.0430229 77.55152859999998
13.0430722 77.55168379999998
13.0464387 77.54940629999999
13.0434148 77.54919910000001
12.9923489 77.71720559999994
12.9573985 77.66033289999996
12.9641683 77.65736590000006
12.955931 77.69790450000005
12.9551014 77.69385839999995
12.9551452 77.69786420000003
12.9611464 77.65703340000005
12.9665995 77.66744930000004
12.9567434 77.65392989999998
12.9589766 77.65551119999998
12.957135 77.70070899999996
12.964164 77.67171800000006
12.960067 77.655575
12.9688641 77.66612599999996
12.9554628 77.6544457
12.9557866 77.69770670000003
12.9559934 77.6941306
12.9590079 77.66227500000002
12.9553278 77.61872870000002
12.9587073 77.61838169999999
12.95854 77.63828999999998
12.9620436 77.63735999999994
12.9565547 77.61902239999995
12.955134 77.62187100000006
12.94792 77.59982500000001
12.9637331 77.64738639999996
12.9622485 77.6491456
12.9432103 77.60827139999992
12.9460109 77.60025480000002
12.9595013 77.61445759999992
12.9442485 77.65266270000006
12.944049 77.61001599999997
12.969923 77.63911200000007
12.9499555 77.60092350000002
12.9433106 77.59468300000003
12.961746 77.61421399999995
12.9597188 77.61638670000002
12.9431401 77.59852360000002
12.970488 77.64635599999997
12.9500914 77.60140560000002
12.9450284 77.6170171
12.9514441 77.59512219999999
12.970514 77.64540799999997
12.9629065 77.61485859999993
12.9435759 77.61081079999997
12.9473101 77.5980482
12.9755363 77.57879150000008
12.9438001 77.61782440000002
12.9566615 77.61439629999995
12.9557918 77.61188909999998
12.9685853 77.64409969999997
12.944086 77.6093859
12.951849 77.58032300000002
12.9557565 77.61221720000003
12.951962 77.61195299999997
12.9423965 77.6070535
12.9419379 77.60769640000001
12.9421964 77.59858800000006
12.9420111 77.61746100000005
12.9428996 77.59881059999998
12.9498983 77.59622059999992
12.944502 77.59479099999999
12.945237 77.59507499999995
12.9501064 77.5633947
12.9550652 77.56741399999999
12.9512922 77.60008160000007
12.945868 77.5714835
12.9568737 77.55396969999993
12.9549396 77.56616910000002
12.9569694 77.59065940000005
12.957502 77.554757
12.9566667 77.5570927
12.9393677 77.58743879999997
12.9383736 77.63217629999997
12.9193168 77.64884649999999
13.0131644 77.59594140000002
13.0174255 77.59198170000002
13.0071768 77.57104379999998
13.0084305 77.56654509999998
12.890568 77.64710400000001
12.8990605 77.65144629999998
12.8820013 77.75546080000004
12.8899984 77.64987589999998
12.8985942 77.63285489999998
12.895236 77.633194
12.8909559 77.60418700000002
12.889747 77.67318899999998
12.8914988 77.57592729999999
12.8987765 77.62177799999995
12.9002697 77.6002671
12.8979931 77.63001840000004
12.8953351 77.60828319999996
12.8916998 77.57269159999998
12.890009 77.58195999999998
12.8911475 77.59408889999997
12.8901889 77.61293639999997
12.8268841 77.67562909999992
