12.9633182 77.58080360000008
12.9647156 77.57813750000003
12.964617 77.57856700000002
12.96559 77.57772699999998
12.9652403 77.57918719999998
12.964631 77.57778800000006
12.964263 77.58221600000002
12.96319 77.58159
12.9650737 77.57746399999996
12.9632751 77.58037749999994
12.965101 77.577406
12.963401 77.58301000000006
12.9825122 77.60594420000007
12.96319 77.58159
12.964307 77.58200999999997
12.964801 77.58181000000002
12.971599 77.594563
12.96494 77.57856600000002
12.9654548 77.57929059999992
12.964966 77.58008999999993
12.9648331 77.57852790000004
12.968702 77.57901400000003
12.9656148 77.57853980000004
12.9732767 77.58027289999995
12.964828 77.58150499999999
12.9644356 77.58077500000002
12.9583324 77.60119329999998
12.9766232 77.54116249999993
12.9651547 77.57946549999997
12.9650425 77.57934879999993
12.9666309 77.58053740000003
12.9651 77.57862
12.964567 77.58126700000003
12.9715987 77.59456269999998
12.9654078 77.57783510000002
12.964617 77.58218299999999
12.9745565 77.57242440000005
12.9724348 77.57816639999999
12.963743 77.55119200000001
12.971599 77.594563
12.9635207 77.5821062
12.9582918 77.58638470000005
12.9715987 77.59456269999998
12.965978 77.57952899999998
12.9581731 77.59038980000003
12.963233 77.58321899999999
12.9512666 77.59527060000005
12.96495 77.58090800000002
12.9649551 77.57893349999995
12.964822 77.57761200000004
12.965414 77.57858499999998
12.965366 77.57854399999997
12.9584975 77.58566040000005
12.966365 77.578801
12.96562 77.57798600000001
12.9827389 77.60846579999998
12.959155 77.57902000000001
12.9752821 77.55304739999997
12.966067 77.57934399999999
12.964981 77.57996000000003
12.9645693 77.57788000000005
12.962739 77.579836
12.96476 77.577582
12.965726 77.57873700000005
12.967143 77.60776399999997
12.965062 77.58236999999997
12.963293 77.58081300000003
12.9627463 77.58088020000002
12.964481 77.582806
12.9510159 77.5971505
12.964386 77.58141499999999
12.965285 77.57783700000005
12.965962 77.57958600000006
12.9715987 77.59456269999998
12.981909 77.60737500000005
12.964588 77.57910800000002
12.972847 77.57722669999998
12.982004 77.6069
12.966101 77.58184699999993
12.965332 77.58177999999998
12.9645033 77.57983239999999
12.982869 77.6084955
12.9725976 77.5770301
12.965552 77.578754
12.9698858 77.53327960000001
12.9635929 77.57985580000002
12.965533 77.57816700000001
12.9646131 77.57902769999998
12.9647993 77.57851849999997
12.965667 77.57903299999998
12.9572981 77.58169929999997
12.9644356 77.58077500000002
12.969211 77.575964
12.9818045 77.55994080000005
12.966055 77.57914800000003
12.966083 77.57936700000005
12.972346 77.60542579999992
12.963 77.58212000000003
12.9518231 77.59650829999998
12.9662073 77.57650409999997
12.9725075 77.64886079999997
12.9492724 77.57222980000006
12.988922 77.57409600000005
12.948257 77.55182400000001
12.9489814 77.59775960000002
12.9263204 77.55033079999998
12.9406161 77.57122930000003
12.9555501 77.6413116
12.978592 77.64268500000003
12.929008 77.58640400000002
12.9263913 77.58061580000003
12.9387596 77.55113099999994
12.936733 77.49263300000007
12.9367356 77.58411350000006
12.934527 77.54352199999994
12.985835 77.59460999999999
12.9878265 77.55602279999994
12.9263 77.51488700000004
12.935985 77.60900700000002
12.942294 77.57983000000002
12.9298439 77.55204830000002
12.939449 77.54672349999998
12.941862 77.55294099999992
12.9699073 77.50659389999998
12.98712 77.54204000000004
12.930605 77.54337399999997
12.9835348 77.52924150000001
12.9421291 77.61749020000002
12.9706699 77.51365199999998
12.9536468 77.62139300000001
12.9658559 77.57922069999995
12.964112 77.58134199999995
12.9634983 77.58092829999998
12.965819 77.57787400000007
12.964767 77.57813299999998
12.9680682 77.58343390000005
12.965977 77.57948199999998
12.9643045 77.57993540000007
12.969261 77.57693999999992
12.963911 77.58399099999997
12.9658175 77.57794690000003
12.966127 77.57667300000003
12.966217 77.57908299999997
12.965116 77.58049800000003
12.9644356 77.58077500000002
12.9656406 77.57831220000003
12.9624752 77.58057110000004
12.968702 77.57901420000007
12.9644356 77.58077500000002
12.9644356 77.58077500000002
12.966396 77.57805499999995
12.9648349 77.58100139999999
12.965913 77.57626299999993
12.9666756 77.57791079999993
12.965246 77.57796099999996
12.9645494 77.57961019999993
12.9646131 77.57902769999998
12.963543 77.57979399999999
12.965177 77.57876399999998
12.9657111 77.57930829999998
12.967559 77.58124399999997
12.964694 77.58139400000005
12.9651328 77.5795134
12.966989 77.57857200000001
12.9646131 77.57902769999998
12.9644356 77.58077500000002
12.965533 77.57816700000001
12.9639107 77.58399069999996
12.964817 77.579341
12.965683 77.57908299999997
12.9644356 77.58077500000002
12.9651547 77.57946549999997
12.9651547 77.57946549999997
12.965801 77.57798309999998
12.9646131 77.57902769999998
12.9655783 77.57774029999996
12.9642208 77.58094159999996
12.9089075 77.57287339999993
12.898009 77.58591899999999
12.9576008 77.7011731
13.007662 77.75818000000004
12.906022 77.62791300000004
13.0145144 77.57069030000002
12.9164645 77.63598419999994
12.923242 77.57505229999992
12.9225787 77.61941589999992
13.0099622 77.70486470000003
12.9077275 77.58226279999997
12.8883273 77.5610087
12.898064 77.58504500000004
13.0085113 77.49959220000005
12.915581 77.59697099999994
12.9699007 77.74980670000002
12.8971415 77.46142120000002
13.0110233 77.61781810000002
12.9164471 77.60620749999998
12.9232884 77.57507469999996
12.999175 77.573264
12.8866623 77.58200190000002
12.9233982 77.57389119999993
12.8905501 77.59812
12.982418 77.75926099999992
12.9196252 77.62140649999992
12.9897673 77.47937790000003
13.0303785 77.51718430000005
13.0241768 77.55983470000001
13.0262482 77.51680609999994
12.8420568 77.66309649999994
13.0200249 77.63944579999998
13.0266254 77.60928609999996
13.037641 77.60497599999997
13.020531 77.58842000000004
12.8161919 77.68510689999994
12.8976565 77.61083359999998
12.884688 77.67250000000001
12.895017 77.63556700000004
12.8766268 77.59512139999993
12.8468914 77.68124970000008
12.8814972 77.64465710000002
12.8797254 77.65481920000002
12.8822749 77.58333560000005
12.8508741 77.65352370000005
12.8980646 77.58504560000006
12.891617 77.59415000000001
12.8509984 77.65146909999999
12.890544 77.59765700000003
12.892176 77.59857099999999
12.8998844 77.58988069999998
12.8925125 77.61191919999999
12.86805 77.58176409999999
12.8809944 77.59558489999995
12.894814 77.58173899999997
12.8945278 77.67583330000002
12.8841361 77.64936069999999
12.882421 77.75552500000003
12.8770518 77.58371809999994
12.8710427 77.6596743
12.896987 77.58150699999999
12.8352345 77.68245130000003
12.850942 77.64327300000002
12.8930101 77.62574330000007
12.8857558 77.62539089999996
12.8931307 77.63705089999996
12.858598 77.58901800000001
12.851111 77.65152999999998
12.887988 77.58181200000001
12.8989275 77.62653360000002
12.895167 77.63581699999997
12.8964136 77.63180109999996
12.8801231 77.60347999999999
12.8820943 77.60551350000003
12.8753944 77.58422310000003
12.8434417 77.67054250000001
12.895504 77.58183800000006
12.8703625 77.65425249999998
12.8835513 77.58291110000005
12.877398 77.58222699999999
12.8716424 77.65409490000002
12.8801283 77.60222039999996
12.8866748 77.62187019999999
12.880547 77.60157700000002
12.894007 77.63045999999997
12.894797 77.625768
12.89974 77.58656500000006
12.8867337 77.62561189999997
12.8870735 77.60602979999999
12.88451 77.60355200000004
12.8532767 77.58825379999996
12.8905501 77.59812
12.855012 77.66650099999993
12.879458 77.65485799999999
12.883335 77.75233100000003
12.8873393 77.73796500000003
12.888846 77.65168300000005
12.8702455 77.65714389999994
12.8854643 77.62192789999995
12.8954393 77.63575029999993
12.8566679 77.58883379999997
12.8862058 77.6186371
12.899199 77.62207899999999
12.8944668 77.6255764
12.884379 77.61011099999996
12.872305 77.58353
12.881186 77.595642
12.870859 77.65932320000002
12.8894127 77.62021200000004
12.8967626 77.63104840000005
12.890631 77.61781300000007
12.84774 77.68600519999995
12.8869105 77.64941720000002
12.8431427 77.64409039999998
12.8858967 77.62541910000004
12.850664 77.65501799999993
12.8791112 77.62458859999992
12.851324 77.67812900000001
12.896086 77.60805000000005
12.8867275 77.62749550000001
12.8731518 77.61527530000001
12.871066 77.766616
12.8899585 77.6255764
12.8508676 77.65433370000005
12.8995085 77.62215990000004
12.844169 77.58188100000007
12.890688 77.597355
12.9017783 77.5979175
12.8909455 77.57183429999998
12.9233462 77.57382110000003
12.9233701 77.57382310000003
12.8863693 77.55750330000001
12.90869 77.52303699999993
12.89505 77.55468500000006
12.9292004 77.58236199999999
12.9166779 77.5902102
12.916094 77.59027700000001
12.913803 77.57896900000003
12.934553 77.62387319999993
12.913343 77.60671400000001
12.935239 77.57538599999998
12.9048324 77.60186309999995
12.9077709 77.6107015
12.9293015 77.55204400000002
12.899103 77.55759599999999
12.93558 77.57552899999996
12.915707 77.60603800000001
12.910394 77.60564099999999
12.928852 77.55176299999994
12.9164087 77.61103449999996
12.9187706 77.58950340000001
12.912486 77.48371799999995
12.9366212 77.57548780000002
12.903433 77.60376700000006
12.9042791 77.62738960000001
12.9019947 77.70673050000005
12.933107 77.55759699999999
12.8134746 77.5802162
12.9137453 77.66738069999997
12.9116775 77.57304799999997
12.92413 77.6516987
12.912333 77.59996699999999
12.9316985 77.57579680000003
12.902717 77.52026699999999
12.905666 77.56283009999993
12.9346273 77.53592490000005
12.919795 77.66732100000002
12.894017 77.56824000000006
12.9316556 77.62269590000005
12.890283 77.564033
12.9096258 77.60010339999997
12.9 77.48333300000002
12.922504 77.58730500000001
12.9164582 77.60382260000006
12.9152335 77.56212340000002
12.9300708 77.63357480000002
12.936492 77.49275
12.918037 77.64930079999999
12.922117 77.58914000000004
12.929795 77.55234410000003
12.9369 77.49260000000004
12.9328849 77.55682999999999
12.915257 77.48522000000003
12.9264796 77.56456019999996
12.9161638 77.60016949999999
12.9038 77.52096699999993
12.921683 77.61371699999995
12.9190173 77.57384290000005
12.91565 77.62339999999995
12.909131 77.61016799999993
12.916333 77.61480010000002
12.9164896 77.60295199999996
12.9079575 77.60622220000005
12.909085 77.587853
12.9169903 77.59696129999998
12.921043 77.60026900000003
12.908343 77.62948299999994
12.917819 77.59520909999992
12.9129828 77.5863498
12.9114149 77.6002211
12.9178219 77.58930050000004
12.916841 77.60422599999993
12.9166425 77.59631080000008
12.9166843 77.59520539999994
12.9218012 77.61965639999994
12.9081795 77.6056936
12.9166507 77.59543540000004
12.91675 77.60386700000004
12.9159608 77.59485940000002
12.906533 77.63128299999994
12.916635 77.59668799999997
12.9125066 77.5989621
12.9169288 77.59628029999999
12.9169098 77.59633389999999
12.910491 77.58571699999993
12.9066072 77.62750630000005
12.916817 77.60321699999997
12.9197794 77.61730039999998
12.9197552 77.61276320000002
12.9167713 77.60591509999995
12.905942 77.61145399999998
12.9074565 77.60606659999996
12.915482 77.58592520000002
12.9210454 77.60202090000007
12.921035 77.59333900000001
12.9186876 77.59269649999999
12.9067559 77.63023840000005
12.914726 77.596948
12.9200483 77.61759380000001
12.9060153 77.59905400000002
12.914431 77.59993299999996
12.9211346 77.60229240000001
12.9210504 77.64935229999992
12.911969 77.57867399999998
12.9226071 77.60184449999997
12.90615 77.63811699999997
12.9242975 77.60501090000002
12.903482 77.62732299999993
12.9264461 77.56967380000003
12.9111738 77.57831209999995
12.9262616 77.60993499999995
12.9176668 77.63392240000007
12.9224858 77.56979509999996
12.9046989 77.62983170000007
12.9285509 77.59575859999995
12.922264 77.60116289999996
12.9285918 77.60936509999999
12.9139184 77.56688570000006
12.903967 77.62734999999998
12.9052169 77.56838500000003
12.9177873 77.63394790000007
12.898062 77.57190300000002
12.9185939 77.64915199999996
12.922202 77.57341199999996
12.9228923 77.61945960000003
12.9233286 77.59628399999997
12.9243171 77.61849630000006
12.903508 77.62726799999996
12.9131742 77.57877350000001
12.902173 77.60130500000002
12.902845 77.62403599999993
12.9046901 77.62743810000006
12.9226459 77.61915920000001
12.922759 77.61907329999997
12.939838 77.5777842
12.9512169 77.59531730000003
12.9518297 77.59463579999999
12.951327 77.57437000000004
12.943338 77.53731500000004
12.9414519 77.5925095
12.9406161 77.57122930000003
12.9459224 77.5768213
12.944933 77.56846700000006
12.9232557 77.57500970000001
12.921619 77.56977099999995
12.9228803 77.57186179999997
12.9422187 77.54962520000004
12.911189 77.55156799999997
12.918917 77.54208300000005
12.9129337 77.54077299999994
12.9203745 77.54338949999999
12.9166209 77.54184550000002
12.909526 77.54982900000005
12.9100885 77.54424519999998
12.9200013 77.51377120000006
12.9228041 77.55357609999999
12.9091913 77.54951030000007
12.916413 77.52252899999996
12.916417 77.52054999999996
12.9093143 77.54969890000007
12.9116873 77.55502819999992
12.915767 77.55662899999993
12.910781 77.55123500000002
12.909509 77.54710499999999
12.9106458 77.5510663
12.9245416 77.54936010000006
12.910259 77.55069800000001
12.9264784 77.55044470000007
12.9547043 77.51756890000001
12.955598 77.53593599999999
12.9534686 77.52739610000003
12.9532021 77.58271749999994
12.9572965 77.56199930000002
12.9574898 77.58000749999997
12.929217 77.58198300000004
12.928482 77.55311700000004
12.9406249 77.5784936
12.956107 77.54690000000005
12.92904 77.545297
12.9316572 77.5405614
12.9333705 77.53935939999997
12.9322173 77.53251169999999
12.93821 77.52527099999998
12.930183 77.48714999999993
12.9397254 77.53402679999999
12.9104743 77.48417749999999
12.9311974 77.54594829999996
12.921371 77.46446100000003
12.9102556 77.48293379999996
12.9320196 77.54452659999993
12.9403025 77.53894500000001
12.9171465 77.47954909999999
12.93617 77.49248599999999
12.939615 77.47927959999993
12.9348034 77.54718809999997
12.941025 77.52460999999994
12.91113 77.48580100000004
12.916003 77.47905100000003
12.9102965 77.48334520000003
12.9322807 77.54505979999999
12.937468 77.52396199999998
12.937788 77.53346699999997
12.935567 77.54774999999995
12.9331867 77.54549610000004
12.9423232 77.54393129999994
12.94271 77.54642439999998
12.924394 77.48503600000004
12.941629 77.49742800000001
12.9384687 77.47898420000001
12.9421699 77.54757599999994
12.957397 77.51591200000007
12.951468 77.49214499999994
12.9540829 77.52398700000003
12.958959 77.524632
12.943724 77.52668530000005
12.9507305 77.49172680000004
12.9513602 77.49585300000001
12.9565243 77.52908189999994
12.9513543 77.49272489999998
12.958927 77.51930199999993
12.9520035 77.52712389999999
12.951209 77.49517800000001
12.958983 77.52443300000004
12.956883 77.49349099999995
12.9430515 77.52629809999996
12.9512546 77.49294009999994
12.9512844 77.49362840000003
12.956883 77.49349099999995
12.95793 77.51845800000001
12.9513246 77.49230409999996
12.956883 77.49349099999995
12.96078 77.49928299999999
12.9676316 77.52399639999999
12.969985 77.52979900000003
12.9688611 77.52441180000005
12.95755 77.53264999999999
12.970876 77.52226139999993
12.969943 77.50782600000002
12.9708057 77.52340700000002
12.968034 77.48776299999997
12.959184 77.52197799999999
12.9591733 77.51927980000005
12.970083 77.52471700000001
12.9678 77.52391799999998
12.9652763 77.52335670000002
12.9647326 77.5325239
12.969891 77.51275099999998
12.9687079 77.52429440000003
12.9679381 77.50208139999995
12.970026 77.52175599999998
12.959095 77.52447200000006
12.9915625 77.5550366
13.0142013 77.49162890000002
12.9904148 77.4849984
13.0085113 77.49959220000005
12.9938621 77.55062769999995
13.0085113 77.49959220000005
13.0237267 77.51913620000005
12.969886 77.53327999999999
12.9875285 77.51940430000002
12.9669617 77.40288669999995
13.013255 77.54396099999997
13.0085113 77.49959220000005
13.0085113 77.49959220000005
12.9814977 77.53439249999997
12.97625 77.52690000000007
12.9900045 77.55540410000003
12.998699 77.55506639999999
12.9911182 77.54964530000007
13.0020214 77.55327510000006
12.9948363 77.55532900000003
12.989999 77.55171799999994
13.0085113 77.49959220000005
12.9938307 77.55601760000002
13.01039 77.53829599999995
12.985869 77.542374
13.014185 77.54410000000007
13.0085113 77.49959220000005
12.984667 77.52776700000004
13.0115844 77.54345209999997
12.988061 77.51239699999996
12.9985702 77.55412769999998
12.973957 77.50864100000001
13.006272 77.55754400000001
12.9839433 77.52926000000002
12.97424 77.53420800000004
12.986323 77.52932299999998
12.981789 77.53433700000005
12.9830355 77.55692650000003
12.99639 77.55036999999993
12.987675 77.47453500000006
12.9765756 77.54544669999996
12.977783 77.545117
12.971137 77.55760750000002
12.977733 77.54516699999999
13.0108477 77.52204080000001
13.0001857 77.50479580000001
12.96918 77.40632099999993
13.0093433 77.5464614
12.977012 77.55294600000002
13.0085113 77.49959220000005
12.9803123 77.51159899999993
12.9799769 77.51697149999995
12.99786 77.52843200000007
12.9608046 77.550385
12.986711 77.47681299999999
12.9756352 77.55562499999996
12.9874298 77.55334210000001
12.976667 77.54735000000005
12.992212 77.50452199999995
13.0100229 77.49638979999997
12.9972528 77.48953299999994
12.9853575 77.48493570000005
12.9975453 77.54989460000002
12.998027 77.54401770000004
13.0211749 77.51670620000004
13.005233 77.55770000000007
12.9940339 77.55585169999995
13.0213297 77.5167487
12.992179 77.55718139999999
12.9920901 77.48535749999996
13.002105 77.55285000000003
12.985359 77.48621500000002
12.998029 77.47117700000001
13.021138 77.51669509999999
13.0028051 77.52125990000002
12.978057 77.54445399999997
13.0045655 77.53550380000001
12.962417 77.54854999999998
12.98123 77.54283099999998
12.986061 77.48786700000005
12.984814 77.54648700000007
13.0083285 77.54287509999995
12.975633 77.55786999999998
12.98595 77.511617
12.9977069 77.49699659999999
13.001648 77.52510419999999
13.011765 77.52197799999999
12.994676 77.49524399999996
12.9953377 77.49548119999997
12.985123 77.51249499999994
12.980481 77.50818500000003
13.0030799 77.52118619999999
13.010246 77.50066600000002
12.9889153 77.50802180000005
12.9871812 77.51954899999998
12.987423 77.47575800000004
12.985123 77.51249499999994
12.9851191 77.48396409999998
13.004103 77.50883799999997
12.987494 77.51345600000002
13.0084419 77.48419579999995
12.9888845 77.50818609999999
12.98539 77.52513599999997
12.984483 77.48156999999992
12.986433 77.51186699999994
12.991252 77.46647200000007
12.99446 77.44245899999999
12.9942619 77.48906199999999
12.9890613 77.49798740000006
12.998011 77.48922600000003
12.9971378 77.49659059999999
12.986061 77.48786700000005
12.985113 77.479735
12.984031 77.49241200000006
12.986857 77.50502200000005
13.0095486 77.49702709999997
12.987724 77.47483899999997
12.988301 77.47340199999996
13.0084765 77.49014790000001
13.0000423 77.50415169999997
12.986061 77.48786700000005
12.9876405 77.51777749999997
13.0085113 77.49959220000005
12.980346 77.51160299999992
13.011765 77.52197799999999
12.9965902 77.49628180000002
12.993458 77.442766
12.986061 77.48786700000005
13.010246 77.50066600000002
12.9963191 77.48973019999994
13.0090619 77.49813990000007
12.992536 77.46458200000006
12.986711 77.47681299999999
12.986641 77.49042899999995
12.980647 77.48268699999994
13.010287 77.50982299999998
13.0005229 77.48847460000002
13.007954 77.51132600000005
13.011765 77.52197799999999
12.9884752 77.47328960000004
13.011765 77.52197799999999
12.992944 77.44283100000007
13.0086666 77.50567090000004
12.9857842 77.487394
12.9999902 77.51321170000006
12.992296 77.46372199999996
13.050606 77.51184599999999
13.0342218 77.55925200000001
13.030491 77.57047499999999
13.055463 77.60454900000002
13.0285439 77.51971909999997
13.0279661 77.54091560000006
13.028878 77.54003999999998
13.0279661 77.54091560000006
13.029979 77.52691200000004
13.028472 77.51966500000003
13.028513 77.519676
13.005375 77.537059
13.100849 77.58133999999995
13.0977769 77.59615929999995
13.041519 77.55707099999995
13.058273 77.586458
13.0553933 77.60401839999997
13.058597 77.584205
13.065641 77.59263799999997
13.068296 77.62791930000003
13.045755 77.57503900000006
13.0731256 77.63353319999999
13.047713 77.59190390000003
13.0673214 77.56010500000002
13.066783 77.59548799999993
13.042393 77.58118100000002
13.0447338 77.54766960000006
13.0672365 77.63497619999998
13.0506504 77.63056570000003
13.052439 77.63128000000006
13.069133 77.561867
13.0455759 77.57667270000002
13.0576109 77.54970430000003
13.049349 77.60438290000002
13.0623807 77.55216840000003
13.066548 77.55327779999993
13.067828 77.55692700000009
13.056049 77.62905999999998
13.048183 77.62875600000007
13.0473653 77.54939220000006
13.0670762 77.63588679999998
13.056801 77.62874
13.0563294 77.58727169999997
13.0733938 77.63379450000002
13.057502 77.58991300000002
13.064929 77.57297900000003
13.0581456 77.58660409999993
13.072328 77.63368400000002
13.04835 77.57463699999994
13.054147 77.5779
13.0694103 77.55643169999996
13.0427776 77.55009229999996
13.064104 77.593121
13.062557 77.58559300000002
13.0621468 77.55889130000003
13.058741 77.58195999999998
13.04717 77.54962460000002
13.0519462 77.60123539999995
13.070081 77.62402299999997
13.08273 77.55991600000004
13.102134 77.59957899999995
13.100222 77.59544800000003
13.099919 77.57904400000007
13.0986617 77.57743879999998
13.097933 77.59603900000002
13.098252 77.57750299999998
13.099461 77.57405500000004
13.0751674 77.60166589999994
13.077772 77.58701599999995
13.093822 77.58179900000005
13.0741394 77.63353740000002
13.104245 77.57131900000002
13.081754 77.55977200000007
13.10326 77.56681900000001
13.099481 77.59784200000001
13.10018 77.59787299999994
13.0994228 77.5966856
13.085791 77.55609800000002
13.094454 77.58601199999998
13.103127 77.59929999999997
13.094454 77.58601199999998
13.103516 77.61628100000007
13.097509 77.56508299999996
13.08247 77.54587100000003
13.101075 77.56684799999994
13.098939 77.57713089999993
13.086205 77.55504700000006
13.094454 77.58601199999998
13.083542 77.56024300000001
13.104124 77.60540400000002
13.090333 77.58163100000002
13.121883 77.62443200000007
13.121797 77.62151799999992
13.121167 77.60788100000002
13.121348 77.62260200000003
13.121042 77.61891000000003
13.109526 77.61474399999997
13.118214 77.57754299999999
13.083506 77.49970699999994
13.079442 77.51611300000002
13.078308 77.49876900000004
13.087032 77.49662699999999
13.078541 77.49866399999996
13.0908861 77.49231259999999
13.0860855 77.49748679999993
13.076049 77.49821099999997
13.076359 77.51716999999996
13.084737 77.498695
13.076304 77.50749300000007
13.0392944 77.51813190000007
13.0435789 77.51174609999998
13.041065 77.51438600000006
13.056233 77.50763299999994
13.0446824 77.50951570000007
13.080877 77.41526899999997
13.092135 77.40726999999993
13.043545 77.51183659999992
13.0711624 77.53829599999995
13.0545411 77.51079690000006
13.0422524 77.51610200000005
13.07228 77.52524799999992
13.0416446 77.54403589999993
13.073127 77.52130599999998
13.057825 77.47004800000002
13.042871 77.50482799999997
13.0435468 77.51063699999997
13.039402 77.513777
13.073853 77.51802799999996
13.087348 77.41069700000003
13.099893 77.39057100000002
13.045807 77.49098400000003
13.100787 77.39050199999997
13.042331 77.49321800000007
13.068707 77.48987699999998
13.04735 77.475143
13.053109 77.49358800000005
13.085816 77.40363500000001
13.087419 77.41100600000004
13.039098 77.51512200000002
13.065497 77.49457400000006
13.047338 77.48649999999998
13.0648033 77.53056820000006
13.054504 77.49065599999994
13.067458 77.50039900000002
13.060974 77.46183300000007
13.0703911 77.50392350000004
13.087419 77.41100600000004
13.039288 77.51404100000002
13.055338 77.480097
13.0501687 77.51504550000004
13.05743 77.49069800000007
13.076936 77.42365599999994
13.0363312 77.56176759999994
13.0339001 77.51321170000006
13.0344216 77.58952249999993
13.0381489 77.55205389999992
13.0350503 77.52818409999998
13.0355601 77.55101530000002
13.0340686 77.56080670000006
13.0361258 77.52478300000007
13.0355253 77.51508460000002
13.0380756 77.52183909999997
13.033532 77.56742099999997
13.032031 77.49114600000007
13.137944 77.47707200000002
13.134344 77.51464499999997
13.131359 77.57229299999995
13.0326049 77.55433919999996
13.033546 77.520941
13.0348757 77.55778959999998
13.037359 77.51793599999996
13.0331485 77.55476840000006
13.0319928 77.52619479999998
13.0351468 77.52710739999998
13.0347519 77.52704270000004
13.0333311 77.52082539999992
13.037335 77.51800600000001
13.038 77.51382799999999
13.030861 77.57754599999998
13.040225 77.62456999999995
13.04085 77.611583
13.1376034 77.60324689999993
13.040976 77.61912699999993
13.069146 77.65154899999993
13.069146 77.65154899999993
13.058793 77.71522400000003
13.056701 77.71299199999999
13.060182 77.64888399999995
13.093356 77.65387299999998
13.061378 77.64878299999998
13.041107 77.66220299999998
13.06485 77.64724999999999
13.07514 77.78640500000006
13.070422 77.78885200000002
13.07 77.79999999999995
13.069379 77.78854899999999
13.072513 77.79627800000003
13.071589 77.79630900000006
13.071353 77.78699800000004
13.073002 77.79669799999999
13.073002 77.79669799999999
13.065516 77.78623300000004
13.047423 77.748066
13.0381979 77.72800949999998
13.018749 77.68419599999993
13.0203444 77.6833196
13.016646 77.71965699999998
13.024415 77.69194700000003
13.019972 77.72021599999994
13.021004 77.685205
13.0178714 77.72026269999992
13.0206472 77.68465119999996
13.021041 77.696098
12.9982684 77.67296959999999
12.9966933 77.66890119999994
12.9951006 77.66583730000002
12.992975 77.70469000000003
12.9972339 77.67063489999998
12.9961938 77.66812749999997
12.993619 77.70152600000006
13.005436 77.69263000000001
13.005527 77.66505699999993
13.004261 77.70754899999997
12.9935485 77.6706299
13.004387 77.70822099999998
13.000309 77.67592100000002
12.998085 77.67200600000001
13.001882 77.694658
12.99815 77.68884300000002
13.005162 77.70370600000001
12.992147 77.66383799999994
12.998829 77.67408709999995
12.990793 77.67572799999994
12.9992159 77.68567259999998
12.9984197 77.67322749999994
12.9976333 77.65560979999998
13.02053 77.656474
13.0205422 77.67349779999995
13.01592 77.65289699999994
13.0227022 77.65824880000002
13.019492 77.67367899999999
13.0208779 77.67713849999996
13.026457 77.660615
13.032488 77.63653999999997
13.026844 77.66096900000002
13.024466 77.65897500000005
13.029285 77.66512999999998
13.0309228 77.6686886
13.0247683 77.65932939999993
13.026333 77.63630899999998
13.033327 77.67480499999999
13.030962 77.66758900000002
13.031568 77.65335400000004
13.0256372 77.63661990000003
13.0224812 77.64906050000002
13.025996 77.63096999999993
13.019182 77.63012400000002
13.030816 77.6213798
13.023033 77.61945000000003
13.0269 77.62096700000006
13.0218214 77.61713009999994
13.0239717 77.62926970000001
13.018023 77.6300235
13.0217429 77.62900830000001
13.022608 77.61926649999998
13.031906 77.621217
13.026282 77.63128800000004
13.026372 77.62407800000005
13.03121 77.62167899999997
13.019145 77.64645300000007
13.0257347 77.63143029999992
13.0211348 77.62825109999994
13.031984 77.62222429999997
13.0183784 77.61676130000001
13.028085 77.62069500000007
13.0265016 77.63252060000002
13.027033 77.63209600000005
13.025953 77.62719400000003
13.019666 77.64689199999998
13.0208795 77.63562709999997
13.0279689 77.62042389999999
13.0200494 77.61875989999999
13.0376685 77.67578200000003
13.0387212 77.6776542
13.0261906 77.58927330000006
13.006131 77.63908100000003
13.037892 77.62347199999999
13.0207 77.67658000000006
13.019046 77.58823899999993
13.017332 77.59315300000003
13.013997 77.65065900000002
13.0360376 77.60677169999997
13.0242859 77.58981410000001
13.016966 77.61821499999996
13.0128905 77.66406259999997
13.032717 77.60043300000007
13.032217 77.60403300000007
13.024691 77.59551299999998
13.0260988 77.58838850000006
13.011729 77.67185900000004
13.013861 77.65063800000007
13.017165 77.62952300000006
13.03415 77.61480000000006
13.0123824 77.62575809999998
13.0126114 77.66517679999993
13.025778 77.60358099999996
13.031167 77.60834999999997
13.0245975 77.59079480000003
13.036633 77.60974999999996
13.032733 77.600367
13.026814 77.59103200000004
13.0072861 77.61775639999996
13.0325221 77.60855990000005
13.0261779 77.58904170000005
13.008355 77.62321099999997
13.0360101 77.60490290000007
13.0125115 77.62716030000001
13.0292912 77.60474769999996
13.021347 77.61271999999997
13.0247001 77.59075659999996
13.0262355 77.5892556
13.0128369 77.64240459999996
13.0366497 77.60685890000002
13.014872 77.64280800000006
13.027554 77.60442599999999
13.009098 77.65054800000007
13.015082 77.65495399999998
13.0297546 77.60794320000002
13.00748 77.593928
13.015429 77.65286900000001
13.0280473 77.59396519999996
13.0071776 77.64098409999997
13.0153431 77.61765719999994
13.0163701 77.6427238
13.007851 77.59394099999997
13.01105 77.60863300000005
13.0178978 77.59205910000003
13.0308147 77.60467399999993
13.019817 77.61273299999993
13.0248902 77.59141210000007
13.031624 77.61050999999998
13.006767 77.63986699999998
13.0106339 77.62221290000002
13.011667 77.678091
13.034346 77.62305300000003
13.009338 77.60926100000006
13.031982 77.60601500000007
13.007567 77.65046600000005
13.032683 77.60874999999999
13.021317 77.60540000000003
13.011957 77.64713099999994
13.006017 77.63889999999992
13.017457 77.61849400000006
13.0086634 77.6227963
13.012593 77.64647100000002
13.015017 77.63120300000003
13.0107942 77.63499909999996
13.013567 77.64230499999996
13.0058 77.61506099999997
13.004683 77.63635799999997
13.002983 77.60348299999998
13.003881 77.61217999999997
13.0042746 77.634819
13.0038922 77.60672139999997
13.003581 77.63141799999994
12.999901 77.61105499999996
12.999649 77.60723200000007
13.0012994 77.62883940000006
13.002067 77.63276700000006
12.9910869 77.59202949999997
12.987194 77.58046000000002
12.9926743 77.59167809999997
12.994881 77.58940819999998
12.971654 77.65624000000003
12.9716023 77.65708530000006
12.9714376 77.65622059999998
13.015644 77.59524199999998
13.0223141 77.59489459999998
13.0198287 77.60701310000002
13.019568 77.596813
13.0293427 77.56119289999992
12.9983076 77.56767530000002
13.026896 77.58657599999992
13.0082479 77.69479819999992
13.0273502 77.56173979999994
13.0271872 77.56103499999995
13.0265817 77.56624060000001
12.9974146 77.60961180000004
13.0012124 77.57139140000004
13.0266999 77.56073560000004
13.0269911 77.57870730000002
13.0274067 77.55839309999999
13.0280564 77.57294690000003
13.0261076 77.51477729999999
13.173642 77.56416100000001
13.17472 77.56351199999995
13.171904 77.55986400000006
13.129087 77.61422600000003
13.171139 77.56453999999997
13.151285 77.66883699999994
13.13792 77.47712179999996
13.151364 77.66994699999998
13.00995 77.69716700000004
12.8654874 77.58005760000003
12.8229951 77.68568340000002
12.9068556 77.54506990000004
12.8655051 77.58016220000002
12.875514 77.54360700000007
12.8841676 77.56997950000004
12.872444 77.58065899999997
12.891959 77.58093199999996
12.9033 77.52302099999997
12.8158081 77.67082929999992
12.787709 77.77461799999992
12.9054254 77.55808060000004
12.872696 77.56618900000001
12.883944 77.56677300000001
12.9060789 77.54330959999993
12.8863144 77.55861770000001
12.906057 77.69666699999993
12.79578 77.7065
12.804218 77.69737899999996
12.8899 77.56358399999999
12.907133 77.56373299999996
12.905411 77.55765300000007
12.89112 77.56213100000002
12.822529 77.686102
12.815687 77.69125600000007
12.8063235 77.69880609999996
12.813989 77.69043599999998
12.8200205 77.68845779999992
12.902929 77.62409439999999
12.9007101 77.58682039999997
12.900137 77.58835199999999
12.8915007 77.56118059999994
12.896986 77.57145500000001
12.889553 77.56358499999999
12.8891378 77.57134380000002
12.896996 77.57147280000004
12.896996 77.57147280000004
12.889522 77.57985200000007
12.9137339 77.55920489999994
12.868694 77.56600300000002
12.8983561 77.54331219999995
12.883396 77.54859399999998
12.9059585 77.54281470000001
12.915246 77.55884100000003
12.9153615 77.55884229999992
12.915028 77.56236899999999
12.915857 77.56532500000003
13.0033477 77.56837429999996
13.0037396 77.56671019999999
13.0027665 77.57053919999998
12.985267 77.56016699999998
12.99516 77.57873999999993
12.9929411 77.56234760000007
12.985467 77.59626700000001
12.9874689 77.60492180000006
12.987173 77.57421580000005
12.9900585 77.56040840000003
12.986333 77.60586699999999
12.9938131 77.57145020000007
