12.980889 77.61083299999996
12.9810542 77.60406139999998
12.960473 77.58345199999997
12.964952 77.61219000000006
12.9751832 77.6079449
12.966868 77.612484
12.9538667 77.54253119999998
12.9707 77.57351700000004
12.972724 77.57373299999995
12.9700365 77.58397109999999
12.954804 77.58349249999992
12.973738 77.61274300000002
12.9565141 77.58111919999999
12.981847 77.54705100000001
12.96485 77.57715000000007
12.975947 77.60379799999998
12.9688298 77.57722820000004
12.9515262 77.57984869999996
12.9715987 77.59456269999998
12.958954 77.59366699999998
12.973617 77.60145
12.971182 77.59781799999996
12.9657847 77.57998299999997
12.9703719 77.61025970000003
12.982154 77.60858000000007
12.9715987 77.59456269999998
12.962227 77.59153200000003
12.9662395 77.58190279999997
12.9714044 77.5964305
12.9819701 77.60894589999998
12.9799713 77.61342200000001
12.9770784 77.54545380000002
12.967659 77.57833099999993
12.9729 77.577267
12.9683897 77.57764029999998
12.9567603 77.57619629999999
12.957783 77.58596699999998
12.9767436 77.57960049999997
12.975556 77.60300219999999
12.9808535 77.60557130000007
12.9614556 77.59594479999998
12.9665482 77.57833630000005
12.964534 77.57902999999999
12.964783 77.57968299999993
12.9623213 77.59218429999999
12.9700373 77.61343
12.981093 77.59984899999995
12.9718643 77.60088769999993
12.9707555 77.58056850000003
12.9614954 77.58405449999998
12.958212 77.60509300000001
12.957882 77.52319499999999
12.9564543 77.54761170000006
12.972379 77.57850800000006
12.956434 77.59144600000002
12.9590987 77.59356860000003
12.97305 77.57849999999996
12.9745059 77.60764979999999
12.977005 77.535302
12.9789176 77.55954989999998
12.97421 77.53492099999994
12.973286 77.57619199999999
12.980649 77.60259300000007
12.977146 77.57671499999992
12.973068 77.5766817
12.964333 77.58158300000002
12.976556 77.59841899999992
12.9676978 77.5830757
12.9735834 77.60744009999996
12.972041 77.57678099999998
12.9734083 77.57745829999999
12.968823 77.580874
12.970148 77.58235200000001
12.965207 77.57858099999999
12.971333 77.60681
12.9715987 77.59456269999998
12.980554 77.60387000000003
12.978014 77.57873300000006
12.959386 77.52790400000004
12.9719702 77.58062789999997
12.97262 77.57783199999994
12.9823074 77.59682380000004
12.9722683 77.57689909999999
12.9678221 77.6061297
12.9701547 77.57667809999998
12.955194 77.58024699999999
12.9609539 77.59159539999996
12.9824212 77.59785009999996
12.9536595 77.54219290000003
12.982551 77.60143500000004
12.955682 77.57700499999999
12.9544079 77.58971650000001
12.9714419 77.59458949999998
12.9802805 77.55697889999999
12.9542392 77.57948399999998
12.9582918 77.58638470000005
12.973628 77.60762799999998
12.964621 77.57783100000006
12.9715987 77.59456269999998
12.956267 77.58148299999993
12.9735502 77.57795779999992
12.969539 77.57950040000003
12.9717353 77.57418480000001
12.969925 77.57662499999992
12.9728901 77.57673610000006
12.970571 77.58017610000002
12.9715694 77.57646190000003
12.972811 77.57750299999998
12.970923 77.57631400000002
12.970017 77.58266700000001
12.970517 77.57663300000002
12.9716613 77.57588859999998
12.970759 77.57630700000004
12.969901 77.57789600000001
12.9720408 77.57678080000005
12.9720408 77.57678080000005
12.9719702 77.58062789999997
12.972847 77.57722669999998
12.972078 77.57686799999999
12.9722781 77.57687759999999
12.9718361 77.57663950000006
12.970133 77.57558300000005
12.973289 77.57511699999998
12.9722781 77.57687759999999
12.9697864 77.57563770000002
12.970756 77.58056899999997
12.9728 77.57716700000003
12.9728483 77.57890739999993
12.972683 77.57708300000002
12.970853 77.57772399999999
12.9702 77.57646699999998
12.970344 77.58089799999993
12.97171 77.57658800000002
12.970217 77.57560000000001
12.9705443 77.58157929999993
12.970017 77.57584999999995
12.972109 77.57681600000001
12.9707555 77.58056850000003
12.971983 77.57690000000002
12.9726976 77.57463289999998
12.9707555 77.58056850000003
12.9707555 77.58056850000003
12.970133 77.57593299999996
12.9721168 77.57690060000004
12.9707555 77.58056850000003
12.969533 77.57498299999997
12.9697 77.57558300000005
12.9722 77.57706600000006
12.9707555 77.58056850000003
12.970386 77.57775900000001
12.9707555 77.58056850000003
12.9707555 77.58056850000003
12.972851 77.57373299999995
12.971825 77.58015999999998
12.969917 77.57656700000007
12.9697253 77.57702689999996
12.9719702 77.58062789999997
12.969967 77.57656700000007
12.9707555 77.58056850000003
12.973247 77.57884999999999
12.971217 77.573667
12.970351 77.58069599999999
12.973068 77.5766817
12.9719702 77.58062789999997
12.972217 77.57626700000003
12.9719491 77.5767363
12.9728338 77.57834589999993
12.973233 77.57641699999999
12.97325 77.57618300000001
12.971232 77.57635400000004
12.9720408 77.57678080000005
12.9697384 77.58007410000005
12.969683 77.57465000000002
12.9695665 77.57617970000001
12.9722683 77.57803309999997
12.9732942 77.57481269999994
12.9718133 77.5768319
12.9697021 77.5832785
12.970511 77.57528720000005
12.9720408 77.57678080000005
12.9712657 77.57344
12.973447 77.57444699999996
12.969754 77.57704869999998
12.972484 77.57783199999994
12.9717 77.57666700000004
12.9722683 77.57689909999999
12.9707555 77.58056850000003
12.9720408 77.57678080000005
12.972954 77.57708100000002
12.9722961 77.57877639999992
12.994429 77.61578639999993
12.980647 77.61423809999997
12.993008 77.59547099999997
12.9536792 77.61762490000001
12.9383046 77.6310598
12.9784477 77.63070579999999
12.974783 77.61938299999997
12.986167 77.60583299999996
12.9887951 77.61299439999993
12.9731519 77.64735350000001
12.981463 77.62997510000002
12.9729249 77.64821619999998
12.994135 77.55843400000003
12.989185 77.49829799999998
13.0018799 77.62651890000006
12.937245 77.62664500000005
12.990528 77.509725
12.9844727 77.52553990000001
12.94438 77.60889299999997
12.9534315 77.64072149999993
12.9912998 77.61411759999999
12.9987249 77.55257540000002
12.9990695 77.57956709999996
12.9467109 77.59609760000001
12.9860462 77.52212229999998
13.0001172 77.60348939999994
13.0004385 77.57137499999999
12.938547 77.60982100000001
12.942183 77.554442
12.9858924 77.5424514
12.9627046 77.64189099999999
12.9773754 77.48048500000004
12.99425 77.578303
13.00232 77.53216399999997
12.9983691 77.6090527
12.9459224 77.5768213
12.9916372 77.57102609999993
12.949375 77.59677499999998
12.941911 77.62578899999994
12.9644259 77.64143609999996
12.9416968 77.55858949999993
12.961649 77.61716200000001
12.9990116 77.5502338
12.988841 77.55935999999997
12.964257 77.63949400000001
12.9559153 77.64120159999993
12.9528766 77.6995091
12.9172439 77.59232329999998
12.91105 77.58862899999997
12.914942 77.58590900000002
12.933379 77.62711999999999
12.924448 77.67432499999995
13.0180959 77.65711110000007
13.0185534 77.65460110000004
12.9234077 77.55543460000001
12.927647 77.55116999999996
13.0186762 77.65711629999998
13.018231 77.65509500000007
12.9214137 77.5935303
12.9080028 77.59726249999994
12.9323972 77.58928289999994
12.972333 77.65001699999993
12.9494374 77.69906760000003
12.9269323 77.58501720000004
12.9570852 77.70189370000003
12.956933 77.70330000000001
12.911922 77.64916400000004
13.0195677 77.59681309999996
13.030973 77.572498
12.9357929 77.51794730000006
13.032205 77.63118499999996
13.00554 77.56905000000006
12.935297 77.61067219999995
12.923361 77.64693599999998
13.0041984 77.55316440000001
13.014691 77.55128000000002
12.917793 77.48281500000007
12.96344 77.70893799999999
12.956398 77.71002199999998
13.013558 77.64980100000002
12.9343922 77.610997
13.0136385 77.66141470000002
12.988814 77.68148300000007
12.911344 77.63799799999993
13.0218668 77.57889240000009
13.021876 77.64996730000007
12.9333518 77.62290689999998
13.0990652 77.57212909999998
13.0580064 77.58665870000004
13.0951318 77.59432960000004
13.070311 77.55546000000004
13.068422 77.592713
13.0992289 77.59770960000003
13.095341 77.59381699999994
13.058768 77.59311000000002
13.098483 77.57741699999997
13.09345 77.541471
13.055074 77.53392199999996
13.059183 77.54573299999993
13.06975 77.55571699999996
13.070133 77.56500000000005
13.0839931 77.56028700000002
13.060659 77.64119000000005
13.0982922 77.56956839999998
13.0644032 77.64782620000005
13.060125 77.6420521
13.0946021 77.58026999999993
13.103529 77.58438899999999
13.062561 77.64958750000005
13.056665 77.507249
13.097398 77.57896900000003
13.094454 77.58601199999998
13.0657883 77.58773180000003
13.106944 77.57853
13.062457 77.58625899999993
13.097817 77.56306700000005
13.058608 77.58437600000002
13.060974 77.55885699999999
13.096282 77.59772299999997
13.1109048 77.60754120000001
13.0994065 77.57711369999993
13.081333 77.56016699999998
13.101099 77.59812
13.1040697 77.61681229999999
13.1048243 77.57627030000003
13.085183 77.55333300000007
13.09771 77.56475899999998
13.0978361 77.5667489
13.0684841 77.55999640000005
13.073114 77.55423900000005
13.059002 77.59378300000003
13.063505 77.63382100000001
13.058629 77.58409699999993
13.081033 77.50138300000003
13.08195 77.547233
13.059214 77.58007399999997
13.086451 77.55991319999998
13.097839 77.58948299999997
13.069257 77.55648500000007
13.056517 77.50538299999994
13.0657883 77.58773180000003
13.0657883 77.58773180000003
13.062217 77.58611700000006
13.097097 77.59571699999992
13.058326 77.58608200000003
13.097348 77.58918300000005
13.057118 77.548002
13.0589 77.58180100000004
13.063433 77.559167
13.0580225 77.59757820000004
13.059727 77.55892500000004
13.068817 77.55765099999996
13.10245 77.576867
13.0806111 77.55950729999995
13.081983 77.55978299999992
13.098683 77.57728299999997
13.063817 77.504683
13.0668218 77.59306519999996
13.0584532 77.64072579999993
13.061698 77.51878799999997
13.102917 77.57695000000001
13.057583 77.58961699999998
13.081686 77.55964900000004
13.062533 77.59273299999995
13.0729898 77.55433530000005
13.057383 77.50718299999994
13.0575609 77.50698950000003
13.058102 77.58659799999998
13.063141 77.620677
13.082113 77.61760600000002
13.0653556 77.55972910000003
13.072417 77.52383299999997
13.074209 77.51827700000001
13.0568835 77.50733549999995
13.0558329 77.61151629999995
13.0582825 77.59883209999998
13.0603152 77.50407429999996
13.094454 77.58601199999998
13.095417 77.48690299999998
13.06852 77.63346000000001
13.10197 77.58635900000002
13.104478 77.60558500000002
13.081074 77.55963700000007
13.094454 77.58601199999998
13.062036 77.60887000000002
13.067309 77.60114499999997
13.0946303 77.59411649999993
13.0829067 77.5949362
13.100568 77.59647300000006
13.0828203 77.56040050000001
13.104555 77.60235899999998
13.106962 77.56629900000007
13.099183 77.59756700000003
13.083477 77.55986699999994
13.093892 77.59977300000003
13.0786561 77.55910169999993
13.0938184 77.59376709999992
13.094936 77.57986800000003
13.080252 77.55908799999997
13.102122 77.59898999999996
13.099658 77.57835509999995
13.086429 77.55990999999995
13.10197 77.58635900000002
13.088381 77.54674
13.083467 77.56016699999998
13.099313 77.57809999999995
13.103734 77.61526600000002
13.094454 77.58601199999998
13.104347 77.60421599999995
13.081954 77.56033000000002
13.0986714 77.57789419999995
13.094454 77.58601199999998
13.0994055 77.59707750000007
13.0951328 77.5841292
13.098383 77.59668299999998
13.10197 77.58635900000002
13.089517 77.55618299999992
13.080903 77.55649799999992
13.0988527 77.57837359999996
13.083655 77.56077800000003
13.085337 77.55366200000003
13.0942042 77.58080210000003
13.091213 77.58132499999999
13.080903 77.55649799999992
13.094107 77.58264800000006
13.094697 77.58027300000003
13.083151 77.56002699999999
13.085791 77.55609800000002
13.0812833 77.56059319999997
13.094454 77.58601199999998
13.107946 77.57188599999995
13.083542 77.56024300000001
13.107795 77.60607800000002
13.101483 77.56683299999997
13.091719 77.55862000000002
13.078567 77.592667
13.042012 77.58006699999999
13.049793 77.64528999999993
13.0289181 77.6381735
13.029055 77.60277300000007
13.0336904 77.62894559999995
13.01822 77.65799700000002
13.012362 77.66193899999996
13.017104 77.658999
13.024823 77.63696230000005
13.021262 77.62752699999999
13.0172269 77.65941640000005
13.0057207 77.5481939
13.0121632 77.55392619999998
13.022453 77.59291600000006
13.034996 77.59892400000001
13.0206268 77.64788520000002
13.0245231 77.64072579999993
13.0228527 77.64588649999996
13.014795 77.65835100000004
13.0274541 77.6344904
13.0064759 77.53041299999995
13.037691 77.65051300000005
13.0397283 77.63356590000001
13.012348 77.66187500000001
13.023958 77.64084300000002
13.0391759 77.62210909999999
13.0268936 77.62807220000002
13.0269422 77.58609890000002
13.0103952 77.58365759999992
13.0191949 77.54346409999994
13.0085113 77.49959220000005
13.0329901 77.52090450000003
13.0126781 77.53198539999994
13.01561 77.51128100000005
13.042602 77.61687099999995
13.0240966 77.64359109999998
13.0279569 77.66112099999998
13.0113722 77.55479009999999
13.041027 77.61364400000002
13.01058 77.64985200000001
13.019888 77.55147399999998
13.0201296 77.70919490000006
13.054828 77.58189700000003
13.0119225 77.66923070000007
13.018517 77.65663300000006
13.074587 77.68157900000006
13.0174781 77.6602077
13.0085113 77.49959220000005
13.0173031 77.59185809999997
13.0083649 77.63063829999999
13.005927 77.57834600000001
13.010529 77.49452099999996
13.021868 77.55231800000001
13.0185935 77.63499790000003
13.0067823 77.49101310000003
13.0129981 77.63069670000004
13.0223141 77.59489459999998
13.0054605 77.57840099999999
13.020111 77.64799800000003
13.0182334 77.65693280000005
13.028913 77.51239599999997
13.022167 77.59461699999997
13.005624 77.58169780000003
13.051184 77.51499999999999
13.0085113 77.49959220000005
13.0306278 77.55178479999995
13.0067778 77.60241510000003
13.0230165 77.5209357
13.0299647 77.53728180000007
13.0100847 77.53859220000004
13.0426145 77.57627030000003
13.0181471 77.5983989
13.029153 77.62984499999993
13.0081415 77.56480770000007
13.0386425 77.57417480000004
13.0373896 77.56187469999998
13.0392564 77.56142829999999
13.0475257 77.53184629999998
13.0452056 77.51321170000006
13.0391127 77.51838029999999
13.039088 77.55061
13.0398271 77.55251220000002
13.0431297 77.55228379999994
13.0394679 77.56692450000003
13.0463205 77.63373090000005
13.045004 77.49100799999997
13.053779 77.63167999999996
13.0511166 77.51008780000006
13.0520033 77.51343350000002
13.051936 77.633419
13.049621 77.494146
13.0434749 77.54814869999996
13.0405491 77.57737650000001
13.0422426 77.51614289999998
13.0479112 77.50783030000002
13.0372205 77.58924950000005
13.0401478 77.5637312
13.0453022 77.5668657
13.052804 77.50962779999998
13.040553 77.59064880000005
13.039517 77.60246699999993
13.0430783 77.57125559999997
13.0490328 77.59699750000004
13.043455 77.62558200000001
13.045029 77.51360350000004
13.0433299 77.51822900000002
13.0420019 77.51643489999992
13.043783 77.51208299999996
13.042783 77.51393299999995
13.0405491 77.57737650000001
13.052317 77.50794999999994
13.0423337 77.54936069999997
13.039533 77.549083
13.049933 77.50773300000003
13.0408319 77.51746060000005
13.065829 77.53315700000007
13.069316 77.55521699999997
13.065675 77.55992600000002
13.064633 77.51798299999996
13.070194 77.55540100000007
13.062617 77.53046700000004
13.062983 77.53076699999997
13.06314 77.55816800000002
13.075889 77.51704100000006
13.0647364 77.5305601
13.062567 77.55906700000003
13.0653804 77.53044309999996
13.0497395 77.51678649999997
13.0476012 77.5497345
13.0476916 77.54976139999997
13.059081 77.54477199999997
13.0567915 77.51894579999998
13.0563616 77.53275880000001
13.0479369 77.54881049999995
13.0559073 77.53287320000004
13.0601495 77.55893579999997
13.0552965 77.53315980000002
13.056465 77.55869200000006
13.0555834 77.53462400000001
13.0447484 77.50938969999993
13.0447664 77.51351699999998
13.0525175 77.50997989999996
13.047691 77.57560799999999
13.043567 77.55276700000002
13.0479689 77.5146777
13.0441844 77.51226440000005
13.052804 77.50962779999998
13.052363 77.57632430000001
13.0429046 77.54582030000006
13.04369 77.51147800000001
13.0506949 77.51567849999992
13.044723 77.513509
13.0426249 77.57625499999995
13.049621 77.494146
13.044121 77.51329169999997
13.0510267 77.51521690000004
13.0462836 77.54744189999997
13.0463502 77.51620930000001
13.0422524 77.51610200000005
13.058024 77.58631700000001
13.0432061 77.55228160000001
13.0475202 77.5147753
13.066433 77.57026700000006
13.0432212 77.55429529999992
13.0514458 77.50813210000001
13.042467 77.573217
13.058358 77.58507600000007
13.0603508 77.50369709999995
13.0520304 77.51386200000002
13.071157 77.56815099999994
13.071706 77.56454899999994
13.0588004 77.50708110000005
13.0446403 77.54952230000004
13.058845 77.58225700000003
13.0702454 77.50392310000007
13.0437552 77.51317169999993
13.0710224 77.56771040000001
13.05631 77.50706400000001
13.0569792 77.50909100000001
13.0339001 77.51321170000006
13.03455 77.55768599999999
13.0336786 77.55807759999993
13.0418595 77.5165915
13.0340686 77.56080670000006
13.0414496 77.55294479999998
13.0408319 77.51746060000005
13.040495 77.514317
13.0374222 77.55735670000001
13.0407721 77.55369010000004
13.0389508 77.51536199999998
13.0408616 77.55730169999993
13.0350503 77.52818409999998
13.038116 77.54900399999997
13.0343838 77.52751239999998
13.0336874 77.55492900000002
13.0336077 77.5539483
13.0398843 77.55749719999994
13.03751 77.55337199999997
13.0342747 77.55777920000003
13.041898 77.51920599999994
13.0450617 77.54816919999996
13.0373304 77.51808289999997
13.042851 77.55099599999994
13.0429745 77.5483941
13.0393882 77.55730740000001
13.044723 77.513509
13.0424141 77.55725789999997
13.04534 77.54839449999997
13.048633 77.51473299999998
13.0450921 77.52160920000006
13.0351296 77.52396279999994
13.0354786 77.54133009999998
13.0461343 77.54934500000002
13.047618 77.51347699999997
13.0453298 77.5483395
13.042726 77.51296100000002
13.0466131 77.51645770000005
13.0376802 77.55733020000002
13.03822 77.55279300000007
13.037661 77.560337
13.046769 77.51412800000003
13.033803 77.55401499999994
13.0380756 77.52183909999997
13.0342358 77.52665209999998
13.033639 77.52613300000007
13.035503 77.55817400000001
13.0428082 77.54844490000005
13.043316 77.51265599999999
13.0380756 77.52183909999997
13.0450388 77.51350389999993
13.040911 77.51692600000001
13.046769 77.51412800000003
13.0435295 77.55236479999996
13.04717 77.54962460000002
13.0483129 77.51464820000001
13.0469185 77.54957230000002
13.0279661 77.54091560000006
13.0288778 77.54004029999999
13.0307167 77.50997719999998
13.0279661 77.54091560000006
13.0270739 77.51952619999997
13.0207009 77.50984240000003
13.020269 77.53454999999997
13.023922 77.51152100000002
13.030419 77.52470300000004
13.0279661 77.54091560000006
13.0226077 77.5139163
13.0257409 77.52258819999997
13.0285439 77.51971909999997
13.0162611 77.5202941
13.0279661 77.54091560000006
13.0279661 77.54091560000006
13.0167738 77.53405399999997
13.0185685 77.53042900000003
13.0178495 77.52026479999995
13.0205797 77.52955999999995
13.0279661 77.54091560000006
13.0279661 77.54091560000006
13.018059 77.53969699999993
13.0159421 77.52652979999993
13.018618 77.54635600000006
13.031308 77.50586999999996
13.0190483 77.53050810000002
13.017172 77.54503299999999
13.0305449 77.53719000000001
13.0184865 77.5303351
13.0165583 77.50313089999997
13.0210184 77.53516309999998
13.0279661 77.54091560000006
13.0180644 77.53023489999998
13.030191 77.50713500000006
13.0184525 77.52383180000004
13.0299187 77.54365210000003
13.015951 77.53400299999998
13.0178067 77.52662970000006
13.0254169 77.51959599999998
13.0193071 77.53057990000002
13.0178769 77.52667589999999
13.024941 77.51841999999999
13.0183908 77.53030760000001
13.0172582 77.52657640000007
13.020206 77.54190100000005
13.03063 77.50719800000002
13.016266 77.53388199999995
13.0188423 77.5232595
13.028321 77.5346518
13.0158948 77.52036769999995
13.02833 77.51980500000002
13.0190225 77.52027989999999
13.0123567 77.5080226
13.0132664 77.52972410000007
13.0139426 77.49020759999996
13.011765 77.52197799999999
13.012466 77.50922300000002
13.01262 77.52136300000006
13.0141693 77.4914837
13.011765 77.52197799999999
13.0146724 77.52054410000005
13.0139364 77.49707169999999
13.015183 77.50604399999997
13.0116442 77.52203299999996
13.011765 77.52197799999999
13.012103 77.52167899999995
13.0122087 77.52164909999999
13.0124096 77.5214909
13.011765 77.52197799999999
13.0144241 77.52050320000001
13.014795 77.520489
13.012103 77.52167899999995
13.0129646 77.52105099999994
13.0132089 77.52102689999992
13.011469 77.53556500000002
13.0150788 77.52041729999996
13.014464 77.53174200000001
13.012994 77.52109659999996
13.0153195 77.5203553
13.0085113 77.49959220000005
13.0083583 77.48427500000003
13.0085113 77.49959220000005
13.0085113 77.49959220000005
13.0085113 77.49959220000005
13.0086278 77.49915799999997
13.0085113 77.49959220000005
13.0085113 77.49959220000005
13.0085113 77.49959220000005
13.0086278 77.49915799999997
13.0085113 77.49959220000005
13.0085113 77.49959220000005
13.0091899 77.5250542
13.0091318 77.50576879999994
13.0079136 77.50549290000004
13.0085113 77.49959220000005
13.0093582 77.49180419999993
13.0085113 77.49959220000005
13.0092425 77.49721120000004
13.009381 77.50568599999997
13.009215 77.49736000000007
13.0151434 77.48673919999999
13.0085113 77.49959220000005
13.010246 77.50066600000002
13.007873 77.484647
13.010474 77.52500800000007
13.010246 77.50066600000002
13.0084419 77.48419579999995
13.0081926 77.48468860000003
13.008155 77.50019099999997
13.0085113 77.49959220000005
13.0080949 77.48639690000005
13.0085113 77.49959220000005
13.0085113 77.49959220000005
13.009557 77.49698699999999
13.009058 77.50575300000003
13.009118 77.49813199999994
13.0079643 77.48553620000007
13.0095656 77.48294250000004
13.0084598 77.50559240000007
13.0100648 77.50614659999997
13.0094023 77.50581940000006
13.010353 77.49456299999997
13.008556 77.525803
13.0085113 77.49959220000005
13.0091449 77.52647950000005
13.009765 77.525396
13.0102065 77.51975649999997
13.008323 77.499593
13.0079734 77.48598879999997
13.002268 77.55024100000003
13.0042447 77.55148699999995
13.002393 77.552865
13.0276914 77.55117089999999
13.0060964 77.55540710000002
13.004067 77.55141700000001
13.0326391 77.52360449999992
13.004146 77.553807
13.006246 77.497476
13.013555 77.54801499999996
13.0293156 77.55063410000002
13.0319578 77.52121999999997
13.0026992 77.53594599999997
13.0297341 77.55121880000002
13.0053094 77.54859199999999
13.0061643 77.50510489999999
13.0232118 77.55137349999995
13.0039272 77.55350939999994
13.0113611 77.54669439999998
13.0039532 77.54936850000001
13.033029 77.55500899999993
13.004 77.54954999999995
13.032175 77.55383099999995
13.020984 77.55387900000005
13.0241275 77.5526099
13.003962 77.553542
13.0136165 77.54397240000003
13.0243338 77.55405109999992
13.0067253 77.54842630000007
13.00401 77.55348449999997
13.0023069 77.53184629999998
13.0085023 77.54441299999996
13.00865 77.54150000000004
13.013888 77.53757940000003
13.0031804 77.54698529999996
13.009896 77.539986
13.002307 77.53184599999997
13.014852 77.54029700000001
13.003955 77.535931
13.0036355 77.52048339999999
12.9866201 77.56011699999999
12.991425 77.53811399999995
12.995609 77.58109300000001
12.989892 77.55879099999993
12.9904037 77.55837580000002
13.0019842 77.57107109999993
12.9921267 77.58323910000001
12.9961123 77.54026870000007
12.991683 77.57097799999997
12.9854225 77.52103119999992
13.003816 77.56695300000001
12.9981879 77.55805559999999
13.000208 77.57167299999992
13.0003762 77.57123350000006
12.9909909 77.51120130000004
12.986833 77.51483299999995
12.997571 77.54881799999998
12.9881326 77.50174279999999
12.9907898 77.53813300000002
12.98668 77.55989309999995
12.997749 77.54471749999993
12.9999902 77.51321170000006
12.987266 77.511795
13.0018858 77.56643600000007
12.995806 77.57619999999997
12.987837 77.57819500000005
12.998056 77.54079899999999
12.992487 77.533279
12.987387 77.5743635
12.9976674 77.56215689999999
12.9980189 77.53483059999996
12.985462 77.53725020000002
12.9870172 77.56624060000001
12.9975 77.57331699999997
12.991189 77.54931899999997
13.007738 77.57943899999998
12.9929949 77.57290940000007
12.9896167 77.51099339999996
12.9921396 77.57035810000002
12.9903406 77.50361559999999
12.9988533 77.56265839999992
12.98756 77.58256200000005
13.014279 77.583711
12.9994707 77.57173639999996
12.9863648 77.58200119999992
12.992162 77.54997300000002
12.98988 77.50245399999994
12.986648 77.55421000000001
12.998783 77.55030399999998
12.989845 77.55337899999995
12.993432 77.57175699999993
12.987319 77.56003699999997
12.9911613 77.50441290000003
13.003062 77.56429300000002
12.9983312 77.55490740000005
12.9967695 77.56187139999997
12.994776 77.57160899999997
12.9873282 77.50704689999998
12.997888 77.69801600000005
12.9894463 77.70514430000003
12.96782 77.65287899999998
12.922163 77.73616800000002
12.901264 77.59966399999996
12.8895565 77.64218329999994
12.901035 77.59992399999999
12.922848 77.64621599999998
12.9496679 77.69913539999993
12.921708 77.59361799999999
12.9569351 77.70338530000004
12.934033 77.63014999999996
12.9493482 77.69048659999999
12.906809 77.60389599999996
12.882862 77.56619799999999
12.959189 77.65497700000003
12.8962277 77.58172830000001
12.9225787 77.61941589999992
12.9126098 77.62588979999998
12.934889 77.62943810000002
12.952341 77.70026099999995
12.934576 77.611266
12.9232456 77.57506060000003
12.917653 77.57783199999994
12.811935 77.66714300000001
12.9165072 77.6035263
12.9230291 77.62393259999999
12.925717 77.56089999999995
12.8825711 77.58321790000002
12.880701 77.64645300000007
12.906579 77.58753000000002
12.908198 77.68089199999997
12.910491 77.5857168
12.899476 77.63744099999997
12.8847613 77.55882020000001
12.9162779 77.61232819999998
12.9061503 77.62918400000001
12.922472 77.59012699999994
12.8414524 77.58847820000005
12.9257013 77.57672819999993
12.9158932 77.59981489999996
12.92498 77.61860520000005
12.9179368 77.58401709999998
12.905144 77.611627
12.92445 77.67291699999998
12.927193 77.57815299999993
12.888765 77.63860490000002
12.922556 77.57347500000003
12.9168047 77.59037910000006
12.8977067 77.46221659999992
12.8414668 77.64816759999997
12.8926781 77.61196970000003
12.9250291 77.66542389999995
12.900804 77.60189600000001
12.9207 77.61328300000002
12.9161562 77.55782739999995
12.9137705 77.62926970000001
12.904412 77.54380900000001
12.9195106 77.64509569999996
12.916587 77.59616400000004
12.897991 77.65038000000004
12.878776 77.64660500000002
12.91426 77.59954599999992
12.8815401 77.62565889999996
12.87152 77.61888899999997
12.9233902 77.56480770000007
12.916412 77.60634400000004
12.9075765 77.62893989999998
12.920716 77.60049300000003
12.9235051 77.55507579999994
12.8616885 77.56170480000003
12.9193615 77.60016919999998
12.8161919 77.68510689999994
12.852314 77.66772500000002
12.8852524 77.64271039999994
12.917442 77.62271390000001
12.9142517 77.59975800000007
12.918111 77.62483399999996
12.92378 77.61709640000004
12.905658 77.60202600000002
12.915047 77.585824
12.9084701 77.60033899999996
12.8819444 77.62861109999994
12.883224 77.59579200000007
12.9257246 77.60891319999996
12.914752 77.61172299999998
12.917518 77.55479200000002
12.9237129 77.57610610000006
12.9248723 77.5640482
12.892887 77.58628499999998
12.9230397 77.5756192
12.9171 77.59228299999995
12.890461 77.56459199999995
12.923133 77.5557
12.9064923 77.54374029999997
12.926049 77.588121
12.926561 77.55049400000007
12.913842 77.60544500000003
12.8766268 77.59512139999993
12.8420568 77.66309649999994
12.8472876 77.67163400000004
12.8504317 77.65550029999997
12.854913 77.66602549999993
12.8485709 77.67234039999994
12.8551654 77.66859369999997
12.854624 77.66024700000003
12.8408728 77.65073410000002
12.8546515 77.67120079999995
12.8389127 77.67722370000001
12.8420568 77.66309649999994
12.8547653 77.67079309999997
12.8533066 77.66472769999996
12.842655 77.67948339999998
12.854491 77.667235
12.8525229 77.65503109999997
12.850566 77.67329799999993
12.848549 77.680251
12.839939 77.67700300000001
12.8552177 77.66731959999993
12.8554537 77.66447040000003
12.883286 77.58364600000004
12.8761215 77.59568409999997
12.8829532 77.60998610000001
12.881519 77.59573539999997
12.8855206 77.64179779999995
12.886415 77.58199400000001
12.8889375 77.58177920000003
12.8682347 77.65257150000002
12.8769066 77.61810979999996
12.870082 77.65876630000002
12.870596 77.59472600000004
12.884745 77.62497400000007
12.8760401 77.59615299999996
12.8658591 77.65930649999996
12.8763477 77.64826010000002
12.8809935 77.64538719999996
12.8892684 77.63990999999999
12.8666336 77.65544999999997
12.8603813 77.58985849999999
12.88393 77.75088559999995
12.8561381 77.58664279999994
12.8801665 77.64604580000002
12.86984 77.58624299999997
12.8694966 77.58184600000004
12.8898626 77.64807080000003
12.8790857 77.62475389999997
12.8603813 77.58985849999999
12.8603813 77.58985849999999
12.8871359 77.59450259999994
12.887412 77.75073700000007
12.8819531 77.58339219999993
12.8841338 77.62400339999999
12.883551 77.58290239999997
12.8724616 77.66374619999999
12.8800705 77.60350319999998
12.8898609 77.58170589999997
12.8896 77.60109999999997
12.882601 77.58341799999994
12.8809529 77.59594770000001
12.888579 77.616175
12.8677686 77.58176209999999
12.8850039 77.62496009999995
12.881538 77.58352300000001
12.8697182 77.58186339999997
12.8603813 77.58985849999999
12.8877194 77.5820579
12.878707 77.62461340000004
12.864754 77.58212700000001
12.881399 77.59598099999994
12.8665187 77.65543839999998
12.8708828 77.6550092
12.880498 77.60106300000007
12.875839 77.59582499999999
12.8887596 77.5979754
12.82923 77.668859
12.8574348 77.58893130000001
12.8761186 77.61712139999997
12.865704 77.58057699999995
12.887319 77.57807500000001
12.880289 77.60302200000001
12.870077 77.65788900000007
12.887129 77.60520500000007
12.884195 77.60967600000004
12.8857558 77.62539089999996
12.8710505 77.65407679999998
12.8728662 77.62202690000004
12.8876818 77.6404837
12.8854836 77.74534080000001
12.8706626 77.65750679999996
12.864876 77.65129400000001
12.8817138 77.58346400000005
12.881445 77.61278100000004
12.8758568 77.58407910000005
12.8721419 77.65500769999994
12.873505 77.76603
12.8751345 77.58416769999997
12.8653547 77.57983230000002
12.880987 77.62422960000004
12.8831429 77.6219873
12.819416 77.68924900000002
12.809267 77.69792000000007
12.794014 77.77902199999994
12.8022904 77.6769534
12.835294 77.78539999999998
12.798009 77.61181099999999
12.838489 77.62992400000007
12.7973608 77.70626459999994
12.8270161 77.67635999999993
12.798471 77.70603400000005
12.815687 77.69125600000007
12.858689 77.783006
12.827989 77.68660399999999
12.826136 77.78361900000004
12.801923 77.71168599999999
12.798471 77.70603400000005
12.834983 77.78524600000003
12.800118 77.68545799999993
12.780518 77.642515
12.7807908 77.75660629999993
12.780712 77.77095600000007
12.775217 77.76982599999997
12.786404 77.63836400000002
12.779085 77.64358300000004
12.779493 77.64443600000004
12.785306 77.63885400000004
12.783532 77.63991799999997
12.786038 77.77397900000005
12.77748 77.642158
12.7690419 77.64148829999999
12.781549 77.77104199999997
12.776794 77.76960699999995
12.779368 77.76960199999996
12.9531034 77.7004154
12.9637657 77.71204280000006
12.9356135 77.61556470000005
12.956603 77.73297000000002
12.941001 77.54520400000001
12.9433164 77.54129839999996
12.9313748 77.5453364
12.930942 77.542555
12.9412456 77.53972929999998
12.9314643 77.54406449999999
12.9428829 77.54550139999992
12.939449 77.54672349999998
12.934527 77.54352199999994
12.9429114 77.52619720000007
12.942185 77.54816499999993
12.9365451 77.54474540000001
12.93705 77.54881699999999
12.931221 77.544535
12.9408816 77.54374589999998
12.940376 77.54541300000005
12.9338028 77.5460243
12.9365451 77.54474540000001
12.928883 77.50911700000006
12.9339858 77.54649649999999
12.9314422 77.54404590000001
12.934706 77.54716259999998
12.93128 77.54051000000004
12.9310734 77.54389229999992
12.93345 77.54586700000004
12.9417147 77.54736350000007
12.9366548 77.5486052
12.9397254 77.53402679999999
12.934738 77.546739
12.9331166 77.53976039999998
12.92965 77.53848300000004
12.943574 77.53893199999993
12.9306658 77.54320519999999
12.9440465 77.54869689999998
12.944485 77.54832799999997
12.938629 77.54402900000002
12.9398787 77.54509729999995
12.9403025 77.53894500000001
12.9388709 77.54853760000003
12.9418484 77.54491830000006
12.9394692 77.54670869999995
12.9335273 77.54179249999993
12.9380106 77.53405269999996
12.930932 77.54366600000003
12.9429035 77.54487369999993
12.943072 77.54425100000003
12.930165 77.54089199999999
12.9423816 77.54472820000001
12.9320438 77.54454609999993
12.9439295 77.5273244
12.9441801 77.5276126
12.9434747 77.5412695
12.941052 77.524359
12.9334721 77.54608310000003
12.9425944 77.54749990000005
12.942497 77.52157
12.9407616 77.54670329999999
12.937788 77.53346699999997
12.9411318 77.53975000000003
12.943183 77.54381699999999
12.9435796 77.53918010000007
12.9330752 77.54386879999993
12.9429237 77.54836660000001
12.941912 77.52507500000002
12.943156 77.542011
12.9406335 77.54373750000002
12.944369 77.5487445
12.9433227 77.54123030000005
12.9263 77.51488700000004
12.9207235 77.54653299999995
12.925378 77.55034999999998
12.9263559 77.51535969999998
12.92642 77.5509667
12.9106413 77.5510352
12.925634 77.54402299999992
12.9105144 77.55094889999998
12.918883 77.54206699999997
12.9142151 77.54984489999993
12.911189 77.55156799999997
12.920467 77.55245000000002
12.9199732 77.54272590000005
12.92215 77.55031699999995
12.9216782 77.54325530000006
12.9209 77.52041699999995
12.9205898 77.55235040000002
12.9217734 77.54956349999998
12.916951 77.55359499999997
12.9121886 77.55274099999997
12.9248465 77.55344539999999
12.913926 77.55006800000001
12.9104563 77.5508949
12.915921 77.55431109999995
12.9131093 77.55322249999995
12.912765 77.54508199999998
12.918635 77.55431399999998
12.9157909 77.55035309999994
12.920115 77.51422980000007
12.92317 77.54922399999998
12.923533 77.55306700000006
12.924139 77.549353
12.9202608 77.552281
12.914767 77.52023299999996
12.911639 77.55305899999996
12.916413 77.52252899999996
12.9245395 77.55346420000001
12.917842 77.553542
12.9220358 77.54340619999994
12.9200253 77.54245249999997
12.9106585 77.55104349999999
12.9170968 77.54204000000004
12.9247413 77.55342859999996
12.9208751 77.54531529999997
12.9208 77.52058299999999
12.925803 77.54862909999997
12.911513 77.55356299999994
12.9262494 77.51563999999996
12.9255102 77.54420319999997
12.9207127 77.55229869999994
12.92504 77.55024000000003
12.9266095 77.550433
12.9171807 77.55490650000002
12.9228299 77.54949579999993
12.92461 77.54681299999993
12.9178419 77.55197040000007
12.9124484 77.5515474
12.9116984 77.55503980000003
12.913123 77.55064300000004
12.9207565 77.52055250000001
12.9113102 77.55159500000002
12.9252161 77.55067839999992
12.9246063 77.54940260000001
12.919301 77.54204299999992
12.9255164 77.55254549999995
12.913083 77.54071699999997
12.922467 77.54356699999994
12.911788 77.55262599999992
12.9339589 77.57929409999997
12.933828 77.62673300000006
12.9286936 77.59240380000006
12.92859 77.624052
12.935912 77.61511100000007
12.9341934 77.605996
12.9385572 77.60984499999995
12.943898 77.62090799999999
12.9367577 77.57547509999995
12.9316556 77.62269590000005
12.9361301 77.62155359999997
12.938267 77.585017
12.933433 77.584967
12.936913 77.62611800000002
12.947035 77.56892579999999
12.9371827 77.62660010000002
12.9406337 77.57151599999997
12.9316556 77.62269590000005
12.936617 77.62738300000001
12.930691 77.58095300000002
12.9353435 77.56087809999997
12.936093 77.61558200000002
12.9308243 77.58653249999998
12.934254 77.60944799999993
12.899783 77.57301699999994
12.9 77.48333300000002
12.9029835 77.5214178
12.8999916 77.48332140000002
12.910237 77.57812899999999
12.898433 77.57223299999998
12.884767 77.54129499999999
12.8859659 77.53921179999998
12.883351 77.56642
12.9123827 77.55856970000002
12.9066016 77.54494460000001
12.9105239 77.48454879999997
12.909264 77.577134
12.913946 77.573579
12.9113592 77.57838930000003
12.906517 77.57463299999995
12.906744 77.57333599999993
12.9077536 77.5473293
12.899783 77.57288300000005
12.9034573 77.56175200000007
12.8991869 77.57337589999997
12.907377 77.547191
12.905666 77.56283009999993
12.8917299 77.5725635
12.910167 77.52103299999999
12.888017 77.57091700000001
12.909244 77.53260999999998
12.9116204 77.55585910000002
12.898984 77.55764999999997
12.9139 77.55986699999994
12.9102029 77.57244579999997
12.909817 77.57288300000005
12.896496 77.548091
12.903576 77.56409899999994
12.9008002 77.56480770000007
12.9120857 77.57865949999996
12.883433 77.56636700000001
12.9028822 77.52107209999997
12.9065784 77.56973779999998
12.9017467 77.5698228
12.9080157 77.5612241
12.9084314 77.54817789999993
12.899133 77.57251700000006
12.9055231 77.57850020000001
12.9074971 77.5709005
12.910317 77.57285000000002
12.88555 77.570517
12.9088585 77.53497440000001
12.9092945 77.55845440000007
12.8852587 77.56701499999997
12.90559 77.54305999999997
12.909964 77.57130099999995
12.898527 77.57238099999995
12.902524 77.51959690000001
12.9093775 77.56468519999999
12.8990736 77.57474179999997
12.9018828 77.56247810000002
12.889108 77.57109200000002
12.8963887 77.54844170000001
12.908137 77.56921999999997
12.8951615 77.55468559999997
12.905157 77.54384099999993
12.9057895 77.56287840000005
12.9086709 77.53462430000002
12.8967008 77.54755320000004
12.9090876 77.56524739999998
12.906444 77.57317499999999
12.907302 77.52019999999993
12.8887767 77.57116410000003
12.899069 77.52200700000003
12.904874 77.543589
12.910633 77.55833299999995
12.90838 77.53816000000006
12.906683 77.56348300000002
12.910778 77.57828900000004
12.9027074 77.52156070000001
12.9117452 77.5567747
12.888333 77.56136700000002
12.9094138 77.54947270000002
12.9108177 77.55828210000004
12.88513 77.56705869999996
12.9029162 77.521165
12.90825 77.57277499999998
12.908276 77.56964399999993
12.902834 77.51986099999999
12.910905 77.57846900000004
12.9098909 77.5727382
12.90087 77.570157
12.90248 77.51951400000007
12.9032055 77.54539980000004
12.8963208 77.5508949
12.9025325 77.52029829999992
12.9025028 77.5455925
12.9025306 77.5196254
12.8967008 77.54755320000004
12.90275 77.52083300000004
12.902273 77.54456729999993
12.876093 77.54236700000001
12.874482 77.53558299999997
12.874589 77.54170099999999
12.882587 77.50891100000001
12.9312882 77.67079239999998
12.793013 77.5051502
12.793115 77.505135
12.79943799999999 77.51033000000007
12.797349 77.50598200000002
12.802478 77.50890099999992
12.8134746 77.5802162
12.756436 77.484916
12.8687316 77.55835950000005
12.905733 77.6019
12.8801358 77.5672571
12.906501 77.59026999999992
12.90139 77.602711
12.893786 77.62595499999998
12.9037797 77.58060509999996
12.8954406 77.63275190000002
12.875488 77.44403799999998
12.8933456 77.62580070000001
12.9038679 77.5858723
12.907182 77.69536399999993
12.8977067 77.46221659999992
12.9050499 77.61190450000004
12.896728 77.58628699999997
12.905309 77.610726
12.891862 77.59132799999998
12.898461 77.61687699999993
12.8956245 77.63551050000001
12.8905344 77.64096289999998
12.905466 77.64660800000001
12.8965616 77.63137929999994
12.8934137 77.62589550000007
12.907696 77.58793800000001
12.901967 77.60163299999999
12.904527 77.60122799999999
12.890602 77.59753109999997
12.879217 77.567317
12.891867 77.58176700000001
12.973027 77.67771700000003
12.977669 77.67959399999995
12.9833839 77.69209750000005
12.971505 77.6562434
12.9737506 77.67388189999997
12.974522 77.67899699999998
12.971932 77.69739549999997
12.9745315 77.67855080000004
12.980118 77.67979000000003
12.971917 77.680433
12.9752479 77.66630889999999
12.9719544 77.65453739999998
12.9724077 77.67901069999994
12.9749108 77.67023489999997
12.9771725 77.66611290000003
12.9772735 77.67934400000001
12.972826 77.67799600000001
12.9677951 77.66043850000005
12.9677333 77.67014130000007
12.983467 77.67642699999999
12.9746741 77.67874319999999
12.974571 77.67531400000007
12.968289 77.65604899999994
12.973254 77.67802499999993
12.97345 77.67833300000007
12.9744991 77.67147439999997
12.972611 77.67902290000006
12.9747835 77.67093840000007
12.9793448 77.67946529999995
12.9753135 77.66635129999997
12.9793611 77.67372219999993
12.9749329 77.67676770000003
12.973946 77.67835600000001
12.972565 77.67875200000003
12.972129 77.67995040000005
12.975543 77.66685000000007
12.9728567 77.67786279999996
12.9754004 77.66670640000007
12.974491 77.663186
12.976617 77.67920800000002
12.964533 77.68653799999993
12.9658409 77.70185040000001
12.9778165 77.63929389999998
12.978087 77.631529
12.9600704 77.64491069999997
12.965072 77.64129700000001
12.952334 77.700288
12.956372 77.64919899999995
12.9534662 77.64068069999996
12.956194 77.63780500000007
12.9726929 77.65333320000002
12.9753427 77.64699199999995
12.962687 77.641797
12.9744871 77.64110630000005
12.97035 77.64631899999995
12.9530612 77.69977560000007
12.9677379 77.64158599999996
12.971536 77.64731200000006
12.9758691 77.70807809999997
12.9569418 77.70370090000006
12.9563632 77.63883829999997
12.969264 77.64814899999999
12.96369 77.71128699999997
12.959517 77.64072499999997
12.97835 77.638823
12.96603 77.64227400000004
12.9718213 77.64093879999996
12.970037 77.639544
12.9571 77.70011699999998
12.9542731 77.70009049999999
12.956971 77.70368499999995
12.968083 77.65194999999994
12.979832 77.70911130000002
12.9732838 77.63522760000001
12.9677379 77.64158599999996
12.9698781 77.63873119999994
12.9648252 77.63890579999997
12.9606903 77.70116589999998
12.9635795 77.64212759999998
12.9775727 77.64033960000006
12.9612725 77.6353709
12.978161 77.6375471
12.9752413 77.64362770000002
12.9594679 77.65563450000002
12.955717 77.72096599999998
12.972013 77.64190600000006
12.976787 77.639002
12.9617378 77.63465659999997
12.9533269 77.64058739999996
12.9737083 77.63284750000003
12.9610749 77.63847329999999
12.9485877 77.68538030000002
12.969672 77.712534
12.962859 77.65950799999996
12.9561474 77.70509190000007
12.9723136 77.65071499999999
12.9614314 77.64550600000007
12.972563 77.6392588
12.955251 77.70026619999999
12.9600534 77.64491139999996
12.962941 77.64204100000006
12.970811 77.64098200000001
12.952493 77.6524293
12.9786822 77.6451323
12.976669 77.64034700000002
12.9611726 77.64631320000001
12.971717 77.65075000000002
12.9792181 77.63802720000001
12.970267 77.63367500000004
12.956033 77.693667
12.958207 77.63840099999993
12.9568065 77.7010411
12.9785917 77.62360460000002
12.974689 77.61918000000003
12.9536468 77.62139300000001
12.950055 77.62603899999999
12.973806 77.62827900000002
12.9784939 77.62989199999993
12.956354 77.64915900000005
12.955433 77.65345000000002
12.956357 77.65472999999997
12.9569594 77.65488870000001
12.9585182 77.65938699999992
12.9565891 77.6556534
12.9575909 77.65396050000004
12.9635969 77.6144385
12.945236 77.61817199999996
12.935849 77.62330500000007
12.936717 77.61289999999997
12.9341795 77.62852369999996
12.940948 77.62053300000002
12.937933 77.61897199999999
12.9362078 77.61647670000002
12.9346874 77.61254759999997
12.935405 77.61180850000005
12.9340639 77.62986120000005
12.9354479 77.62498310000001
12.9381279 77.61776209999994
12.94374 77.62080170000002
12.9341861 77.61101120000001
12.944771 77.61908599999992
12.9394608 77.69597769999996
12.93808 77.61864800000001
12.9444719 77.61808840000003
12.9364166 77.62627780000003
12.9362493 77.61753410000006
12.934553 77.61124799999993
12.934633 77.62958300000003
12.9654553 77.61879950000002
12.9592607 77.66131819999998
12.9598265 77.6479984
12.9369208 77.6182834
12.956083 77.69393300000002
12.953905 77.69774800000005
12.9351736 77.62442439999995
12.938834 77.69693800000005
12.9543466 77.61567600000001
12.956759 77.64176499999996
12.963657 77.61467319999997
13.000627 77.69986100000006
12.9957833 77.61593100000005
12.9840638 77.67842129999997
12.996294 77.69643900000005
13.003235 77.66230700000006
12.9800556 77.61281770000005
12.982802 77.611176
12.9814722 77.61921389999998
12.9968993 77.66928419999999
12.9975604 77.69401560000006
12.9896486 77.61138370000003
13.0019077 77.63215719999994
12.9905052 77.61373900000001
13.0109163 77.62458259999994
13.0026473 77.66122300000006
13.0077285 77.67365540000003
12.982144 77.63354500000003
12.9933073 77.66160969999999
13.00772 77.61291000000006
13.007817 77.66251699999998
12.9810192 77.61118469999997
12.9838461 77.67921690000003
12.9916261 77.66391469999996
12.992909 77.706637
12.9840781 77.67829010000003
12.980328 77.61356879999994
13.009374 77.65656000000001
13.006717 77.63983299999995
12.9951282 77.6145219
12.9894463 77.70514430000003
12.9929042 77.66130999999996
12.9939915 77.69868270000006
12.99049 77.655802
12.9944973 77.65621839999994
12.999232 77.61574399999995
13.008792 77.65679399999999
12.99042 77.68417
12.9790364 77.61550069999998
12.9892113 77.6751812
12.9894827 77.68703060000007
13.0103804 77.64291819999994
12.9960745 77.69645509999998
12.9910938 77.61621779999996
12.98233 77.63901899999996
12.979823 77.61349399999995
12.982733 77.61173299999996
13.009267 77.65003300000001
12.995809 77.61566500000004
12.9920687 77.65871489999995
12.998045 77.67104399999994
13.010633 77.642967
12.9966808 77.69651410000006
13.008385 77.69600809999997
12.9798798 77.6130445
13.0065596 77.63980149999998
13.0013242 77.67529719999993
12.9780696 77.63217320000001
13.0049 77.703933
13.002676 77.63485600000001
13.007516 77.69247999999993
12.9967207 77.63007459999994
13.00995 77.69716700000004
13.0080311 77.635538
12.99639 77.61813000000006
13.0103699 77.6509595
13.00115 77.61618999999996
13.007014 77.69714699999997
13.0050774 77.65640050000002
13.003847 77.63561700000002
12.980461 77.61163799999997
12.9971674 77.67049139999995
13.007 77.64016700000002
13.004933 77.63708299999996
13.006314 77.69767300000001
12.9971503 77.61425580000002
13.006502 77.64338499999997
12.984417 77.676783
13.008217 77.63563899999997
12.992097 77.68033500000001
12.994973 77.65495399999998
12.997217 77.65456700000004
12.996915 77.6717744
12.988833 77.66380000000004
12.9959 77.67251699999997
12.9980558 77.67245579999997
12.99119 77.65703099999996
13.002352 77.63367100000005
13.0004625 77.66567580000003
12.9976673 77.67170899999996
12.994145 77.66708900000003
12.991483 77.66388299999994
12.9946621 77.67943679999996
12.996757 77.67184799999995
12.9958918 77.67227460000004
12.995917 77.67222700000002
12.9960044 77.67291350000005
12.9962365 77.66772600000002
12.9929396 77.66163030000007
12.992967 77.67997289999994
12.9991916 77.67379340000002
13.002451 77.63430399999993
12.993036 77.66644599999995
12.9887682 77.68231379999997
12.991918 77.714382
13.014843 77.66236400000003
13.013354 77.66415600000005
13.014934 77.6555763
13.014369 77.65300400000001
13.004283 77.70800000000008
12.9884847 77.70848750000005
12.992325 77.71376499999997
13.0132132 77.64825450000001
13.013245 77.64976899999999
13.0114663 77.67710890000001
13.01152 77.67553900000007
13.01305 77.64246700000001
13.0136507 77.67843089999997
13.0119571 77.64713069999993
13.014248 77.63825700000007
13.0149 77.65608299999997
13.01165 77.67031700000007
13.0080311 77.635538
13.005603 77.69662100000005
13.012033 77.67849999999999
13.0001512 77.63356590000001
13.014928 77.63571400000001
12.9894099 77.68315699999994
13.011517 77.67348300000003
13.0095 77.64318300000002
13.0101661 77.69721959999993
13.009283 77.64953300000002
13.011656 77.62589700000001
13.0175685 77.65824320000002
13.015132 77.65567599999997
13.0174964 77.6580808
13.0166 77.66088300000001
13.015183 77.63593300000002
13.015167 77.66701699999999
13.01535 77.65001699999993
13.0166824 77.66032710000002
13.0175512 77.65759609999998
13.015533 77.63593300000002
13.015967 77.66179999999997
12.9874689 77.60492180000006
13.0021346 77.59899059999998
13.00162 77.59918199999993
12.9921356 77.60454070000003
13.0124175 77.60779339999999
13.0223141 77.59489459999998
13.0245096 77.5875476
13.0264529 77.58738400000004
13.024795 77.61935199999994
13.0206964 77.59152169999993
13.0231548 77.59429709999995
13.023402 77.60885299999995
13.014514 77.59438
13.020723 77.592444
13.01845 77.59236099999998
13.0261682 77.59409549999998
13.0205 77.61810000000003
13.0253131 77.58618609999996
13.0223141 77.59489459999998
13.0220743 77.5947827
13.019317 77.59944999999993
13.0244707 77.58956119999993
13.026708 77.592444
13.0143362 77.61996079999994
13.0265997 77.59268589999999
13.0223141 77.59489459999998
13.026896 77.58657599999992
13.021695 77.59253899999999
13.016778 77.593077
13.0200444 77.58403840000005
13.0223141 77.59489459999998
13.0220743 77.5947827
13.0122 77.61619999999994
13.024802 77.58841099999995
13.02513 77.58676000000003
13.0232639 77.58393109999997
13.0170992 77.59180330000004
13.0250513 77.58750540000005
13.0258804 77.58078030000001
13.0257 77.593117
13.026483 77.58776699999999
13.0260988 77.58838850000006
13.025255 77.59449399999994
13.0207226 77.59244369999999
13.0198734 77.62121400000001
13.0138 77.59651699999995
13.018667 77.59881700000005
13.0236177 77.61459000000002
13.019422 77.58681200000001
13.02459 77.59073549999994
13.0254338 77.62765650000006
13.011033 77.613067
13.012647 77.61423200000002
13.0245975 77.59079480000003
13.024622 77.59093430000007
13.0250682 77.58724860000007
13.0223141 77.59489459999998
13.022833 77.59249999999997
13.0264385 77.58934369999997
13.012102 77.61615099999995
13.024533 77.59003299999995
13.014635 77.61708899999996
13.024795 77.59356000000002
13.024533 77.61300000000006
13.0135321 77.6151413
13.024117 77.59313299999997
13.0198741 77.6187516
13.010581 77.60947199999998
13.023781 77.60290499999996
13.0266708 77.60642910000001
13.015858 77.61813699999993
13.011877 77.62382000000002
13.026356 77.60631799999999
13.023097 77.60813600000006
13.0250387 77.60341790000007
13.0211602 77.59264919999998
13.02314 77.61010599999997
13.019465 77.61809700000003
13.0192669 77.58856590000005
13.0262355 77.5892556
13.0268191 77.5850322
13.0243189 77.59162289999995
13.023259 77.60975699999995
13.02003 77.6120836
13.0220743 77.5947827
13.0265 77.59713299999999
13.0246629 77.59045689999994
13.017321 77.59303499999999
13.0223141 77.59489459999998
13.022433 77.60796700000003
13.0251662 77.58687780000002
13.025289 77.63716820000002
13.024678 77.63899300000003
13.034191 77.56922099999997
13.022633 77.55656699999997
13.022288 77.55902379999998
13.0324154 77.59919209999998
13.0218338 77.64358960000004
13.0284376 77.55891539999993
13.0256372 77.63661990000003
13.0278539 77.5792553
13.034092 77.6286768
13.0226449 77.55913639999994
13.032646 77.61991699999999
13.019596 77.55606599999999
13.0244882 77.6372642
13.025655 77.561012
13.0290207 77.55902089999995
13.032894 77.56981500000006
13.035917 77.57519100000002
13.02541 77.62920199999996
13.0290419 77.56088820000002
13.027233 77.620317
13.026825 77.55811300000005
13.0389309 77.64532400000007
13.036467 77.5747
13.0304 77.60803299999998
13.030683 77.577583
13.032598 77.61029310000004
13.0355937 77.60657319999996
13.036467 77.60971700000005
13.0363 77.59989999999993
13.033333 77.60468300000002
13.0323 77.60365000000002
13.0292689 77.60469069999999
13.032667 77.60473300000001
13.0324154 77.59919209999998
13.0326881 77.60847590000003
13.032781 77.62195900000006
13.028799 77.62051099999996
13.029192 77.604693
13.035961 77.60661600000003
13.0332 77.61573299999998
13.034934 77.60946000000001
13.0338864 77.60475169999995
13.030292 77.61528069999997
13.0334291 77.61960850000003
13.030533 77.604783
13.036196 77.602215
13.031624 77.61050999999998
13.029733 77.61101699999995
13.035847 77.60948099999996
13.029799 77.60470399999997
13.028843 77.60461090000001
13.034133 77.61471699999993
13.0299902 77.60237400000005
13.035133 77.60169999999994
13.032667 77.620183
13.031982 77.60601500000007
13.0326778 77.60734809999997
13.033123 77.59921400000007
13.028533 77.61105999999995
13.0330097 77.61317659999997
13.028422 77.61111699999992
13.032533 77.60204999999996
13.0297393 77.60795789999997
13.0287646 77.6209053
13.033133 77.61855000000003
13.027033 77.57966699999997
13.0241713 77.57483760000002
13.0275769 77.5584682
13.026883 77.55808300000001
13.0248308 77.55747470000006
13.0239765 77.55703470000003
13.030567 77.57768099999998
13.020583 77.55808300000001
13.029417 77.55928300000005
13.0288151 77.55671430000007
13.0225762 77.55914580000001
13.0260258 77.56059600000003
13.0236659 77.55696609999995
13.0295705 77.57072010000002
13.018983 77.55751699999996
13.030877 77.57717400000001
13.0202 77.55848300000002
13.0284977 77.55894220000005
13.027533 77.579433
13.0216985 77.5562506
13.0250986 77.56008959999997
13.0200995 77.55743949999999
13.028302 77.56145300000003
13.029447 77.55698770000004
13.0216 77.55751699999996
13.0243 77.55729999999994
13.028403 77.55919100000006
13.0271657 77.55873029999998
13.0270095 77.56095490000007
13.0249732 77.55730470000003
13.0201038 77.55561699999998
13.0225775 77.55842659999996
13.0236424 77.55954769999994
13.0293627 77.56095989999994
13.0273483 77.55815970000003
13.0249872 77.55789649999997
13.025114 77.5881703
13.022345 77.55565899999999
13.027844 77.58607699999993
13.027117 77.57963300000006
13.021847 77.55740300000002
13.0247743 77.55737620000002
13.024135 77.55702350000001
13.0227036 77.55646960000001
13.019756 77.55791699999997
13.0174473 77.54838270000005
13.0242408 77.55778650000002
13.0219543 77.55904280000004
13.024919 77.55946900000004
13.026775 77.58705680000003
13.023917 77.55718300000001
13.0271425 77.56091800000002
13.0254347 77.56029039999999
13.021913 77.55642799999998
13.0252374 77.56014959999993
13.0230424 77.56057129999999
13.0242248 77.55725610000002
13.0219846 77.55645989999994
13.0235611 77.55767289999994
13.0222982 77.5564511
13.022005 77.55926900000009
13.0235506 77.55951589999995
13.0259727 77.55783550000001
13.0262403 77.57727120000004
13.026667 77.56136600000002
13.0230243 77.55715980000002
13.0271163 77.55496119999998
13.0277673 77.55430000000001
13.031561 77.55931199999998
13.032687 77.5584662
13.031676 77.55917499999998
13.0319791 77.55754750000006
13.0323273 77.55392319999999
13.0312079 77.55984820000003
13.031992 77.55955799999992
13.0313839 77.55991919999997
13.0295557 77.55974220000007
13.0285114 77.55748679999999
13.033201 77.55486189999999
13.0328303 77.55775199999994
13.030017 77.55951700000003
13.0302758 77.56057940000005
13.0326549 77.55789679999998
13.0295773 77.56100919999994
13.0318955 77.55934389999993
13.030878 77.56096930000001
13.029981 77.55115209999997
13.0329936 77.55857279999998
13.0289864 77.56144470000004
13.0296344 77.55954099999997
13.0478334 77.57716389999996
13.0435312 77.57186380000007
13.042373 77.573623
13.0480214 77.57808139999997
13.0500871 77.64578819999997
13.0498389 77.64533410000001
13.0501603 77.64536440000006
13.0327323 77.6317348
13.032083 77.59834999999998
13.066728 77.57007199999998
13.070007 77.57268799999997
13.049408 77.60264800000004
13.057363 77.59804600000007
13.062453 77.59308299999998
13.0722989 77.59314270000004
13.057521 77.60675700000002
13.064467 77.57553000000007
13.063267 77.58686699999998
13.0491992 77.59547829999997
13.0717728 77.60754139999995
13.0507516 77.6014093
13.069783 77.56431700000007
13.0554237 77.60820860000001
13.057651 77.59676200000001
13.058845 77.581999
13.0621452 77.591408
13.057363 77.59804600000007
13.0635 77.590463
13.034167 77.56230000000005
13.0362819 77.56173779999995
13.057511 77.48079800000005
13.039565 77.50010799999995
13.0328244 77.52828829999999
13.047083 77.50786700000003
13.066617 77.50471700000003
13.065497 77.49457400000006
13.0666598 77.50576109999997
13.050717 77.50786700000003
13.0516849 77.50788839999996
13.0503333 77.5151267
12.9845388 77.57708149999996
12.9857058 77.5958286
13.0041447 77.61951820000002
13.0062368 77.65739819999999
12.9964564 77.6212577
13.0014563 77.63026639999998
13.0005468 77.61546169999997
13.006017 77.63889999999992
13.005583 77.63609999999994
12.997167 77.62813299999993
13.0029187 77.63500469999997
13.0015642 77.63038460000007
13.0040596 77.66039380000007
13.0019097 77.63220030000002
13.007935 77.64151700000002
13.0062107 77.62575079999999
13.006195 77.63917500000002
13.0027388 77.66300799999999
13.0077735 77.63071020000007
13.0040067 77.63623480000001
13.0069 77.64001699999994
13.006017 77.63889999999992
13.001817 77.63151700000003
13.0070927 77.65441550000003
13.000127 77.61876400000006
13.006627 77.65192000000002
13.0066248 77.65971990000003
13.0037421 77.62418049999997
13.0081536 77.62226369999996
13.0076601 77.62188170000002
13.0080336 77.63369139999998
13.0082605 77.65557620000004
12.99655 77.61833999999999
13.01485 77.63319999999999
13.014057 77.63921400000004
13.014067 77.64123300000006
13.010851 77.63503800000001
13.0146289 77.63408270000002
13.0097346 77.62586529999999
13.013067 77.635355
13.0097346 77.62586529999999
13.0115799 77.63500969999996
13.008685 77.635447
13.012057 77.6192145
13.011729 77.62921200000005
13.0128772 77.6333459
13.0143931 77.64113320000001
13.008551 77.62834299999997
13.010412 77.63538100000005
13.014303 77.62653999999998
13.0122162 77.62307929999997
13.009567 77.62391200000002
13.008789 77.63535000000002
13.0133491 77.63190910000003
13.011408 77.62487799999997
13.0102876 77.64208269999995
13.020321 77.63676499999997
13.0185935 77.63499790000003
13.0191882 77.63685069999997
13.0185935 77.63499790000003
13.025383 77.62971700000003
13.023517 77.63708299999996
13.018023 77.6300235
13.0230836 77.63024080000002
13.0226115 77.63771329999997
13.025719 77.61752309999997
13.020625 77.61951299999998
13.023588 77.63112899999999
13.020043 77.629681
13.017981 77.61836300000004
13.0255622 77.61911759999998
13.023217 77.63087700000005
13.0211798 77.61724140000001
13.0245012 77.6256998
13.0208795 77.63562709999997
13.0184383 77.61709640000004
13.0205492 77.63684680000006
13.022889 77.62053600000002
13.018897 77.61307799999997
13.017117 77.61255000000006
13.018737 77.61267099999998
13.01755 77.61056699999995
13.0162421 77.61221769999997
13.018706 77.55182730000001
13.0215248 77.54998909999995
13.014852 77.54029700000001
13.0077526 77.50545829999999
13.0082537 77.53149689999998
13.0098815 77.53242019999993
13.0007513 77.53162799999996
13.001065 77.53625
12.996617 77.5403
13.000067 77.551961
12.9974152 77.5448285
13.000148 77.54319940000005
12.999997 77.54870699999992
12.995555 77.53662959999997
12.9977116 77.5504181
12.9957289 77.54187909999996
12.9973681 77.54883970000003
12.99513 77.55249700000002
12.9952753 77.539402
12.996394 77.55140299999994
12.9974586 77.55023619999997
12.9953876 77.53914150000003
12.9999505 77.5043134
12.999504 77.55275670000003
13.0006565 77.53561709999997
12.9957289 77.54187909999996
13.0078467 77.5430384
13.0056834 77.54120910000006
13.0060856 77.54149210000003
13.0053113 77.54274399999997
13.0045564 77.53569689999995
13.006662 77.544984
13.0060624 77.53386360000002
13.0069068 77.53200949999996
13.0094111 77.53936380000005
12.9839158 77.54908619999992
13.0007302 77.55764299999998
13.003972 77.55623500000002
13.0003974 77.56055459999993
13.0030606 77.56191339999998
13.0019158 77.55327039999997
13.000305 77.56052879999993
13.0027357 77.55344930000001
13.00105 77.55782299999998
13.0020857 77.5531393
13.0043944 77.55236549999995
13.001867 77.56089999999995
13.0005 77.56057439999995
13.0030625 77.56191710000007
13.0029609 77.56117789999996
12.9912198 77.5579186
12.993473 77.57292000000007
12.9932681 77.53908230000002
12.9939072 77.54587059999994
12.997196 77.56950899999993
12.9991385 77.56968010000003
12.9938839 77.5556378
12.993466 77.56484999999998
12.9877738 77.55973700000004
12.9996383 77.57001949999994
12.9865836 77.56802760000005
12.995624 77.554845
13.0019665 77.57086470000002
12.9963588 77.57143129999997
12.9971433 77.55383099999995
12.998186 77.57012299999997
12.999183 77.56908299999998
12.9979666 77.5714266
12.9871543 77.55467350000004
12.9964665 77.57316739999999
13.0018711 77.57148559999996
12.9992381 77.56936840000003
12.9984958 77.57843219999995
12.9916053 77.57101890000001
12.9909964 77.55760250000003
12.9992314 77.56764199999998
12.9862107 77.55502189999993
12.9908 77.55749700000001
12.992377 77.568445
12.995783 77.56381699999997
12.9971852 77.57133420000002
12.993477 77.56474300000002
12.9961919 77.55418450000002
12.9883524 77.5577161
12.993748 77.56428099999994
12.998699 77.55506639999999
12.9983076 77.56767530000002
12.986117 77.54125699999997
13.0002 77.560383
12.9876877 77.55572419999999
12.987539 77.57793600000002
12.9898877 77.55875650000007
12.991377 77.55879299999992
12.9902377 77.55979249999996
13.000567 77.57828300000006
12.9992137 77.5782461
12.994102 77.56342100000006
12.994504 77.563538
13.00605 77.56522540000003
13.0081415 77.56480770000007
13.0075482 77.56522989999996
13.005567 77.55624999999998
13.005233 77.55770000000007
13.0081415 77.56480770000007
13.004583 77.55368299999998
13.005681 77.56442199999992
13.0081415 77.56480770000007
13.005186 77.55883100000005
13.005567 77.55624999999998
13.0074525 77.59396429999993
13.00732 77.56815099999994
13.006417 77.59696699999995
13.062067 77.58751699999993
13.0581443 77.58661310000002
13.041417 77.57273299999997
13.1888707 77.6332784
12.979078 77.58082300000001
12.964867 77.60553299999992
12.966576 77.59093699999994
12.959795 77.59386399999994
12.964743 77.597981
12.9625958 77.59488149999993
12.9647522 77.59676279999996
12.965583 77.60244999999998
12.965283 77.59571699999992
12.9648518 77.5976316
12.9649691 77.59308740000006
12.9606125 77.59801300000004
12.9664218 77.60377270000004
12.9607504 77.59492679999994
12.9601844 77.59343969999998
12.961922 77.594603
12.9607314 77.60070930000006
12.961903 77.59440799999993
12.9651091 77.60991939999997
12.961167 77.594067
12.964593 77.59711500000003
12.9672505 77.59939020000002
12.9595182 77.60149179999996
12.9671505 77.60791189999998
12.9644452 77.59086109999998
12.962248 77.59313099999997
12.965391 77.59760959999994
12.9651291 77.59244130000002
12.9622877 77.5934095
12.9597705 77.58948940000005
12.9665672 77.59418210000001
12.9613438 77.5945097
12.9672505 77.59939020000002
12.9647394 77.59240969999996
12.964977 77.59718699999996
12.9656566 77.59202949999997
12.9619624 77.59316059999992
12.9647 77.59271999999999
12.9657905 77.59037309999997
12.9665583 77.59171279999998
12.9633678 77.59237830000006
12.9661768 77.59826750000002
12.9621857 77.59551280000005
12.9595231 77.5916555
12.9661549 77.606266
12.9613937 77.59445170000004
12.9619552 77.58934950000003
12.9657046 77.59311960000002
12.9668573 77.59160580000002
12.9662454 77.59437589999993
12.959736 77.58954300000005
12.961083 77.58924999999999
12.966989 77.61132199999997
12.963188 77.59814200000005
12.9600643 77.59300499999995
12.9619267 77.5951172
12.9666982 77.59265499999992
12.967011 77.59926500000006
12.9645039 77.59424949999993
12.9646796 77.59274479999999
12.9639851 77.59623039999997
12.9661076 77.59438799999998
12.964586 77.589923
12.9601462 77.58903659999999
12.960521 77.59709829999997
12.9610301 77.59996799999999
12.9675836 77.57831340000007
12.973267 77.61271699999998
12.964531 77.57790699999998
12.959376 77.58710700000006
12.964601 77.57680200000004
12.9571721 77.59268850000001
12.9715987 77.59456269999998
12.9714428 77.59612489999995
12.971598 77.594562
12.95849 77.58263
12.971598 77.594562
12.969667 77.60666700000002
12.9715987 77.59456269999998
12.968702 77.57901420000007
12.9594774 77.58297449999998
12.9617995 77.58311430000003
12.971009 77.60012600000005
12.9715987 77.59456269999998
12.968702 77.57901420000007
12.9583051 77.59285520000003
12.959445 77.58286699999996
12.9583593 77.5859289
12.9583 77.58760600000005
12.967219 77.57702999999992
12.966017 77.579567
12.9586625 77.59346210000001
12.9715987 77.59456269999998
12.9614954 77.58405449999998
12.97315 77.60933299999999
12.9594652 77.58293249999997
12.9715987 77.59456269999998
12.9392403 77.58948239999995
12.930992 77.57636930000001
12.9376808 77.5709812
12.934142 77.55845499999998
12.940625 77.57076400000005
12.93661 77.575152
12.9332 77.55751699999996
12.9338947 77.57770310000001
12.9400392 77.57200280000006
12.9321532 77.57635989999994
12.9394033 77.55932910000001
12.9398731 77.55749409999999
12.940065 77.55150700000002
12.926467 77.57350599999995
12.938934 77.57548700000007
12.93907 77.57838300000003
12.9415347 77.56075269999997
12.938974 77.57846900000004
12.941862 77.55294099999992
12.9263402 77.56112729999995
12.9383088 77.55730670000003
12.939178 77.57830899999999
12.9391348 77.57830939999997
12.938806 77.56919600000003
12.9367 77.57559600000002
12.929939 77.56932099999995
12.928246 77.57770310000001
12.9330482 77.55704489999994
12.940038 77.57277499999998
12.9302475 77.55275610000001
12.9311073 77.56382259999998
12.928966 77.55757599999993
12.934978 77.55073100000004
12.926603 77.55646000000002
12.9381825 77.55665969999995
12.939838 77.5777842
12.9305419 77.57114060000004
12.9422304 77.57483760000002
12.9376 77.55743299999995
12.9293514 77.56640119999997
12.9382073 77.56029339999998
12.928778 77.55751099999998
12.9379583 77.55668420000006
12.9420706 77.55169160000003
12.9392474 77.57152589999998
12.933624 77.5578898
12.939526 77.56265839999992
12.9380811 77.55504229999997
12.9380468 77.55782509999995
12.9290316 77.55184580000002
12.9284486 77.55167170000004
12.926017 77.56180300000005
12.9279282 77.56218250000006
12.9415952 77.56186860000003
12.935972 77.561417
12.9381615 77.5557973
12.928381 77.55656699999997
12.927314 77.55439999999999
12.9422304 77.57483760000002
12.9290479 77.57654419999994
12.9330482 77.55704489999994
12.930991 77.57357000000002
12.938839 77.578576
12.9302406 77.55363050000005
12.9405904 77.57196699999997
12.9398249 77.56145609999999
12.9370782 77.56847100000005
12.9361843 77.57168750000005
12.9366568 77.56204490000005
12.9421369 77.56420879999996
12.941667 77.56376790000002
12.942382 77.56011309999997
12.9447049 77.55932000000007
12.9449313 77.55077970000002
12.942983 77.55861700000003
12.9445179 77.557546
12.9415102 77.56127709999998
12.944693 77.554122
12.9427319 77.55815570000004
12.944122 77.5548053
12.9431842 77.55905889999997
12.941833 77.55431699999997
12.944884 77.55491099999995
12.9449487 77.55497590000004
12.9418889 77.55253010000001
12.9446984 77.55508689999999
12.9421964 77.55114979999996
12.9414697 77.55510000000004
12.9429652 77.55767620000006
12.9444745 77.55862339999999
12.9415033 77.5596031
12.943985 77.55366600000002
12.9418889 77.55253010000001
12.94178 77.55543699999998
12.944715 77.55115039999998
12.9442297 77.55589269999996
12.9415654 77.55812400000002
12.941911 77.55479600000001
12.9484769 77.55170429999998
12.95299 77.54203499999994
12.952068 77.54569300000003
12.9504372 77.54413249999993
12.949325 77.56300399999998
12.9485973 77.56062700000007
12.9530638 77.5415792
12.9474888 77.55436880000002
12.9481796 77.55986899999994
12.948143 77.55956990000004
12.953667 77.54108300000007
12.9471993 77.55469970000001
12.950181 77.54481710000005
12.9534505 77.54111060000002
12.9499973 77.54772320000006
12.953633 77.54290000000003
12.9539319 77.54116390000002
12.9509626 77.54755499999999
12.9539673 77.5542954
12.951654 77.551874
12.9464717 77.54061609999997
12.9484387 77.56058209999992
12.9472736 77.54605600000002
12.954031 77.55317620000005
12.950764 77.54915900000003
12.9518382 77.55369859999996
12.9506021 77.54681430000005
12.9460609 77.54960979999998
12.953987 77.54357600000003
12.948112 77.54203899999993
12.9515862 77.55108569999993
12.9889809 77.59347030000004
12.9761888 77.57883489999995
12.98082 77.60237099999995
12.98425 77.59688299999993
12.9809065 77.60283090000007
12.9825509 77.56817039999999
12.9843434 77.5826035
12.9827003 77.56850839999993
12.9847 77.60685000000001
12.9795581 77.60352360000002
12.980267 77.60443299999997
12.98125 77.60631699999999
12.9840604 77.60377619999997
12.980917 77.60586699999999
12.9745703 77.57242240000005
12.9762482 77.60219959999995
12.9849 77.60865000000001
12.9835329 77.56220580000002
12.9808869 77.60571200000004
12.9813652 77.60319470000002
12.986044 77.594923
12.980146 77.57461799999999
12.984267 77.60566700000004
12.972974 77.60314799999992
12.974054 77.60353499999997
12.9836413 77.56277550000004
12.976038 77.603614
12.981282 77.60133799999994
12.988709 77.59372099999996
12.9891301 77.60557500000004
12.9798284 77.60265290000007
12.986085 77.59489600000006
12.98534 77.60244899999998
12.9761881 77.60226799999998
12.9806768 77.60289060000002
12.980775 77.60321599999997
12.9828327 77.60659129999999
12.9755204 77.60307569999998
12.98229 77.60609099999999
12.9879277 77.58019869999998
12.9825429 77.6071303
12.980517 77.60283119999997
12.973686 77.60799099999997
12.981909 77.60737500000005
12.9805582 77.60344980000002
12.980796 77.60417299999995
12.975253 77.60662200000002
12.9870568 77.60609449999993
12.9825429 77.6071303
12.9762498 77.60263310000005
12.982663 77.60670600000003
12.97677 77.57801399999994
12.9789554 77.57483760000002
12.984047 77.57581499999992
12.9751233 77.57728240000006
12.97557 77.60630590000005
12.9843434 77.5826035
12.973539 77.51686999999993
12.9772309 77.5324627
12.975495 77.53994799999998
12.9608014 77.51201700000001
12.983378 77.52817970000001
12.960638 77.51254900000004
12.9445833 77.52742979999994
12.9564543 77.54761170000006
12.9591517 77.52458490000004
12.936733 77.49263300000007
12.9578935 77.55351769999993
12.9566592 77.5193372
12.9590099 77.55369910000002
12.9563829 77.530262
12.9543653 77.54210639999997
12.958438 77.52644099999998
12.953332 77.49984199999994
12.9473304 77.49655680000001
12.95482 77.54475400000001
12.960983 77.50763200000006
12.9588897 77.55278199999998
12.9441754 77.56198100000006
12.9410577 77.49349170000005
12.955737 77.54632900000001
12.9513559 77.49228160000007
12.9591252 77.52238569999997
12.960467 77.52026699999999
12.9578935 77.55351769999993
12.954479 77.55708200000004
12.9543462 77.52906919999998
12.9575344 77.55246520000003
12.960366 77.53294200000005
12.958829 77.52432099999999
12.959833 77.533817
12.948683 77.53613300000006
12.955783 77.53449999999998
12.945455 77.52809060000004
12.948733 77.53661699999998
12.959983 77.54621700000007
12.9591686 77.52214570000001
12.960133 77.54814999999996
12.9564969 77.5305118
12.962767 77.53421700000001
12.9564335 77.5290185
12.9466176 77.53399630000001
12.9575905 77.53257810000002
12.948633 77.52678300000002
12.9519614 77.52711180000006
12.94895 77.526567
12.950333 77.52631700000006
12.925694 77.56098099999997
12.922367 77.55737899999997
12.925503 77.56094719999999
12.9222041 77.55924430000005
12.9213636 77.49347650000004
12.9227564 77.48442160000002
12.953684 77.53594299999997
