12.9589 77.58166699999992
12.96401 77.57833870000002
12.965033 77.57946700000002
12.9651547 77.57946549999997
12.9690579 77.56802889999994
12.954485 77.57679699999994
12.9620808 77.53754779999997
12.9615 77.52205000000004
12.9678669 77.53492510000001
12.9575101 77.60084669999992
12.9715987 77.59456269999998
12.967941 77.56247899999994
12.964925 77.58148000000006
12.9640987 77.5824232
12.9712436 77.55847159999996
12.975743 77.55857800000001
12.992603 77.62354099999993
12.992603 77.62354099999993
12.9859822 77.48713550000002
12.9592607 77.66131819999998
12.978499 77.62972200000002
12.969068 77.64921549999997
12.937383 77.49275
12.985533 77.5122
12.9911182 77.54964530000007
12.986817 77.60638300000005
12.937419 77.61921000000007
12.9907127 77.57469590000005
12.9322934 77.60735709999994
12.9426295 77.60064669999997
12.9709456 77.64951240000005
12.985651 77.60535900000002
12.9492719 77.60025799999994
12.968034 77.48776299999997
12.995482 77.62809500000003
12.9941914 77.53898630000003
12.9478247 77.54038200000002
12.992163 77.557277
12.9704767 77.65284810000003
12.992603 77.62354099999993
12.9543244 77.61647530000005
12.971893 77.65466700000002
12.9886819 77.52705779999997
12.929959 77.63325600000007
12.907464 77.63214599999992
12.8838606 77.56480770000007
12.910294 77.48301400000003
12.882333 77.58341700000005
12.913699 77.61548189999996
12.9162412 77.60753079999995
12.922106 77.59020199999998
12.916067 77.55408299999999
12.9233285 77.57256929999994
12.9244919 77.56394990000001
12.914544 77.663722
12.90979 77.58837599999993
12.8837705 77.62074630000006
12.923052 77.48465199999998
12.999466 77.673811
13.008792 77.65679399999999
13.0120057 77.71873900000003
13.014167 77.63688300000001
13.0149862 77.64480389999994
12.995433 77.672417
13.010851 77.63503800000001
13.0062878 77.64455440000006
13.024915 77.69146
13.014249 77.73209799999995
13.0391759 77.62210909999999
13.0358273 77.57283789999997
13.033567 77.59929999999997
13.032067 77.59401700000001
13.036583 77.56169999999997
13.0356552 77.56722500000001
13.0315 77.55978299999992
13.0220393 77.5935561
13.0482582 77.57461109999997
13.0454759 77.55171139999993
13.043281 77.57038399999999
13.021807 77.59585500000003
13.106465 77.60694899999999
13.022345 77.55565899999999
13.048971 77.57602700000007
13.0377061 77.56551539999998
13.0517923 77.51418690000003
13.0439388 77.57101220000004
13.033224 77.52663510000002
13.0392307 77.55731309999999
13.0246351 77.55740630000003
13.0139684 77.49030619999996
13.012103 77.52167899999995
13.019333 77.59943299999998
13.0086307 77.54367109999998
12.9300616 77.54715529999999
13.0019339 77.57199530000003
13.0066558 77.56457580000006
12.9511982 77.69976629999996
12.9565316 77.71526010000002
13.0048416 77.52150929999993
13.0012912 77.56065179999996
13.0017969 77.53211179999994
12.9974377 77.5276523
12.9715987 77.59456269999998
12.9715987 77.59456269999998
12.9740542 77.57894199999998
12.970853 77.60478599999999
12.98112 77.53219100000001
12.9589181 77.56563840000001
12.981658 77.5989247
12.9659503 77.59818670000004
12.9753023 77.60601989999998
12.9742939 77.60160589999998
12.9715987 77.59456269999998
12.980483 77.61346700000001
12.9626173 77.59195019999993
12.9737829 77.54424790000007
12.952106 77.545977
12.9715987 77.59456269999998
12.971606 77.59437600000001
12.9672229 77.60140819999992
12.982067 77.601583
12.9740559 77.6092731
12.9637615 77.58200119999992
12.9590026 77.58290260000001
12.9715987 77.59456269999998
12.9507361 77.58013440000002
12.968906 77.580556
12.973769 77.612571
12.969128 77.52668500000004
12.9671255 77.58707249999998
12.954729 77.58278700000005
12.970766 77.52666599999998
12.969023 77.60126300000002
12.971929 77.60681
12.9693765 77.58019480000007
12.9637615 77.58200110000007
12.980952 77.53260899999998
12.960217 77.58169659999999
12.971599 77.594563
12.970217 77.60518300000001
12.9715987 77.59456269999998
12.95863 77.56635000000006
12.955963 77.54892500000005
12.9730327 77.60863789999996
12.970941 77.53683999999998
12.965962 77.60583500000007
12.9727029 77.56253649999996
12.9599418 77.58748079999998
12.966395 77.52355
12.9672144 77.60614380000004
12.9803932 77.5566215
12.9763339 77.59895210000002
12.9593507 77.57600789999992
12.960256 77.56568100000004
12.9672568 77.5409833
12.967737 77.571823
12.9654423 77.58640949999995
12.981454 77.60124199999996
12.9689751 77.53565159999994
12.965998 77.60431199999994
12.970936 77.59420399999999
12.9742784 77.6074218
12.9732182 77.5779301
12.975072 77.60752300000001
12.9503287 77.57712100000003
12.9726003 77.57931689999998
12.9676 77.60783300000003
12.971606 77.59437600000001
12.9721178 77.5938463
12.9709315 77.60673129999998
12.9531332 77.57765549999999
12.967067 77.578933
12.97343 77.60384380000005
12.9716 77.61249999999995
12.960772 77.579879
12.958217 77.59394999999995
12.958628 77.52206899999999
12.9603683 77.59807009999997
12.9648385 77.57993859999999
12.982759 77.55996200000004
12.958714 77.57733299999995
12.9543695 77.59129600000006
12.9680456 77.57774189999998
12.9605136 77.58799859999999
12.95798 77.55287899999996
12.9710123 77.53616629999999
12.967837 77.60069699999997
12.967972 77.60041799999999
12.9588628 77.57725230000005
12.968375 77.52076399999999
12.9666247 77.5914037
12.9649262 77.59702900000002
12.9762472 77.60186899999997
12.9715987 77.59456269999998
12.9610255 77.58402460000002
12.9686958 77.57890220000002
12.9645261 77.54877940000006
12.9590828 77.59325850000005
12.964974 77.58026010000003
12.9585168 77.52674239999999
12.967296 77.523774
12.9818828 77.63532829999997
12.966018 77.65771029999996
13.0011287 77.58077279999998
12.9785634 77.64157720000003
12.940113 77.57003740000005
12.9444394 77.57203830000003
12.982415 77.63780299999996
12.9837382 77.53560249999998
12.996383 77.57201699999996
12.9845892 77.55379170000003
13.0027724 77.5500068
12.967583 77.64116809999996
12.982344 77.63920129999997
12.980523 77.61404100000004
12.9877826 77.6184786
12.9907144 77.58966039999996
13.003708 77.56552099999999
13.00165 77.59523300000001
12.9882103 77.57408469999996
12.980136 77.63707599999998
12.9874689 77.60492180000006
13.000153 77.56532500000003
12.9896429 77.59292310000001
12.978561 77.64106909999998
12.943793 77.57093299999997
12.997511 77.57239200000004
12.966167 77.63613299999997
12.9536468 77.62139300000001
12.9777889 77.62820149999993
12.977889 77.63556399999993
12.986633 77.59816699999999
13.0044584 77.56923400000005
12.9717394 77.51321170000006
12.9482638 77.56769499999996
12.9980124 77.64788520000002
12.9506012 77.63917659999993
12.9861 77.60918300000003
12.993733 77.504459
12.9702629 77.63191329999995
12.959211 77.65285999999992
12.986974 77.58023500000002
12.991456 77.58274069999993
12.9421426 77.57774789999996
12.952797 77.623783
12.985123 77.51249489999998
12.9910681 77.54966779999995
13.0040527 77.53040120000003
12.9665035 77.64999390000003
12.9725549 77.61592500000006
12.9396115 77.57327510000005
12.9409369 77.54256710000004
12.9983116 77.57050430000004
13.099367 77.58811700000001
13.0949341 77.59149619999994
13.0979593 77.58465530000001
13.1044811 77.57036169999992
13.0857263 77.55593420000002
13.111738 77.60380899999996
13.06886 77.59734700000001
13.058702 77.58342100000004
13.061152 77.55219999999997
13.059304 77.50837200000001
13.060341 77.50430400000005
13.081093 77.51245599999993
13.070104 77.60959179999998
13.0351808 77.58897660000002
13.038195 77.58955800000001
13.0431638 77.50030909999998
13.034045 77.574387
13.0464015 77.55083059999993
13.0423259 77.5494516
13.0332549 77.55845469999997
13.035987 77.57806099999993
13.0405491 77.57737650000001
13.0460117 77.64202360000002
13.0463698 77.54944690000002
13.043408 77.51228300000002
13.046094 77.52090099999998
13.0357427 77.51835879999999
13.0458815 77.5158298
13.041595 77.55372999999997
13.1381204 77.47846159999995
13.0142902 77.58353749999992
13.005686 77.56505300000003
13.018833 77.59211700000003
13.0151393 77.68081280000001
13.008385 77.69600809999997
13.0205784 77.55563510000002
13.005843 77.63600300000007
13.0082615 77.54880219999995
13.0072557 77.65903860000003
13.0244435 77.58525789999999
13.015293 77.67789399999992
13.0068544 77.55461860000003
13.01135 77.68076700000006
13.024335 77.65197
13.007553 77.56408299999998
13.0110285 77.68006679999996
13.0283543 77.69486719999998
13.0267622 77.58750039999995
13.022622 77.55915600000003
13.0212415 77.51672729999996
13.0024252 77.57837089999998
13.015847 77.67810299999996
13.031357 77.58990700000004
13.010519 77.67406299999993
13.002495 77.55303400000003
13.014418 77.58306199999993
13.0043016 77.55394569999999
13.0223141 77.59489459999998
13.0210792 77.65406819999998
13.0061488 77.56488330000002
13.027784 77.56141100000002
13.005781 77.551155
13.006233 77.64231700000005
13.0209447 77.64139590000002
13.0257072 77.63561729999992
13.0069349 77.50297160000002
13.0173 77.63276700000006
13.01645 77.63466700000004
13.08968 77.78312099999994
13.0179847 77.52949860000001
13.01618 77.60180400000002
13.0279661 77.54091560000006
13.0084268 77.53156119999994
13.00821 77.70254
13.0121931 77.55607510000004
13.024175 77.51070400000003
13.0122319 77.54203099999995
13.0252979 77.56017610000004
13.0262908 77.56065579999995
13.0076719 77.52160759999992
13.020044 77.55643099999998
13.024284 77.63699759999997
13.0123788 77.65774379999993
13.0224416 77.55904720000001
13.022461 77.55917599999998
13.020316 77.64817300000004
13.0261606 77.56052679999993
13.0039197 77.55185949999998
13.012161 77.52163100000007
13.0219814 77.55499910000003
13.0147944 77.64843780000001
13.0265777 77.58752920000006
13.0010825 77.62354129999994
12.996054 77.69381099999998
12.975059 77.71191599999997
12.996083 77.69421699999998
12.9602 77.74725000000001
12.9721872 77.75060489999998
12.985867 77.67130299999997
12.984033 77.64020000000005
12.9907307 77.66604699999993
13.000318 77.68088379999995
12.9818 77.63691700000004
12.979862 77.64173200000005
12.982017 77.63741700000003
12.9973985 77.67160739999997
12.9942294 77.66066909999995
12.9822251 77.63975719999996
12.969168 77.735592
12.9679235 77.74943099999996
12.969432 77.74294199999997
12.9866996 77.59586519999993
12.9897529 77.59311019999996
12.994522 77.57105920000004
12.987288 77.59907499999997
12.9965216 77.57319949999999
12.985546 77.60502100000008
12.9841199 77.57865790000005
12.996082 77.5883106
12.987916 77.56645000000003
12.9851504 77.55574769999998
12.9976243 77.55970809999997
12.9899966 77.54567029999998
12.9973305 77.55969630000004
12.9885474 77.53775150000001
12.9967961 77.55024579999997
12.9921794 77.55087930000002
12.984814 77.553043
13.0005137 77.53591310000002
12.9933158 77.54906940000001
12.993844 77.53156000000001
12.9833525 77.5324981
12.9159742 77.61918370000001
12.936892 77.57891799999993
12.9357886 77.58773180000003
12.927951 77.66928400000006
12.9341823 77.58295900000007
12.9305943 77.58613489999993
12.955895 77.72057199999995
12.9322811 77.58598570000004
12.9269301 77.61652819999995
12.927052 77.63322400000004
12.928141 77.58117900000002
12.9367692 77.57399889999999
12.953482 77.71408799999995
12.918969 77.60568799999999
12.9211656 77.58355180000001
12.9180457 77.58351010000001
12.9365451 77.54474540000001
12.9231785 77.56262909999998
12.9379949 77.58495360000006
12.9162183 77.59316960000001
12.9327587 77.58394299999998
12.9364519 77.58245720000002
12.9271231 77.57953759999998
12.9193 77.54216700000006
12.9358052 77.61589430000004
12.9239589 77.56744930000002
12.9212 77.61178100000006
12.926824 77.53866900000003
12.9167961 77.60569980000002
12.9364189 77.62041850000003
12.9237106 77.63423050000006
12.915149 77.56111899999996
12.9338005 77.61767889999999
12.9370545 77.62013019999995
12.9400989 77.62500669999997
12.941598 77.6209
12.9361431 77.61638779999998
12.9355402 77.62238339999999
12.914999 77.593298
12.9136667 77.58613549999995
12.910491 77.5857168
12.9247601 77.63376140000003
12.9199307 77.58608549999997
12.9305701 77.58626329999993
12.924276 77.585058
12.9298325 77.58419290000006
12.9358706 77.58420999999998
12.9104818 77.57313950000002
12.924372 77.58578179999995
12.9219911 77.58386870000004
12.9169291 77.59649820000004
12.9126808 77.58624580000003
12.9105316 77.58146399999998
12.916762 77.57285300000001
12.9169903 77.59696129999998
12.9293847 77.58433889999992
12.9197287 77.60499579999998
12.9293847 77.58433889999992
12.9153134 77.56115499999999
12.91592 77.61748999999998
12.9193706 77.61552080000001
12.9153982 77.6179548
12.9161117 77.61862480000002
12.936941 77.56901119999998
12.9285906 77.58331880000003
12.9394872 77.58072919999995
12.9277756 77.5939611
12.930083 77.58166699999992
12.914527 77.58542599999998
12.9241612 77.61882930000002
12.940045 77.57210800000007
12.9388373 77.57034299999998
12.9251822 77.63189169999998
12.916747 77.59561699999995
12.935567 77.56044999999995
12.8914587 77.63720969999997
12.8919588 77.58173579999993
12.8857225 77.58211529999994
12.899141 77.55845499999998
12.9080437 77.54763019999996
12.9314063 77.51541700000007
12.8918855 77.57179739999992
12.890424 77.56448599999999
12.8935987 77.60591980000004
12.943128 77.54152870000007
12.946898 77.57162399999993
12.897163 77.57327199999997
12.8921989 77.5814517
12.9384242 77.55334210000001
12.9445386 77.55398919999993
12.887319 77.57807500000001
12.922472 77.549711
12.9254435 77.67435699999999
12.9444033 77.55592479999996
12.8977499 77.60654199999999
12.934926 77.55457100000001
12.905496 77.59049600000003
12.9414965 77.56045470000004
12.9447585 77.57964249999998
12.948193 77.59718599999997
12.946149 77.571233
12.945661 77.54892889999996
12.942444 77.59418600000004
12.881816 77.631531
12.8828199 77.60205689999998
12.876969 77.60246499999994
12.881886 77.62511799999993
12.8834683 77.56687629999999
12.8864337 77.56615369999997
12.8612127 77.50461010000004
12.9104056 77.48429540000006
12.9102605 77.48347089999993
12.8509787 77.6686416
12.9133534 77.48104809999995
12.890036 77.571463
12.893826 77.58128499999998
12.899874 77.57277699999997
12.927479 77.521162
12.911969 77.5529606
12.8970532 77.62908809999999
12.889713 77.62037499999997
12.953679 77.61762499999998
12.9588206 77.50891100000001
12.9540954 77.6163914
12.9381677 77.54988170000001
12.939963 77.55330690000005
12.9364028 77.51809600000001
12.976793 77.63213300000007
12.9957536 77.52228279999997
12.9928222 77.53918240000007
12.987567 77.555879
12.870336 77.65526599999998
12.8683442 77.65278539999997
12.8029872 77.70331620000002
12.840711 77.65997900000002
12.9412557 77.59200529999998
12.9446132 77.57969690000004
12.958402 77.63644
12.9415154 77.56066250000003
12.9438246 77.557231
12.9731945 77.61456539999995
