12.981203 77.61008500000003
12.9709797 77.59628550000002
12.9819712 77.60906269999998
12.9646948 77.59634440000002
12.9664457 77.5815129
12.9805966 77.57478070000002
12.971767 77.58273299999996
12.9800727 77.55438119999997
12.969833 77.59724499999993
12.96736 77.579339
12.9668424 77.57815170000003
12.9736323 77.59915619999992
12.9819594 77.608701
12.9715987 77.59456269999998
12.9683162 77.57875409999997
12.971738 77.59613979999995
12.981917 77.60824400000001
12.9747605 77.60846859999992
12.966593 77.60824600000001
12.966982 77.57555400000001
12.975642 77.60473200000001
12.982384 77.60768589999998
12.9699595 77.57973649999997
12.964759 77.59665100000007
12.9580147 77.5580013
12.9716435 77.596359
12.967225 77.60637099999997
12.975117 77.60741699999994
12.96781 77.57889399999999
12.971779 77.607932
12.9695555 77.57967740000004
12.9762853 77.59914359999993
12.971829 77.5959957
12.982679 77.60927500000003
12.9703307 77.60652900000002
12.9816636 77.60804310000003
12.9694059 77.57631489999994
12.9757196 77.56077290000007
12.9700417 77.60999859999993
12.9676418 77.60005950000004
12.9651921 77.58729040000003
12.9669224 77.53041299999995
12.967583 77.58161700000005
12.968706 77.57925599999999
12.9687374 77.57973960000004
12.9828942 77.60836059999997
12.9715987 77.59456269999998
12.9828811 77.60846839999999
12.9709194 77.58012229999997
12.968239 77.57994499999995
12.970617 77.57998299999997
12.966317 77.57811700000002
12.9819701 77.60894589999998
12.9699224 77.57973709999999
12.9711665 77.57418389999998
12.971814 77.58130699999992
12.965456 77.53554299999996
12.9798932 77.60557419999998
12.9716292 77.57808550000004
12.9781 77.55343300000004
12.9646283 77.58667909999997
12.9722058 77.59660469999994
12.9604504 77.5936792
12.965505 77.58312000000001
12.967523 77.57863700000007
12.9715987 77.59456269999998
12.967367 77.57968299999993
12.967417 77.57974999999999
12.96617 77.58187900000007
12.967717 77.57933300000002
12.971483 77.575917
12.9653468 77.5774083
12.9669828 77.60901379999996
12.9799198 77.55358990000002
12.9686914 77.57893769999998
12.963761 77.58200099999999
12.9717213 77.59555999999998
12.9677148 77.57888290000005
12.970455 77.57879700000001
12.9699154 77.59738700000003
12.9706387 77.57623160000003
12.9700602 77.61045319999994
12.967081 77.57876899999997
12.967307 77.5802218
12.972567 77.60713299999998
12.9762735 77.59886340000003
12.9702631 77.57979169999999
12.9759183 77.57969449999996
12.9592124 77.59324900000001
12.9827069 77.60776970000006
12.9666139 77.58100409999997
12.963761 77.58200099999999
12.967846 77.57988799999998
12.968227 77.57886600000006
12.9805264 77.61188530000004
12.968428 77.57890799999996
12.9732 77.57757400000003
12.971483 77.575917
12.977873 77.53008399999999
12.969785 77.64083099999993
12.972487 77.61875499999996
12.975954 77.61529599999994
12.9704099 77.63231969999993
12.998825 77.55900799999995
12.9592802 77.63686469999993
12.9455888 77.57125559999997
12.9989943 77.571504
12.9415064 77.57132209999997
12.9386004 77.55390190000003
12.9427713 77.57119820000003
12.9404395 77.58390140000006
12.99929 77.56983400000001
12.9974597 77.5713356
12.9784694 77.62983489999999
12.975214 77.62249199999997
12.998023 77.57126599999992
13.0009838 77.57132530000001
12.9605897 77.64841539999998
13.0009838 77.57132530000001
12.978593 77.64031699999998
12.971191 77.64718399999992
12.9916361 77.57100630000002
13.0008402 77.54998239999998
12.9603097 77.64891669999997
12.987117 77.57989999999995
12.968872 77.64430500000003
12.987246 77.57694800000002
12.9384687 77.61978150000004
12.9972441 77.57148389999998
12.9832453 77.59573279999995
12.9955435 77.57156239999995
12.942246 77.57102899999995
12.9743004 77.61944889999995
12.9724429 77.64851190000002
12.9915782 77.57090330000005
13.00085 77.57140000000004
12.9396504 77.57116629999996
12.9729974 77.61560120000001
12.983314 77.53483000000006
12.9864118 77.54117129999997
12.9375582 77.58564810000007
13.0452413 77.52183869999999
13.0037668 77.54943920000005
13.0078186 77.54718109999999
13.0034444 77.70228199999997
13.0221617 77.63571390000004
13.0228889 77.59269560000007
13.0108772 77.55408209999996
13.0085027 77.69537689999993
13.003368 77.57127500000001
13.0221824 77.6357418
13.008383 77.56240300000002
13.0114663 77.67710890000001
13.004181 77.52933699999994
13.133999 77.47880140000007
13.048208 77.57652200000007
13.0302809 77.55828910000002
13.0420313 77.55468289999999
13.0435938 77.51314320000006
13.0303182 77.6047168
13.0953157 77.39482279999993
13.056545 77.504908
13.095133 77.57946300000003
13.0378404 77.56541800000002
13.0387084 77.59148649999997
13.0341457 77.55945020000001
13.097317 77.57813299999998
13.096293 77.59477300000003
13.1000533 77.59593949999999
13.0353618 77.56854610000005
13.037871 77.62327900000003
13.047583 77.51741700000002
13.0564955 77.5050493
13.0342107 77.55945220000001
13.048533 77.51485000000002
13.0435099 77.51313749999997
13.0514484 77.50877319999995
13.0467208 77.52261870000007
13.043183 77.51485000000002
13.035067 77.57531700000004
13.033733 77.60464999999999
13.035812 77.55478599999992
13.049933 77.50773300000003
13.068967 77.55791699999997
13.0568715 77.50389559999996
13.0403374 77.57739679999997
13.033628 77.55528000000004
13.1014443 77.59938579999994
13.103946 77.57691999999997
13.080967 77.501667
13.0437098 77.51306939999995
13.056433 77.50639999999999
13.067017 77.60106700000006
13.096983 77.57826699999998
13.037889 77.52228969999999
13.032683 77.60871700000007
13.061133 77.55898300000001
13.063781 77.58687869999994
13.057767 77.58891700000004
13.039808 77.51907219999998
13.047933 77.51774999999998
13.0516875 77.50769860000003
13.055233 77.53454999999997
13.055002 77.60943900000007
13.0728581 77.63379209999994
13.0515176 77.50833569999998
13.0452368 77.54905329999997
13.042467 77.57580000000007
13.0995214 77.59898309999994
13.0400888 77.59061040000006
13.0300817 77.5782448
13.0401505 77.59048919999998
13.045 77.51355000000001
13.137868 77.47889599999996
13.0431758 77.55215520000002
13.0360947 77.5574593
13.055333 77.53448300000002
13.0485748 77.57612310000002
13.05685 77.50353300000006
13.0470038 77.54774799999996
13.082383 77.559933
13.0479066 77.51452789999996
13.059417 77.57851699999992
13.0340654 77.56026599999996
13.0567304 77.5473498
13.0491379 77.51494460000004
13.065883 77.60088300000007
13.068487 77.45577500000002
13.033202 77.60137399999996
13.0499055 77.51509080000005
13.0505058 77.50799129999996
13.048167 77.5693
13.031717 77.56001700000002
13.033607 77.53882099999998
13.1035759 77.57637260000001
13.062753 77.55909099999997
13.0442239 77.51324479999994
13.0490955 77.5149523
13.044332 77.51343999999995
13.0633 77.58693300000004
13.0564178 77.50616609999997
13.0341176 77.55965170000002
13.030183 77.57783300000006
13.0710452 77.560475
13.081367 77.500767
13.0512998 77.50768859999994
13.0402354 77.5910543
13.056833 77.54711700000007
13.108768 77.57596899999999
13.0340246 77.55887280000002
13.0385644 77.59199509999996
13.031083 77.60826700000007
13.081358 77.55962599999998
13.0638715 77.53054840000004
13.121263 77.61519999999996
13.073576 77.56677200000001
13.100879 77.59522199999992
13.0986217 77.57751480000002
13.081883 77.54751699999997
13.0971472 77.57805469999994
13.121248 77.61764500000004
13.066903 77.63701100000003
13.073817 77.55708299999992
13.10018 77.59584500000005
13.073525 77.55244600000003
13.073935 77.557143
13.06689 77.50488399999995
13.1215175 77.62150150000002
13.072717 77.56700000000001
13.063018 77.58743700000002
13.02965 77.58931000000007
13.029883 77.60483299999999
13.0290733 77.60456390000002
13.029217 77.60468300000002
13.008513 77.69521350000002
13.0238127 77.63695299999995
12.9964194 77.69637469999998
12.987819 77.54080599999998
12.9921851 77.57055450000007
12.9965516 77.57314670000005
12.987451 77.538815
13.02492 77.63428199999998
13.0004948 77.57142320000003
13.0254745 77.63698160000001
12.9832187 77.60783519999995
12.9846725 77.67578309999999
12.9965919 77.69648189999998
12.9883979 77.56786680000005
12.9964076 77.61370390000002
12.991467 77.57518299999992
13.0157365 77.67861919999996
12.986526 77.57971909999992
12.9938131 77.57145020000007
12.997888 77.54108500000007
12.9890283 77.53317249999998
12.9871871 77.73632410000005
13.0249363 77.65965830000005
13.0240138 77.6914524
13.019962 77.67438000000004
13.025608 77.69711699999993
13.0208761 77.68186700000001
13.0734274 77.790032
13.071641 77.78695300000004
13.037101 77.709837
12.9970991 77.69662149999999
13.0248526 77.63760079999997
13.0158527 77.70371849999992
13.0043853 77.61209959999996
12.996691 77.69661500000007
12.986983 77.60708299999999
12.9870416 77.60617609999997
12.987317 77.60718299999996
12.987058 77.60732499999995
12.987256 77.60843
12.987833 77.607033
13.004267 77.706367
13.007788 77.69666400000006
12.992212 77.65939200000003
12.995083 77.616217
12.988239 77.60555499999998
13.011283 77.67571699999996
13.008499 77.63559599999996
13.0240876 77.65007839999998
12.9901 77.60694999999998
13.01001 77.62411999999995
12.987233 77.60711700000002
13.0255971 77.63334420000001
13.0172084 77.63621009999997
13.007567 77.69738299999995
13.028882 77.62156200000004
13.015883 77.63606700000003
12.9866279 77.6072107
13.0048874 77.61228940000001
12.990483 77.66380000000004
12.988833 77.66380000000004
13.0099622 77.70486470000003
13.008457 77.63561700000002
13.008517 77.69426700000008
12.9967331 77.69655699999998
12.989149 77.60688499999992
12.987941 77.60700399999996
12.9874689 77.60492180000006
13.008436 77.693038
13.027633 77.60419999999999
13.011677 77.67380100000003
13.006617 77.69896700000004
13.0150021 77.67794989999993
13.001819 77.63221599999997
12.9873562 77.60731250000003
13.010183 77.609783
12.991167 77.66378299999997
12.9895551 77.60715579999999
12.99309 77.60901999999999
13.0115 77.67730000000006
13.0141 77.64166699999998
13.010233 77.659267
13.00725 77.61263299999996
13.0127 77.63533299999995
12.987683 77.60705000000007
12.9949816 77.67261959999996
12.987173 77.60700299999996
13.011517 77.67973299999994
13.004867 77.70413299999996
13.027429 77.60409600000003
13.0129515 77.63539349999996
13.013383 77.63549999999998
12.987392 77.60577999999998
12.9962796 77.66778049999994
13.004433 77.70566699999995
13.0033153 77.69975520000003
13.002833 77.63506699999994
12.987999 77.60561899999993
13.026967 77.61343299999999
12.989981 77.60924380000006
13.01045 77.60964999999999
13.010767 77.635133
13.0077014 77.62923890000002
12.9868281 77.60703420000004
13.006917 77.69851700000004
13.027717 77.60435000000007
13.028412 77.60462200000006
12.9894251 77.61163920000001
13.0148757 77.65523840000003
12.992975 77.71640500000001
13.018302 77.67815500000006
13.018983 77.68488000000002
13.011534 77.67580699999996
13.014699 77.66531699999996
13.009217 77.69425000000001
13.0138577 77.6593911
13.0095 77.69521699999996
13.0118145 77.66996199999994
13.0077285 77.67365540000003
12.968074 77.74700499999994
12.9603763 77.74853410000003
12.9697239 77.63767499999994
12.9724083 77.64948189999996
12.9333222 77.58255750000001
12.916841 77.58171019999997
12.9252802 77.54971580000006
12.931443 77.58619199999998
12.9346107 77.62927160000004
12.9326261 77.58631969999999
12.9310553 77.58593700000006
12.934017 77.58374359999993
12.9353147 77.61079710000001
12.928903 77.59115599999996
12.9307821 77.58488090000003
12.925201 77.59084899999993
12.907222 77.58563300000003
12.934205 77.61659099999997
12.911157 77.57846399999994
12.925817 77.58386700000005
12.932406 77.58602500000006
12.9352522 77.61073680000004
12.921733 77.62009999999998
12.923233 77.55541700000003
12.92875 77.58563300000003
12.93065 77.58601699999997
12.925183 77.54986699999995
12.907905 77.57467700000007
12.935297 77.61067219999995
12.9270772 77.56477870000003
12.9316051 77.58347530000003
12.89255 77.57198300000005
12.9126476 77.63044089999994
12.92884 77.58267999999998
12.897393 77.58872889999998
12.9382184 77.55506479999997
12.8853164 77.5703598
12.912812 77.58557300000007
12.9301868 77.58280109999998
12.9417171 77.57117110000002
12.9299702 77.58504849999997
12.9122282 77.57871209999996
12.9288235 77.58620569999994
12.930591 77.58419400000002
12.940008 77.57111499999996
12.93499 77.612437
12.9305286 77.58594629999993
12.942117 77.57536099999993
12.934875 77.61272400000007
12.8823606 77.56588579999993
12.9422304 77.57483760000002
12.927544 77.58607499999994
12.915243 77.57911100000001
12.9328525 77.58233910000001
12.8772139 77.58404769999993
12.9308537 77.62289820000001
12.9369434 77.58386710000002
12.929338 77.58213799999999
12.8808981 77.59944229999996
12.9416618 77.57720949999998
12.9361173 77.62513790000003
12.9418587 77.57105150000007
12.9318836 77.58335710000006
12.9425878 77.60812220000003
12.9213065 77.5523101
12.9172644 77.58167630000003
12.9289096 77.58366130000002
12.9318239 77.58378019999998
12.9355876 77.58393660000002
12.931071 77.58360519999997
12.935275 77.62294399999996
12.924972 77.58626500000003
12.940017 77.609283
12.9210033 77.60199450000005
12.9339785 77.6117997
12.934205 77.62250700000004
12.9293924 77.58433880000007
12.9278797 77.57360919999996
12.9159896 77.58532109999999
12.93695 77.56893300000002
12.907623 77.63250599999992
12.9411746 77.53890279999996
12.9241147 77.57032279999999
12.91887 77.58963199999994
12.9347872 77.6235792
12.9381913 77.58024899999998
12.930833 77.57836700000007
12.8939 77.63681700000006
12.916483 77.60290299999997
12.906483 77.63728300000002
12.9338947 77.57770310000001
12.890192 77.59804600000007
12.9208137 77.6493676
12.9375582 77.58564810000007
12.9190124 77.66907549999996
12.9113508 77.57834649999995
12.9309504 77.58310499999993
12.930919 77.58552899999995
12.848231 77.64968499999998
12.947148 77.573579
12.8403527 77.65040109999995
12.94353 77.560877
12.9541879 77.69512809999992
12.9132242 77.52065889999994
12.9449641 77.57046579999997
12.944421 77.56626600000004
12.944966 77.570651
12.7784465 77.7715432
12.81242 77.69403199999999
12.77804 77.77191500000004
12.812191 77.66380060000006
12.8250246 77.67869889999997
12.828259 77.68339500000002
12.8549875 77.66976850000003
12.872385 77.66377
12.8547038 77.67104119999999
12.874689 77.63493100000005
12.87573 77.59551550000003
12.8603813 77.58985849999999
12.8563028 77.5888794
12.8758983 77.5841034
12.8784193 77.60248660000002
12.8572835 77.74629589999995
12.849945 77.66765399999997
12.849945 77.66765399999997
12.877058 77.5837037
12.8773296 77.58383049999998
12.8708478 77.65520029999993
12.8709312 77.65451439999993
12.8704713 77.65482010000005
12.859926 77.78741500000001
12.859006 77.61370399999998
12.8619877 77.5632448
12.861973 77.56339739999999
12.8703631 77.65617369999995
12.878184 77.60244769999997
12.8545214 77.67102039999997
12.861905 77.56262390000006
12.8700987 77.65870229999996
12.901057 77.60126300000002
12.9051735 77.62748169999998
12.889625 77.59392400000002
12.90456 77.627434
12.8905403 77.62587239999993
12.8808719 77.59870739999997
12.9044195 77.62733049999997
12.8815 77.59706699999992
12.8873874 77.62545580000005
12.9065968 77.5591839
12.902717 77.52075000000002
12.906717 77.62826700000005
12.90685 77.62876699999993
12.892817 77.61041699999998
12.8824175 77.58392430000004
12.9020276 77.54449180000006
12.9061568 77.59862049999992
12.8966293 77.54799309999999
12.884926 77.62511399999994
12.881919 77.56899399999998
12.9073974 77.54721799999993
12.894893 77.62930699999993
12.900018 77.62681220000002
12.9041326 77.58458150000001
12.90663 77.64868100000001
12.9058637 77.62778449999996
12.885135 77.58252500000003
12.8827999 77.56937700000003
12.9041973 77.62726709999993
12.902173 77.60130500000002
12.8808575 77.59985400000005
12.902804 77.63596899999993
12.885127 77.56785919999993
12.9031139 77.56149370000003
12.9061271 77.62782440000001
12.895511 77.58183600000007
12.888772 77.57097499999998
12.89258 77.6257769
12.8955279 77.58183120000001
12.9056205 77.54308429999992
12.8802967 77.60128899999995
12.890667 77.56453299999998
12.8950814 77.5815341
12.904399 77.63615000000004
12.9046744 77.63545260000001
12.8804757 77.60105899999996
12.9058438 77.54301129999999
12.8941883 77.63618989999998
12.8817226 77.56672060000005
12.899625 77.64957400000003
12.9031525 77.51647049999997
12.8964067 77.54807630000005
12.9042493 77.62730839999995
12.895106 77.62603000000001
12.903473 77.57611299999996
12.8842997 77.62496750000003
12.886534 77.56793440000001
12.9059575 77.56294679999996
12.8834045 77.58292890000007
12.8918 77.57273299999997
12.8954106 77.62591129999998
12.8941651 77.62580639999999
12.901013 77.587714
12.9043745 77.62753840000005
12.8955233 77.62607520000006
12.8802862 77.60138289999998
12.882515 77.60432400000002
12.917714 77.55283399999996
12.920548 77.58132899999998
12.911611 77.57856620000007
12.9165226 77.62320479999994
12.9085 77.54958299999998
12.9127498 77.59983929999999
12.909083 77.5729
12.9188719 77.5938519
12.919395 77.57794100000001
12.9192216 77.5797718
12.909833 77.55501700000002
12.90928 77.57795099999998
12.9208 77.61329999999998
12.9104461 77.59027379999998
12.909333 77.57346699999994
12.9184095 77.58959720000007
12.918862 77.58916399999998
12.9154017 77.56093650000003
12.912418 77.58768039999995
12.914033 77.57891700000005
12.9106725 77.62354129999994
12.91035 77.57841699999994
12.914967 77.57909999999993
12.9179095 77.57598370000005
12.9103199 77.57810840000002
12.911043 77.57909799999993
12.909283 77.57396700000004
12.913207 77.586858
12.918516 77.60521369999992
12.9102 77.57815000000005
12.9191695 77.59511999999995
12.911681 77.55291899999997
12.911276 77.48301900000001
12.9086229 77.56401660000006
12.916121 77.55059899999992
12.9093 77.573983
12.9203483 77.54288199999996
12.9197823 77.59250240000006
12.9179213 77.57775590000006
12.9189748 77.59134799999993
12.9188771 77.59366980000004
12.9187843 77.59044849999998
12.9198859 77.59277329999998
12.909261 77.483835
12.9146863 77.56455170000004
12.9192901 77.54205109999998
12.916284 77.48811799999999
12.915188 77.56112350000001
12.9178049 77.57388549999996
12.9145142 77.56456400000002
12.9148769 77.56390609999994
12.909817 77.55501700000002
12.9217955 77.51838339999995
12.9215911 77.64945829999999
12.9327564 77.5447709
12.924961 77.58584599999995
12.9328261 77.5839512
12.9217229 77.58367880000003
12.9307793 77.58225590000006
12.93091 77.53942000000006
12.9317897 77.56724580000002
12.9328722 77.58350139999993
12.924595 77.58068600000001
12.930667 77.58116700000005
12.9251239 77.61591850000002
12.9316985 77.57579680000003
12.9297662 77.58371379999994
12.9327608 77.58394290000001
12.92104 77.58228400000007
12.958841 77.63841079999997
12.9588174 77.6148207
12.955896 77.641885
12.9600765 77.64875890000008
12.971767 77.58063300000003
12.9685481 77.57938779999995
12.968605 77.57498899999996
12.9715987 77.59456269999998
12.968651 77.57922200000007
12.9651547 77.57946549999997
12.9707555 77.58056850000003
12.9667962 77.58120059999999
12.9710034 77.5803747
12.9675728 77.59992710000006
12.964602 77.59702199999992
12.9670835 77.5782782
12.9649262 77.5863991
12.9681079 77.57859639999992
12.9682489 77.57871290000003
12.9715987 77.59456269999998
12.9882449 77.55610580000007
13.003981 77.55036539999992
13.0010986 77.57117240000002
12.997699 77.54984990000003
12.9867061 77.55582379999998
13.0059744 77.57101119999993
13.0039638 77.5507404
12.9917804 77.57031219999999
13.0081415 77.56480770000007
12.997586 77.54725299999996
13.0011642 77.58090689999995
12.987367 77.563083
13.0018757 77.57212900000002
12.998583 77.57133299999998
12.996684 77.571234
13.0006579 77.57544869999992
12.997317 77.57143300000007
12.9992 77.56996700000002
12.997688 77.57139900000004
12.998398 77.57198799999992
12.978527 77.57951600000001
13.00643 77.56951000000004
12.978401 77.54233799999997
13.000669 77.57122279999999
12.996017 77.57656700000007
13.0038443 77.56937210000001
12.9997793 77.57143429999996
12.9983782 77.57158619999996
12.99485 77.56288300000006
12.984433 77.52886699999999
12.9876509 77.55235670000002
13.001183 77.55811700000004
12.996066 77.571552
12.988435 77.55571220000002
12.978933 77.5426
13.0002159 77.56945819999999
12.996947 77.57048199999997
13.001817 77.57406700000001
12.996885 77.57141339999998
12.9975934 77.55996979999998
12.997522 77.550162
13.0093265 77.56295350000005
12.9963588 77.57143129999997
12.987873 77.53738550000003
12.993217 77.56336699999997
13.002133 77.55216700000005
12.999433 77.57871699999998
12.995222 77.57130899999993
13.00775 77.54414999999995
12.999088 77.57150999999999
12.9868857 77.56511739999996
13.001217 77.57331699999997
12.9834507 77.56552420000003
12.996885 77.57141339999998
13.002767 77.57511699999998
12.9993 77.57310000000007
12.984982 77.55334399999992
12.9993073 77.57148889999996
12.9887705 77.55422959999999
13.0081415 77.56480770000007
12.9784709 77.5532594
12.9919127 77.52833439999995
13.0081415 77.56480770000007
12.9807454 77.55783650000001
12.991283 77.56708300000003
12.9875804 77.55352019999998
13.008983 77.538817
12.9943875 77.57686669999998
13.001913 77.56393800000001
12.9992159 77.56619030000002
13.0217896 77.55709120000006
13.0205869 77.55835219999994
13.020771 77.53702999999996
13.0279661 77.54091560000006
13.0260887 77.55780400000003
13.025568 77.55771949999996
13.023827 77.55704400000002
13.024283 77.55756700000006
13.021867 77.55341699999997
13.0184639 77.53038909999998
13.015975 77.53379100000006
13.022195 77.55517800000007
13.017305 77.53554400000007
13.0221205 77.55890899999997
13.0216255 77.55540070000006
13.013606 77.54680800000006
13.0278255 77.5586475
13.0249461 77.55751669999995
13.0141987 77.52069899999992
13.0196033 77.53455180000003
13.0222025 77.55654370000002
13.024675 77.55721629999994
13.0222764 77.55645389999995
13.0248932 77.55749919999994
13.0273959 77.55361970000001
13.0153453 77.52034890000004
13.017606 77.54057710000006
13.0224612 77.55665299999998
13.019762 77.52416100000005
13.0148952 77.52047770000001
13.0164256 77.52657399999998
13.02298 77.55410119999999
13.0220843 77.55898079999997
13.0155188 77.52040220000004
13.010715 77.56198500000005
13.026333 77.58013299999993
13.028983 77.57883300000003
13.005167 77.55803300000002
13.0081415 77.56480770000007
13.00853 77.54379999999992
13.0046085 77.56931850000001
13.005433 77.55684999999994
13.0252835 77.58117270000002
13.009 77.53875700000003
13.0063583 77.54755120000004
13.0059546 77.54124769999999
13.0066484 77.50360189999992
13.009383 77.52164979999998
13.0051235 77.5349774
13.010246 77.50066600000002
13.0081415 77.56480770000007
13.0228251 77.5592557
13.00408 77.55107999999996
13.0248115 77.56003290000001
13.0045124 77.56035169999996
13.0060157 77.52157540000007
13.005776 77.58071399999994
13.011765 77.52197799999999
13.0069068 77.53200949999996
13.009765 77.525396
13.0080755 77.55998820000002
13.0221163 77.55900559999998
13.0070035 77.50283179999997
13.0085113 77.49959220000005
13.010246 77.50066600000002
13.006476 77.53041299999995
13.006685 77.52515140000003
13.0112375 77.52211420000003
13.0060435 77.57088620000002
13.010543 77.53330900000003
13.0225351 77.55909240000005
13.0342966 77.52664370000002
13.00899 77.56329000000005
13.0108578 77.55478970000001
13.0053 77.56925999999999
13.03426 77.557729
13.009765 77.525396
13.0087698 77.50567219999994
13.0088188 77.52606270000001
13.030944 77.55549959999996
13.003498 77.52115860000004
13.0076957 77.4895937
13.0153607 77.48619269999995
13.003368 77.57127500000001
13.00697 77.56917999999996
13.0207561 77.59237089999999
13.0246975 77.58891119999998
13.024133 77.59448299999997
13.026468 77.58836700000006
13.023206 77.60296900000003
13.0210491 77.59238700000003
13.02465 77.58853999999997
13.024606 77.58996530000002
13.017666 77.59213299999999
13.0246887 77.58895410000002
13.0175408 77.5919586
13.0246782 77.58877689999997
13.0264428 77.58756819999996
13.0247465 77.58866650000004
12.9903652 77.66365569999994
12.983062 77.61093000000005
12.974759 77.61456499999997
12.9829013 77.61062889999994
12.9843835 77.60827999999992
12.9825949 77.60782240000003
12.9819998 77.60894680000001
12.9828293 77.60839529999998
12.97525 77.62433299999998
12.9805 77.611583
12.9744508 77.60754279999992
12.978147 77.64064099999996
12.974967 77.62413300000003
12.9742817 77.60992999999996
12.97525 77.62433299999998
12.9783608 77.63540409999996
12.97305 77.60723299999995
12.9825429 77.6071303
12.981966 77.60547999999994
12.9844044 77.60819730000003
12.9755001 77.62585609999996
12.974833 77.60531700000001
12.9754435 77.62251530000003
12.975133 77.62506699999994
12.984286 77.60675879999997
12.975215 77.625809
12.973467 77.67828299999996
12.978209 77.64011719999996
12.984528 77.60001899999997
12.9828768 77.60876830000007
12.9857187 77.60686770000007
13.002864 77.60354899999993
12.9762142 77.62429989999998
12.9740334 77.62606110000002
12.983231 77.60800100000006
12.983967 77.60813299999995
12.9819701 77.60894589999998
12.983566 77.60733600000003
12.9861697 77.60362439999994
12.982833 77.6114
12.982967 77.60810000000004
12.975917 77.62525000000005
12.9743402 77.60851049999997
12.9749457 77.62109889999999
12.975633 77.62551699999995
12.975517 77.62311699999998
12.9851099 77.67388129999995
12.974783 77.60541699999999
12.9570308 77.7060199
12.959624 77.74794999999995
12.9580946 77.66150379999999
12.9598899 77.74804240000003
12.9603035 77.6484054
12.9604105 77.74851390000003
12.9609033 77.7011986
12.8950648 77.62586839999994
12.8941961 77.62559510000006
12.8981202 77.6216402
12.8947131 77.62576279999996
12.8867092 77.61865190000003
