12.9591006 77.58305689999997
12.9747587 77.60787010000001
12.979429 77.57710850000001
12.969483 77.5743
12.9715987 77.59456269999998
12.972033 77.60739999999998
12.9816776 77.60798049999994
12.9594363 77.53060000000005
12.969588 77.60645599999998
12.9523365 77.5232843
12.9566442 77.59905860000003
12.9587 77.52158299999996
12.973214 77.60793009999998
12.960833 77.53713300000004
12.956633 77.53338299999996
12.9706783 77.60061399999995
12.9623863 77.59312699999998
12.956817 77.56958299999997
12.9818 77.60781700000007
12.964507 77.531204
12.963251 77.57752299999993
12.9576 77.57753000000002
12.9715987 77.59456269999998
12.9537909 77.55059929999993
12.9807255 77.5579669
12.9597362 77.57603199999994
12.9626676 77.52347609999993
12.9800317 77.52542319999998
12.9507582 77.5516586
12.9687043 77.56955479999999
12.9526133 77.56230310000001
12.961772 77.56326200000001
12.973303 77.54148899999996
12.958996 77.53889099999992
12.9632747 77.5330586
12.9790354 77.53915559999996
12.9658845 77.59136000000001
12.9775195 77.53627819999997
12.9715987 77.59456269999998
12.9794585 77.53751009999996
12.9708711 77.56131740000001
12.9598796 77.59795899999995
12.957372 77.59863999999993
12.9545881 77.5552811
12.957533 77.55921699999999
12.9765857 77.52632360000007
12.960321 77.56651699999998
12.977509 77.53347600000006
12.9827069 77.55429430000004
12.9757 77.53532610000002
12.9672637 77.59272229999999
12.978763 77.56099399999994
12.968533 77.52541700000006
12.964628 77.53208629999995
12.965283 77.53781700000002
12.977029 77.57730500000002
12.951911 77.60553600000003
12.959352 77.52491699999996
12.9505814 77.55077970000002
12.9738978 77.52713119999999
12.9611663 77.5473293
12.9697825 77.52182379999999
12.967279 77.53933700000005
12.960837 77.52123299999994
12.961829 77.52088600000002
12.9754494 77.52653510000005
12.9637745 77.61179600000003
12.9591442 77.5457222
12.963426 77.5285169
12.9806703 77.55786809999995
12.9586554 77.54428000000007
12.978123 77.53801599999997
12.958763 77.52350799999999
12.9652508 77.53192230000002
12.9540006 77.56459599999994
12.9794049 77.52533990000006
12.9595774 77.59679359999996
12.960991 77.52981399999999
12.972645 77.57379900000001
12.9717102 77.57940489999999
12.9649451 77.55380860000002
12.9740286 77.55979930000001
12.969088 77.58362199999999
12.9578167 77.54142890000003
12.9687209 77.53045780000002
12.9711408 77.57362620000004
12.971559 77.60618499999998
12.9524878 77.58161629999995
12.9800362 77.57677230000002
12.95812 77.54630799999995
12.964694 77.53282719999993
12.9594807 77.59572400000002
12.9561898 77.51840800000002
12.9731059 77.55518589999997
12.9683687 77.53330840000001
12.9699472 77.54445699999997
12.980161 77.53684299999998
12.9684854 77.52534990000004
12.9651704 77.59360979999997
12.9690467 77.62639059999992
12.968338 77.63618599999995
12.9351095 77.612796
12.9892406 77.59914409999999
12.990683 77.58761700000002
12.942866 77.60257200000001
12.9532472 77.65290010000001
12.9407064 77.62321199999997
12.9812459 77.63714589999995
12.9995088 77.60024850000002
12.935571 77.614327
12.9859822 77.48713550000002
12.9354667 77.6225028
12.959938 77.64614200000005
12.9814722 77.61921389999998
12.934488 77.61337200000003
12.946717 77.570017
12.9962836 77.61787260000006
12.9943757 77.61034010000003
12.974102 77.62779699999999
12.939819 77.58343390000005
12.9943471 77.58054809999999
12.9350941 77.63313599999992
12.9353549 77.6316392
12.9743944 77.63897759999998
12.944588 77.5572962
12.9957687 77.57705390000001
12.9467495 77.56907520000004
12.9373606 77.55646019999995
12.9412456 77.53972929999998
12.9419629 77.55262289999996
12.9358372 77.55698559999996
12.992343 77.576006
12.936945 77.56232899999998
12.9419121 77.55357930000002
12.9926263 77.58038999999997
12.9589364 77.61533439999994
12.939746 77.55501849999996
12.949758 77.57670209999992
12.941282 77.57110899999998
12.9425048 77.6088863
12.9814722 77.61921389999998
12.9904942 77.57386710000003
12.9727602 77.66159949999997
12.936714 77.61867719999998
12.945957 77.56707800000004
12.949103 77.54217799999992
12.948193 77.59718699999996
12.946571 77.59827599999994
12.9410674 77.5410948
12.9981992 77.50187019999998
12.99101 77.53560900000002
12.9877738 77.55973700000004
12.943985 77.55366600000002
12.9365986 77.56200899999999
12.9969306 77.53425649999997
12.9422762 77.55836160000001
12.9999678 77.61591769999995
12.9357742 77.61952059999999
12.988485 77.53594799999996
12.9455147 77.5794019
12.9456486 77.54408549999994
12.9896647 77.54357319999997
12.9583315 77.61860290000004
12.9956393 77.53209939999999
12.9164727 77.60604369999999
12.953497 77.70746800000006
13.020596 77.65676699999995
12.9334897 77.6074185
12.925256 77.66513599999996
12.921805 77.67195140000001
12.9112725 77.59503240000004
12.9720339 77.68094539999993
13.0068716 77.57924270000001
12.9601469 77.70257019999997
13.019736 77.5944078
12.9236463 77.65151029999993
12.8488326 77.6576215
12.964533 77.68653799999993
12.9305194 77.63315899999998
12.925181 77.58891500000004
12.9268491 77.6697911
12.9063226 77.64451919999999
12.9136857 77.60795259999998
12.953277 77.71514000000002
12.9557134 77.71999690000007
12.9564946 77.69652309999992
12.94371 77.78127189999998
13.0199032 77.67272830000002
12.9179532 77.59332429999995
12.967427 77.71674499999995
12.9844728 77.67491210000003
13.008792 77.65679399999999
12.910364 77.632563
13.031965 77.569976
12.9141664 77.59986570000001
13.029423 77.574837
12.9563893 77.70514550000007
12.910772 77.62256200000002
12.9321073 77.62280229999999
13.033973 77.55765099999996
12.910491 77.5857168
12.918383 77.67073299999993
13.011792 77.67908999999997
13.0491992 77.59547829999997
13.0057387 77.59333709999999
13.024931 77.63752699999998
12.9211758 77.5621784
13.0385978 77.5756887
13.016443 77.59286299999997
12.910294 77.48301400000003
12.8974389 77.59478330000002
12.8603813 77.58985849999999
13.046183 77.57698670000002
12.8895333 77.60960790000001
12.9117939 77.55285759999992
12.910491 77.5857168
12.8402102 77.64996020000001
13.0024693 77.60098259999995
13.026259 77.59467599999994
13.0073301 77.6409903
12.9850879 77.67388000000005
13.004533 77.55359999999996
12.915863 77.48164799999995
12.99085 77.71754980000003
12.9201112 77.64903600000002
12.8518979 77.66998979999994
13.032896 77.55864650000001
13.001714 77.63160500000004
13.0346887 77.56794500000001
12.9196794 77.61356639999997
12.9203864 77.55558719999999
12.9273536 77.57955400000003
12.924933 77.61511700000005
12.8994654 77.60206040000003
12.920033 77.61291699999992
12.9301688 77.63299410000002
12.9176216 77.6071349
12.9229727 77.67569930000002
12.87949 77.60641869999995
12.9132373 77.56263460000002
12.9129642 77.56733359999998
12.9235639 77.6092913
12.90945 77.55141700000001
12.9330091 77.55476969999995
12.918233 77.55203299999994
12.9118178 77.54724379999993
12.925933 77.54441700000007
12.93182 77.54050000000007
12.9187386 77.58844180000006
12.91717 77.59678800000006
12.9037901 77.56551569999999
12.8910351 77.60895640000001
12.9206307 77.61584189999996
12.9229649 77.54855139999995
12.890193 77.59022099999993
12.930964 77.60492199999999
12.882658 77.59601700000007
12.92666 77.63352299999997
12.8993494 77.60366610000005
12.9195415 77.56926269999997
12.909338 77.64014399999996
12.9317431 77.5526585
12.891519 77.57574999999997
12.920461 77.59203000000002
12.9098958 77.56441259999997
12.917492 77.61688600000002
12.9334274 77.63029159999996
12.9083811 77.54799209999999
12.9203267 77.6156317
12.931476 77.58873100000005
12.934527 77.54352199999994
12.9034976 77.6025204
12.922745 77.59545300000002
12.922078 77.59051499999998
12.908828 77.61035200000003
12.9259128 77.57369749999998
12.880974 77.65218099999993
12.885012 77.60250700000006
12.9243586 77.60985529999994
12.9223396 77.55594489999999
12.9216849 77.61897580000004
12.9227051 77.58711760000006
12.9223813 77.59682479999992
12.881814 77.60251229999994
12.929545 77.63422170000001
12.9127167 77.5622578
12.8790926 77.60253349999994
12.870351 77.6560637
12.843064 77.656476
12.855581 77.58616299999994
12.8421568 77.64586600000007
12.8798626 77.60503340000002
12.870505 77.657645
12.8616387 77.56115380000006
12.8724363 77.58311830000002
12.854899 77.66792899999996
12.8881642 77.62130060000004
12.8871047 77.64061379999998
12.8998475 77.61832240000001
12.8995782 77.57585500000005
12.887321 77.59185530000002
12.8927448 77.5821416
12.8882815 77.58208739999998
12.8944354 77.58182820000002
12.8858085 77.55560029999992
12.8956269 77.63296719999994
12.8987095 77.55759979999993
12.874106 77.54260699999998
12.885557 77.60624899999993
12.898761 77.56368799999996
12.890122 77.593973
12.9102105 77.56275529999994
12.9064336 77.56928619999996
12.909543 77.63511100000005
12.9017158 77.56071689999999
12.905647 77.60204369999997
12.900771 77.59958299999994
12.9068598 77.61080140000001
12.9073484 77.59056420000002
12.9035862 77.56428660000006
12.903272 77.57549199999994
12.9044055 77.58485339999993
12.9093981 77.55450670000005
12.9083461 77.58662800000002
12.9092099 77.60316519999992
12.902075 77.58417409999993
12.9069212 77.55383830000005
12.9388183 77.546244
12.930539 77.54704859999993
12.9340338 77.54605319999996
13.019579 77.58687599999996
13.014152 77.63936999999999
13.009667 77.64903300000003
12.9441334 77.55647429999999
12.944741 77.55151899999998
12.9483773 77.5491697
12.9430956 77.56591300000002
12.9448536 77.56160299999999
12.939446 77.55821300000002
12.9399878 77.54506719999995
12.9414344 77.56042079999997
12.9422215 77.5504396
12.9397902 77.54133490000004
12.9441461 77.5484639
12.938683 77.56672700000001
12.944285 77.56685200000004
12.931286 77.55882999999994
12.930264 77.55743800000005
12.948397 77.54210599999999
12.9301001 77.56664690000002
12.93661 77.55624929999999
12.9314383 77.55271849999997
12.9383331 77.55419610000001
12.9482953 77.55096070000002
12.9417338 77.5580946
12.946672 77.56972770000004
12.9403829 77.55999599999996
12.936431 77.55069179999998
12.9419101 77.56135119999999
12.9334211 77.55747410000004
12.9431851 77.56431139999995
12.9446327 77.55357649999996
12.9568113 77.5156005
12.9298093 77.57199889999993
12.944286 77.50042499999995
12.9423167 77.54754290000005
12.9344782 77.55549259999998
12.93177 77.57067159999997
12.9408293 77.53981010000007
12.9395633 77.56007709999994
12.9482119 77.55237520000003
12.944286 77.50042499999995
12.9359537 77.55437319999999
12.9350573 77.5691266
12.941684 77.6165373
12.995684 77.555834
12.9952512 77.57458359999998
12.9941433 77.55587209999999
12.9935354 77.57721809999998
12.9983442 77.57825679999996
12.942216 77.60674189999997
12.9843738 77.55457530000001
12.9839452 77.55446830000005
12.971925 77.51280900000006
12.963621 77.52606000000003
12.9673003 77.53089369999998
12.9721871 77.56106909999994
13.0567915 77.51894579999998
13.0325221 77.60845990000007
13.020969 77.53671899999995
13.027588 77.57547599999998
13.0614856 77.55888030000006
13.0075074 77.56417799999997
13.063683 77.58873300000005
13.033983 77.56491699999992
13.004817 77.603567
13.033033 77.56131700000003
13.034833 77.60413300000005
13.004983 77.55984999999998
12.9897628 77.66334589999997
13.0082445 77.54498939999996
13.0081 77.55518299999994
13.002317 77.63421700000004
13.039183 77.59730000000002
12.9814681 77.675524
12.961417 77.70569260000002
13.0199026 77.5872809
13.0754585 77.55804409999996
13.030309 77.55797129999996
13.02516 77.55800279999994
13.125808 77.619148
13.1376034 77.60324689999993
13.080544 77.65344900000002
13.0652992 77.5846861
13.0856153 77.55363149999994
13.1585359 77.48883879999994
13.0638752 77.58916410000006
13.0669597 77.63615370000002
13.069348 77.58555999999999
13.0748611 77.71186109999996
13.0935493 77.58196079999993
13.058054 77.59139299999993
13.0571047 77.5026001
13.0547603 77.51095110000006
13.049821 77.60052599999995
13.0567989 77.50422920000005
13.0600703 77.50828380000007
13.0502811 77.50949639999999
13.0577618 77.50621739999997
13.0497804 77.51252160000001
13.018397 77.65519399999994
13.008911 77.65549399999998
13.0097192 77.70090490000007
13.031388 77.66414499999996
13.0113672 77.6799876
13.0082385 77.57100860000003
12.9675478 77.66993409999998
12.959172 77.69741899999997
12.9524411 77.70651270000008
12.954887 77.69746800000007
12.9496307 77.71420060000003
13.0049498 77.60320750000005
12.9936493 77.5772227
12.9954603 77.57076410000002
12.997423 77.55866930000002
12.9463002 77.59879079999996
13.0022148 77.56092539999997
12.9972266 77.61427649999996
12.9496882 77.71306340000001
13.0051103 77.56934539999997
12.9617462 77.63478400000008
13.0350851 77.56891169999994
13.0142612 77.62123259999998
13.0287113 77.55805409999994
13.0254459 77.63678670000002
13.0073991 77.5444291
13.028625 77.57269399999996
13.039181 77.56282799999997
13.0467879 77.54954109999994
13.002355 77.555205
13.0331965 77.60349910000002
13.029799 77.60470399999997
13.0252267 77.55726279999999
13.036164 77.56161139999995
13.032164 77.5765758
12.9938673 77.54941269999995
13.040033 77.59308299999998
13.0225514 77.58478769999999
13.024743 77.60323799999992
13.0285099 77.59846730000004
13.0018956 77.55170559999999
13.0298485 77.59791029999997
13.0026617 77.5226285
13.0216975 77.53357089999997
13.0055737 77.5282628
13.010543 77.53330900000003
13.012899 77.543045
13.025683 77.613517
13.0150883 77.6146182
13.0065837 77.54127649999998
13.0328672 77.554755
13.0101089 77.52182579999999
13.022345 77.55565899999999
13.0151144 77.60679959999993
13.0155554 77.52503780000006
13.0072087 77.54831569999999
13.0215666 77.553944
13.0309394 77.56220310000003
13.0337455 77.56464860000006
13.0191532 77.55144510000002
13.0242347 77.59635509999998
13.006448 77.57210359999999
13.0221676 77.55645379999999
13.0047773 77.55829859999994
13.0167712 77.52382940000007
13.0215313 77.58681709999996
13.003959 77.60331300000007
13.0304811 77.55497830000002
13.0267162 77.55652520000001
13.0191303 77.5305313
13.0218096 77.59071169999993
13.010537 77.545977
13.0246472 77.59872610000002
13.0257098 77.58083850000003
13.0244319 77.58998440000005
13.0228343 77.55400299999997
13.00538 77.57761099999993
13.004386 77.53324099999998
13.026667 77.57961699999998
13.008033 77.55668300000002
13.0270566 77.58763449999992
13.0264823 77.58904669999993
13.0108364 77.55176469999992
13.0144415 77.61115010000003
13.0339452 77.55394939999996
13.005037 77.55973080000001
13.0085307 77.52800530000002
13.030032 77.59548470000004
13.0321793 77.55699260000006
13.027347 77.53829599999995
13.0337384 77.56542209999998
13.03356 77.56310600000006
13.030712 77.55015060000005
13.003986 77.55537400000003
13.0160356 77.56528030000004
13.0212469 77.58969100000002
13.0063721 77.54503569999997
13.009267 77.59453299999996
13.0123554 77.60395229999995
13.0026499 77.5361686
13.0047109 77.53551449999998
13.0331483 77.55850659999999
13.0023177 77.54210899999998
13.0013722 77.49710119999997
13.0157324 77.48481500000003
13.0099899 77.49655469999993
12.9917601 77.48720789999993
13.0360784 77.54905389999999
13.039951 77.59245250000004
13.0368401 77.5609432
13.0351197 77.52698770000006
13.0370821 77.59212950000006
13.036985 77.57450100000005
13.0378452 77.59175340000002
13.040074 77.51439000000005
13.0397886 77.55758100000003
13.0441141 77.55224810000004
13.0391167 77.55699530000004
13.0389991 77.54662859999996
13.037187 77.59114180000006
13.037316 77.54921020000006
13.0292063 77.50717029999998
13.008743 77.48357650000003
13.001853 77.54084599999999
12.9984599 77.5600091
13.0004468 77.57304669999996
