12.9621472 77.60475339999994
12.969047 77.59738970000001
12.9800556 77.61281770000005
12.9715987 77.59456269999998
12.9710912 77.59723150000002
12.95726 77.53742599999998
12.9715987 77.59456269999998
12.9690169 77.59978909999995
12.9666525 77.59952279999993
12.9715987 77.59456269999998
12.9745807 77.61054450000006
12.971804 77.59779700000001
12.9768769 77.57867729999998
12.9700365 77.58397109999999
12.9790509 77.5794247
12.956937 77.56561099999999
12.973068 77.5766817
12.972404 77.59695199999999
12.9754181 77.54169539999998
12.9735816 77.6124873
12.9671857 77.60639730000003
12.959593 77.56756599999994
12.9790519 77.57939669999996
12.976017 77.57743299999993
12.972233 77.58098300000006
12.9781656 77.60547629999996
12.96317 77.54044599999997
12.9791074 77.57629870000005
12.97345 77.57526699999994
12.9789554 77.57483760000002
12.9766232 77.54116249999993
12.95435 77.56539999999995
12.965615 77.58451600000001
12.9789554 77.57483760000002
12.9518297 77.59463579999999
12.9582918 77.58638470000005
12.9789554 77.57483760000002
12.9801831 77.53699000000006
12.9536977 77.59436370000003
12.9715987 77.59456269999998
12.9715987 77.59456269999998
12.9746481 77.60971789999996
12.9819701 77.60894589999998
12.971364 77.57390099999998
12.965917 77.59476700000005
12.9815339 77.53436120000003
12.9745565 77.57242440000005
12.950683 77.57989999999995
12.955117 77.56841699999995
12.972212 77.57860400000004
12.965542 77.58405399999992
12.9812799 77.60133280000002
12.9630554 77.59377700000005
12.967467 77.58601699999997
12.98005 77.57468300000005
12.95435 77.56539999999995
12.9588138 77.5357328
12.968702 77.57901420000007
12.968702 77.57901420000007
12.9674579 77.59960209999997
12.9644018 77.58813209999994
12.973283 77.60306700000001
12.967783 77.59146699999997
12.9789554 77.57483760000002
12.9682694 77.52114919999997
12.963115 77.58727299999998
12.968582 77.58470899999998
12.972417 77.57953299999997
12.9780681 77.57781699999998
12.9633823 77.60348939999994
12.9770239 77.57788000000005
12.9789554 77.57483760000002
12.968647 77.58418600000005
12.967467 77.58601699999997
12.9661549 77.606266
12.9741932 77.54364429999998
12.970283 77.58366699999999
12.9756841 77.57855059999997
12.967133 77.59003299999995
12.969484 77.58469300000002
12.976983 77.57933300000002
12.9715987 77.59456269999998
12.9824942 77.55476169999997
12.972267 77.58103299999993
12.9789613 77.57944629999997
12.9719702 77.58062789999997
12.9526976 77.56883900000003
12.967194 77.579881
12.971831 77.58165699999995
12.971017 77.58034999999995
12.972233 77.58098300000006
12.9789554 77.57483760000002
12.971694 77.57993499999998
12.9536 77.57778299999995
12.969486 77.58468100000005
12.966517 77.59166700000003
12.950567 77.57974999999999
12.968702 77.57901420000007
12.966043 77.57750999999996
12.9751679 77.61916700000006
12.946261 77.597985
12.984354 77.57835699999998
12.971852 77.61790759999997
12.94344 77.56626600000004
12.994655 77.60621700000002
12.9850611 77.58789330000002
12.948362 77.57140500000003
13.0031022 77.66099970000005
12.969775 77.65028299999994
12.9735271 77.61412080000002
12.974314 77.61479299999996
12.9592607 77.66131819999998
12.9465331 77.5981951
12.9766658 77.61879980000003
13.001484 77.56949499999996
12.992931 77.59376099999997
12.9902518 77.58816109999998
12.9758137 77.61646089999999
13.0027665 77.57053919999998
12.962557 77.64315099999999
12.9462508 77.59796979999999
12.9482936 77.5700746
12.9886363 77.59136079999996
12.962419 77.64904999999999
12.990668 77.57357000000002
12.971975 77.640897
13.001371 77.55312500000002
12.9729543 77.61688470000001
12.9723866 77.64267500000005
12.9909519 77.61654679999992
12.9792795 77.64700189999996
12.9905731 77.59179229999995
12.973767 77.61568299999999
12.9877131 77.57846560000007
12.9886162 77.60267529999999
12.9783412 77.64326619999997
12.9906324 77.55334399999992
12.9800322 77.63735529999997
12.9482651 77.57373469999993
12.97515 77.61456699999997
12.9838964 77.57981029999996
12.9909876 77.55256839999993
12.9712201 77.6494308
12.9602335 77.63787359999992
12.997217 77.57148299999994
13.0068643 77.57928259999994
13.0081415 77.56480770000007
12.9976991 77.58355110000002
13.0141331 77.58288500000003
12.9309056 77.58231369999999
12.940855 77.62430599999993
12.961652 77.71732799999995
12.94007 77.57116300000007
13.0419072 77.57663149999996
12.937254 77.56828199999995
12.930388 77.58777399999997
12.938879 77.62787100000003
12.931655 77.62269500000002
12.957292 77.718122
12.932613 77.54184009999994
13.0288896 77.57870819999994
13.0341844 77.58859419999999
13.0492637 77.51751149999996
12.9698 77.74994700000002
12.936889 77.57197910000002
12.9290506 77.56525250000004
13.0333637 77.52825269999994
12.9376006 77.58561299999997
12.9421719 77.57236920000003
13.0429562 77.57775779999997
13.037417 77.59173299999998
12.969577 77.75186400000007
12.9314301 77.62331560000007
12.9274529 77.590597
13.061868 77.58678899999995
13.080669 77.58817399999998
13.027471 77.633193
13.042151 77.56683399999997
13.0216412 77.59280439999998
13.0454835 77.60635409999998
13.03443 77.55529810000007
13.0528288 77.58569809999995
13.050769 77.50784049999993
13.0382332 77.5512569
13.0304158 77.56244889999994
13.029917 77.57818299999997
13.0382835 77.54632549999997
13.0773036 77.60736859999997
13.0333248 77.55437069999994
13.0182425 77.58395580000001
13.0124055 77.53614619999996
13.0427208 77.52056919999995
13.0287022 77.5590264
13.0211432 77.51670079999997
13.0735085 77.6335368
13.0350848 77.52727570000002
13.0316992 77.63806339999996
13.0372014 77.59102619999999
13.0816415 77.60131179999996
13.0501944 77.64579759999992
13.021116 77.58818500000007
13.0246119 77.5899627
13.011677 77.54058800000007
13.0077285 77.67365540000003
13.0097689 77.54029360000004
13.0116759 77.62377850000007
13.0084824 77.505582
13.0070205 77.54846220000002
13.0086562 77.52636009999992
12.9422304 77.57483760000002
12.971 77.62781700000005
12.9422304 77.57483760000002
12.948533 77.59828300000004
12.972933 77.63476700000001
12.9548131 77.66093160000003
12.962959 77.61673829999995
12.9430582 77.59907369999996
12.9422304 77.57483760000002
12.952967 77.61906699999997
12.9670289 77.63613889999999
12.947215 77.59724099999994
12.965462 77.580514
12.9474446 77.57820809999998
12.9715987 77.59456269999998
12.9658 77.59023300000001
12.9706647 77.5802377
12.970478 77.58357899999999
12.9444707 77.58718190000002
12.972267 77.58103299999993
12.9536468 77.62139300000001
12.961717 77.59210000000007
12.9392262 77.58228959999997
12.9398229 77.58183489999999
12.937933 77.58323300000006
12.9396 77.58596699999998
12.945829 77.57678099999998
12.948981 77.597759
12.940217 77.58179999999993
12.9489814 77.59775960000002
12.9365 77.62052500000004
12.935783 77.59169999999995
12.9405992 77.57122809999998
12.9441091 77.5611371
12.93785 77.56868299999996
12.9403985 77.56444510000006
12.9417837 77.55713609999998
12.941783 77.562817
12.944567 77.55915000000005
12.936967 77.57236699999999
12.931067 77.60989999999993
12.9307388 77.57648900000004
12.94628 77.568625
12.9453934 77.57123619999993
12.9449863 77.5710186
12.933983 77.56819999999993
12.939224 77.55181300000004
12.934533 77.61213299999997
12.946773 77.57038499999999
12.927496 77.57646
12.934649 77.58747749999998
12.9280356 77.5654882
12.9409537 77.55597050000006
12.9563459 77.56529539999997
12.954017 77.57996700000001
12.957967 77.56736699999999
12.9582738 77.56705060000002
12.9526976 77.56883900000003
12.9407123 77.54331219999995
12.928283 77.60926700000005
12.954638 77.58206799999994
12.9553865 77.58029320000003
12.9318807 77.58221630000003
12.9362316 77.55939999999998
12.953667 77.57768299999998
12.9284529 77.58630700000003
12.959217 77.55926699999998
12.9630362 77.58749979999993
12.9602013 77.53690719999997
12.964833 77.58953300000007
12.962633 77.59061700000007
12.963 77.58212000000003
12.959583 77.56846700000006
12.9132596 77.5103474
12.923966 77.56714799999997
12.916523 77.56203000000005
12.9212438 77.56712970000001
12.92186 77.484377
12.911279 77.62677400000007
12.921708 77.59361799999999
12.9239534 77.55369510000003
12.918553 77.59405179999999
12.910491 77.5857168
12.910933 77.59633299999996
12.9139 77.58668999999998
12.919183 77.59505000000001
12.917401 77.622571
12.906295 77.574074
12.9053849 77.59432730000003
12.9091954 77.59696150000002
12.9117425 77.55730040000003
12.929276 77.63467309999999
12.9200486 77.58343390000005
12.924511 77.57567500000005
12.894895 77.56742400000007
12.8986219 77.57089739999992
12.848202 77.67204700000002
12.885137 77.65200000000004
12.956267 77.694117
12.88875 77.59748300000001
12.8448849 77.58807320000005
12.955462 77.69297299999994
12.8837705 77.62074630000006
12.9246976 77.57353420000004
12.914887 77.62634600000001
12.9157099 77.66744249999999
12.920151 77.58359300000006
12.9166524 77.58919830000002
12.9215368 77.57119149999994
12.910983 77.57361700000001
12.8482107 77.6720229
12.905798 77.60296500000004
12.9341884 77.62709810000001
12.9197208 77.48155980000001
12.9383912 77.47938150000004
12.91408 77.5942
12.9314124 77.63072569999997
12.9257664 77.61760849999996
12.9208629 77.59016020000001
12.9681991 77.74955899999998
12.9722303 77.6984936
