12.9722983 77.58636389999992
12.98083 77.60557900000003
12.9549602 77.56522500000005
12.9742442 77.597082
12.9733872 77.53856480000002
12.972567 77.54716699999994
12.9756465 77.55005210000002
12.9680385 77.61049009999999
12.9747421 77.59298089999993
12.9600368 77.53480909999996
12.963623 77.60606899999993
12.9649165 77.60556229999997
12.9582681 77.5746292
12.9508602 77.59968099999992
12.972617 77.56158299999993
12.966583 77.59998399999995
12.965623 77.55542579999997
12.9759043 77.54500719999999
12.95478 77.58196399999997
12.9650293 77.56780700000002
12.9751172 77.53044649999993
12.972727 77.56146990000002
12.958708 77.60146199999997
12.9689382 77.5299301
12.9541268 77.56858080000006
12.9772271 77.54394339999999
12.975662 77.6155
12.944656 77.50501020000002
12.9440166 77.57569369999999
12.939598 77.566777
12.972912 77.67742699999997
12.989314 77.55617000000007
12.933054 77.51580799999999
12.9683436 77.67089369999997
12.9372323 77.55881350000004
12.939767 77.57548199999997
12.9422628 77.5667009
12.948936 77.57061150000004
12.933251 77.63262659999998
12.9898009 77.55451900000003
12.9383941 77.57793579999998
12.990119 77.53805899999998
12.9680329 77.64250459999994
12.9434346 77.56592720000003
12.96024 77.63730099999998
12.995062 77.55489069999999
12.9556772 77.63428190000002
12.9316556 77.62269590000005
12.9390337 77.55619849999994
12.9452326 77.55397879999998
12.9924572 77.53157550000003
12.991375 77.55455000000006
12.983967 77.60723299999995
12.9874689 77.60492180000006
12.9892985 77.56575069999997
12.9909336 77.59627189999992
12.9894458 77.56277309999996
12.939927 77.57241599999998
12.9963011 77.61782800000003
12.9902274 77.50470080000002
12.9964198 77.59845189999999
12.9433911 77.56564920000005
12.9739527 77.6277308
12.9862559 77.59495730000003
13.000466 77.61650370000007
12.9307301 77.51946659999999
12.997825 77.53332799999998
12.9231705 77.55514560000006
12.964255 77.71436900000003
12.9920953 77.70256510000002
12.930076 77.55559599999992
12.9933093 77.72938729999998
12.95702 77.706009
13.007192 77.66175199999998
12.910456 77.64421100000004
13.0113647 77.53744510000001
12.9129665 77.68020790000003
12.9706071 77.74984719999998
13.008468 77.758601
12.926644 77.59385999999995
12.9132897 77.60575089999998
12.9232708 77.50074870000003
12.928382 77.67183599999998
12.9192255 77.6052707
12.9282944 77.51758889999996
12.9790234 77.47701289999998
12.9227234 77.64989730000002
13.0064553 77.57168899999999
12.9225787 77.61941589999992
12.9267154 77.62123529999997
12.962283 77.70188299999995
12.9219758 77.63156709999998
13.0049184 77.55891139999994
12.918583 77.55733299999997
13.0192147 77.55756629999996
12.9244514 77.50050499999998
13.015198 77.57093710000004
13.0067138 77.68655660000002
13.0017973 77.54922540000007
12.9222442 77.49841149999997
13.0093429 77.59464589999993
12.9235744 77.67593220000003
13.0060552 77.54831160000003
13.018006 77.62836100000004
12.903839 77.67604400000005
13.0073037 77.54833780000001
12.9077589 77.59683519999999
12.9245116 77.56908640000006
12.9931669 77.68036589999997
13.0204393 77.64241900000002
12.9759208 77.73836549999999
13.095122 77.57304699999997
13.0998081 77.56695709999997
13.1022502 77.59424790000003
13.063786 77.58939699999996
13.0261057 77.59334560000002
13.063775 77.58936100000005
13.028129 77.57327099999998
13.0333716 77.57470339999998
13.0689074 77.61145859999999
13.0804673 77.55950059999998
13.0601912 77.55819159999999
13.0847353 77.48422349999998
13.047067 77.54804999999999
13.084693 77.4836808
13.032233 77.61580000000004
13.028083 77.57336699999996
13.0336437 77.52738539999996
13.0295054 77.60475939999992
13.0471034 77.54802629999995
13.0487453 77.51134279999997
13.0334558 77.56553009999993
13.0221947 77.63728830000002
13.0035 77.56001059999994
13.014249 77.54797839999992
13.008862 77.59563090000006
12.9569296 77.73968020000007
12.9993648 77.58138970000005
12.8899384 77.58244530000002
12.8852372 77.54422369999997
12.8919152 77.5339897
12.891414 77.60809300000005
12.8837081 77.57043440000007
12.8751574 77.59806500000002
12.8994488 77.6549278
12.8706711 77.5366434
12.898868 77.4961518
12.8483153 77.66545410000003
12.865326 77.76459399999999
12.9254344 77.5647265
12.927064 77.57755680000002
12.8252181 77.76574729999993