12.9725851 77.6011059
12.9808171 77.60903710000002
12.965243 77.597715
12.9553475 77.64109970000004
12.9590602 77.65648520000002
12.9322112 77.58405110000001
13.0347277 77.56823810000003
12.9388844 77.69522669999992
12.9144506 77.59978619999993
12.9393309 77.55342629999996
12.9418115 77.6232033
13.0424994 77.62134590000005
12.9156837 77.65156669999999
12.9244103 77.5643268
12.9167656 77.62045490000003
13.0066977 77.55449019999992
13.0085536 77.65548969999998
12.9793158 77.7287192
13.0117103 77.67188169999997
12.9932284 77.66734109999993
13.040749 77.51654499999995
12.912456 77.60634600000003
13.0498742 77.59758220000003
12.921338 77.57113700000002
13.0157985 77.7621504
13.0046685 77.57610019999993
12.9192022 77.5204185
12.8416703 77.64654989999997
12.894089 77.56804569999997
12.9853591 77.70812610000007
13.01815 77.67829299999994
12.891794 77.57760499999995
12.9606459 77.71406649999994
12.9849815 77.55334399999992
12.891286 77.59848699999998
13.022258 77.59217000000001
12.942821 77.58440900000005
12.9930181 77.68814729999997
12.98995 77.70534499999997
13.049412 77.60261600000001
12.9053183 77.61237460000007
13.015886 77.63941899999998
12.9257573 77.61754859999996
12.860087 77.72584000000006
12.9525453 77.70596760000001
12.9040146 77.63009920000002
13.0497259 77.64532480000003
12.9571269 77.70879489999993
12.9927146 77.66394079999998
13.0047786 77.62159729999996
12.934386 77.61991699999999
12.982472 77.76683300000002
12.9348589 77.57395159999999
12.863402 77.77119700000003
13.073295 77.56687699999998
13.095915 77.597756
13.0834438 77.4843406
