12.9724365 77.60680109999998
12.9700946 77.60943320000001
12.9554065 77.56702199999995
12.9532934 77.59050230000003
12.9609135 77.58734290000007
12.9699667 77.60958640000001
12.9747337 77.57624959999998
12.974371 77.57618209999998
12.9762826 77.57549180000001
12.978824 77.57557309999993
12.9814833 77.60296319999998
12.9730571 77.57930409999994
12.9743951 77.60965020000003
12.9560779 77.58544460000007
12.9751743 77.55892240000003
12.977724 77.57596260000003
12.971606 77.59437600000001
12.977236 77.54582449999998
12.963106 77.57704899999999
12.9631179 77.56626640000002
12.9605832 77.55784930000004
12.9697615 77.53632160000006
12.9608439 77.56069379999997
12.9742335 77.55200049999996
12.9715987 77.59456269999998
12.973537 77.57755300000008
12.973101 77.6087794
12.9739797 77.57970499999999
12.9704209 77.57449270000006
12.975469 77.57755680000002
12.9742973 77.57624699999997
12.96528 77.58471269999995
12.9618776 77.5473551
12.9678583 77.56991229999994
12.9790707 77.57941870000002
12.9633904 77.56624190000002
12.9576843 77.54488249999997
12.975599 77.57550400000002
12.9639663 77.55419489999997
12.961116 77.58367499999997
12.9715987 77.59456269999998
12.9521689 77.55406740000001
12.957464 77.58000800000002
12.9766044 77.54649419999998
12.9715987 77.59456269999998
12.982233 77.54596700000002
12.9715987 77.59456269999998
12.9748809 77.60564539999996
12.9569353 77.56394139999998
12.9688964 77.54377980000004
12.9749734 77.60656889999996
12.9582127 77.55927659999998
12.9570625 77.56763260000002
12.9701796 77.60995000000003
12.9767827 77.57777340000007
12.9597167 77.61046750000003
12.9747121 77.60936029999993
12.9796559 77.60224790000007
12.9553199 77.56342229999996
12.9655419 77.56185549999998
12.9346323 77.61130230000003
12.98823 77.59471289999999
13.0355902 77.57470979999994
12.923704 77.553357
13.0133164 77.593749
13.0032954 77.63580580000007
13.0221098 77.60322040000005
12.9251913 77.60760430000005
12.9561983 77.69813220000003
12.9848012 77.61483550000003
13.010007 77.61026800000002
12.952236 77.69963200000007
12.9934061 77.66396559999998
12.9972643 77.69560679999995
12.931832 77.60775899999999
12.979864 77.69350759999998
12.9163983 77.59240799999998
13.0208936 77.61259280000002
12.9932591 77.5708502
12.9484633 77.53969080000002
12.9432284 77.61771320000003
12.926279 77.67533000000003
12.9979831 77.67521809999994
12.92327 77.553359
12.9557026 77.6995091
12.9588749 77.66098540000007
12.9355859 77.74460810000005
12.919912 77.6496856
12.9150603 77.58782659999997
13.0144039 77.60563849999994
12.9732025 77.62130509999997
12.979222 77.72863089999998
12.936879 77.61277199999995
12.9353083 77.51761110000007
12.9872861 77.61897820000002
12.9144372 77.5994035
12.9869799 77.73598249999998
13.012648 77.64904899999999
12.9288581 77.591272
12.975203 77.63677959999995
12.926231 77.67506500000002
12.9838741 77.6938381
12.959504 77.74788999999998
12.9921604 77.57047280000006
13.0105466 77.55524349999996
12.90902 77.55805340000006
12.9897863 77.57298229999992
12.935542 77.56162999999992
13.021628 77.55132349999997
12.9536468 77.62139300000001
12.943675 77.54772290000005
13.012488 77.62623919999999
12.986794 77.56721560000005
13.0000851 77.61850149999998
12.9128118 77.60921880000001
12.9233859 77.59893790000001
12.9930872 77.52909339999997
13.0050538 77.69667240000001
12.925599 77.60769200000004
12.9156484 77.56330589999993
13.019888 77.55147399999998
12.9901165 77.56783710000002
12.9364676 77.57715050000002
12.9224568 77.57593270000007
12.9511753 77.62210460000006
12.9160026 77.47905100000003
12.983223 77.529944
12.9986438 77.50354519999996
12.9571206 77.50205640000001
12.9854385 77.5254347
12.9697999 77.74994670000001
13.0279661 77.54091560000006
12.9320804 77.62896320000004
13.026733 77.62075000000004
12.9334583 77.53731649999997
12.941054 77.61803299999997
13.0028314 77.56822310000007
12.9766481 77.51249489999998
12.9141804 77.55453499999999
12.990975 77.702718
12.9281363 77.56686739999998
12.9898437 77.57290469999998
12.9427753 77.52645150000001
13.0087117 77.62629719999995
12.9207797 77.61780440000007
13.0132498 77.65497210000001
12.9144014 77.58622079999998
12.9883426 77.54406549999999
12.9694244 77.49867979999999
12.9980221 77.55289870000001
13.0088942 77.69892770000001
12.9980084 77.55293619999998
12.9558035 77.69460300000003
12.9113076 77.55154670000002
13.0081695 77.5393441
12.9445184 77.5972898
12.9469285 77.59326080000005
13.0017777 77.57775830000003
13.0210358 77.53492549999999
12.9987964 77.67513429999997
12.9962878 77.6954925
12.9113082 77.55154399999992
12.9387256 77.62199099999998
12.9427111 77.5466242
12.9254647 77.62094550000006
12.9104932 77.6144779
12.992454 77.65969999999993
13.02232 77.52079400000002
13.011335 77.60996499999999
12.9557403 77.69927699999994
12.9262653 77.67528749999997
12.915738 77.52650470000003
12.9960522 77.69532119999997
13.0092978 77.56771309999999
13.0071734 77.57908399999997
12.9233469 77.55325700000003
12.9972848 77.69564739999998
13.0171577 77.5562337
13.0280434 77.55380719999994
13.0103203 77.67385330000002
12.905495 77.62944549999997
12.988503 77.47396049999998
12.9536468 77.62139300000001
12.958298 77.66633300000001
12.9460023 77.56380020000006
12.9109191 77.56570209999995
12.9310811 77.55506979999996
12.9358252 77.51778880000006
12.9451418 77.56759
12.9817147 77.62855850000005
12.921363 77.48400300000003
12.9931757 77.57057069999996
12.956048 77.4797595
12.925651 77.54982900000005
12.9218452 77.58603719999996
13.0280446 77.55375370000002
12.9336649 77.55292510000004
12.9191223 77.58808850000003
12.9787568 77.6402127
12.959719 77.74778100000003
12.8759466 77.59575100000006
13.0495897 77.54337069999997
13.0416576 77.62278830000002
12.8750135 77.57035359999998
12.8910453 77.62651870000002
12.8728904 77.55757570000003
13.0721471 77.54635329999996
13.0591408 77.46107519999998
13.0407718 77.51829069999997
12.8906129 77.56221870000002
12.9035767 77.54416079999999
12.8602039 77.58938820000003
12.8561502 77.66471449999995
13.0968731 77.59658669999999
12.9036764 77.58071500000005
12.858817 77.78358400000002
13.0417443 77.51753269999995
12.8865787 77.62557119999997
13.0721733 77.5464177
13.0687477 77.60257490000004
12.8906887 77.63938009999993
13.0069991 77.93799039999999
13.0984563 77.395355
12.8998421 77.59994959999995
13.0777017 77.79644250000001
13.0782817 77.78653980000001
12.9605356 77.23697579999998
13.0453724 77.62678140000003
12.8935876 77.6233522
12.8979853 77.57192970000006
13.0986806 77.39549820000002
12.8914051 77.62641459999998
12.9035629 77.63350200000002
13.0807225 77.50105719999999
13.0710593 77.56794979999995
13.049069 77.59321899999998
13.038467 77.55291
13.0605001 77.5768534
13.1004727 77.58709199999998
13.1224418 77.57768420000002
13.100334 77.59522590000006
13.0943218 77.58070299999997
13.2454962 77.93189410000002
13.194813 77.62814800000001
12.9847038 77.6628531
12.9885304 77.76610870000002
12.9875334 77.60608609999997
12.9311991 77.7630034
13.0040269 77.57337419999999
13.0025952 77.58385339999995
12.9287467 77.59117040000001
12.9236446 77.5688854
12.9196121 77.57792599999993
12.8860268 77.608476
12.8978761 77.56585199999995
12.8269547 77.67736850000006
12.8171145 77.53618240000003
12.8927078 77.75143170000001
12.7550853 77.8000935
12.7256471 77.28262760000007
12.8073732 77.97087390000002
12.7338442 77.83449470000005
12.7256548 77.82426480000004
12.72 77.81999999999994
12.7288321 77.82804090000002
12.7275955 77.83184430000006
12.9660231 77.33422339999993
12.9173595 77.52149759999998
13.1020154 77.16579820000004