12.9593227 77.573666
12.9743828 77.59730909999996
12.9603119 77.5935465
12.9715987 77.59456269999998
12.9825429 77.6071303
12.9819648 77.60925509999993
12.975167 77.60561699999994
12.9804732 77.60635409999998
12.9745003 77.60355819999995
12.9605599 77.53339489999996
12.9699145 77.57887779999999
12.9751998 77.59625919999996
12.9824397 77.60781399999996
12.9819428 77.55528509999999
12.970319 77.57338800000002
12.9545835 77.68102939999994
12.9980124 77.64788520000002
13.00222 77.66130599999997
12.9237848 77.49958629999992
12.937457 77.61943799999995
12.9374059 77.58549800000003
12.947871 77.57512799999995
12.9274529 77.590597
12.93665 77.615092
12.9367083 77.61519199999998
12.9957651 77.57138940000004
13.026865 77.62011400000006
13.032977 77.56934999999999
12.975494 77.61737800000003
12.9552854 77.68208019999997
12.988213 77.50414810000007
12.9183948 77.60299989999999
12.9724316 77.61764649999998
12.9841076 77.65051360000007
12.9415213 77.59788800000001
12.9543444 77.65014210000004
12.998626 77.56892700000003
12.9880368 77.54913110000007
13.0015748 77.54489860000001
13.0667153 77.79335960000003
13.0519188 77.48300089999998
12.8534316 77.51104310000005
12.871101 77.59490699999992
12.907035 77.57492100000002
12.900249 77.60138800000004
12.9083225 77.6331338 