12.9718589 77.59636699999999
12.9733131 77.60716439999999
12.9806595 77.59624239999994
12.9565998 77.59225709999998
12.9674654 77.60212449999995
12.9748538 77.55231559999993
12.9808255 77.55073289999996
12.9745776 77.57061039999996
12.97149 77.60614199999998
12.9744637 77.57733299999995
12.973483 77.57498299999997
12.975765 77.60481000000004
12.9705471 77.60816490000002
12.975552 77.60259300000007
12.9706568 77.60058060000006
12.9708581 77.64101119999998
12.97443 77.61463600000002
12.9754191 77.64120709999997
12.9603282 77.64809119999995
12.962274 77.64190299999996
12.9699093 77.6411587
12.9903299 77.58646039999996
12.979465 77.64108290000001
12.9740506 77.61953590000007
12.9993034 77.54955719999998
12.9375582 77.58564810000007
12.9936021 77.60262069999999
12.9781423 77.63686170000005
12.9491234 77.62304229999995
12.9376531 77.62697520000006
12.9688961 77.64121869999997
12.9592893 77.62010340000006
12.9849812 77.57926399999997
12.9650792 77.64727110000001
12.9913012 77.58808820000002
12.9680885 77.64177410000002
12.9835982 77.54719219999993
12.9902521 77.58644709999999
13.005065 77.58448900000008
12.9299537 77.68308090000005
12.9352063 77.61368419999997
12.9130172 77.58983650000005
13.0042298 77.65787820000003
12.9242654 77.67175580000003
13.025411 77.55815499999994
13.0026876 77.57857709999996
13.0126566 77.55509469999993
12.9334836 77.6211333
12.932874 77.61478499999998
12.9118818 77.63885200000004
13.021267 77.55868299999997
12.9653135 77.70179570000005
12.9095499 77.56447579999997
12.9587836 77.74115819999997
12.9794139 77.72862120000002
12.9599767 77.69913199999996
12.918048 77.61330799999996
12.9153701 77.64616009999997
12.9482688 77.70471099999997
13.0215875 77.59637509999993
12.9334989 77.62991650000004
12.9984603 77.68847660000006
12.9167854 77.64704919999997
13.01218 77.55616399999997
12.9574634 77.70900789999996
12.9285061 77.58538850000002
12.9101942 77.64205149999998
13.0999967 77.59083720000001
13.0535813 77.55647870000007
13.0421267 77.5546266
12.8900468 77.63978610000004
13.0584875 77.58610369999997
13.1013408 77.58173750000003
13.0658165 77.50408540000001
12.8974365 77.66153159999999
13.0431638 77.50030909999998
13.0735841 77.76762489999999
13.0446613 77.62629790000005
12.839231 77.65927299999998
12.849653 77.68022999999994
12.8328236 77.5891719
12.8408558 77.65948359999993
