12.9661945 77.5221057
12.95735 77.58259999999996
12.9679742 77.59261560000004
12.9582918 77.58638470000005
12.959467 77.58403299999998
12.98221 77.60634900000002
12.9659838 77.59251100000006
12.9715987 77.59456269999998
12.9590081 77.54608239999993
12.955837 77.55810120000001
12.9706712 77.5277992
12.9757183 77.53511419999995
12.971606 77.59437600000001
12.9614954 77.58405449999998
13.0150021 77.67794989999993
12.997083 77.62776699999995
12.920851 77.65218200000004
12.9850332 77.54901970000003
13.011279 77.672953
12.9489814 77.59775960000002
12.9760061 77.62010129999999
12.9233902 77.56480770000007
12.992603 77.62354099999993
13.003537 77.60680400000001
12.9411752 77.69774719999998
12.907464 77.63214599999992
12.9893505 77.52523719999999
13.0030606 77.56191339999998
12.989556 77.60809700000004
12.938583 77.63143300000002
13.0077745 77.73376280000002
12.9329463 77.58386919999998
12.9973773 77.61996079999994
13.0158515 77.65146479999999
12.9400392 77.57200280000006
13.00556 77.65790770000001
13.01999 77.53806499999996
12.9496923 77.5956433
12.9065085 77.5594059
12.9384076 77.55441610000003
12.9304929 77.58962840000004
12.9575993 77.70126479999999
13.015017 77.631667
13.010683 77.61413300000004
12.960062 77.5171282
12.90356 77.70345900000007
13.0077186 77.51792890000002
12.941527 77.571463
12.990623 77.69302700000003
12.992603 77.62354099999993
12.9558437 77.61885269999993
12.9218028 77.60151789999998
13.0048917 77.62322429999995
12.9187942 77.58998480000002
12.995482 77.62809500000003
12.992603 77.62354099999993
13.0019168 77.5257603
13.0205385 77.55839509999998
13.0019613 77.52522079999994
12.9046268 77.62753440000006
12.937132 77.57382499999994
12.996733 77.65383299999996
13.010459 77.50970200000006
12.911474 77.56814099999997
12.953679 77.61762499999998
12.9992818 77.52399880000007
12.991515 77.62366900000006
12.992603 77.62354099999993
12.9987585 77.57845529999997
13.0734483 77.63353630000006
13.0405629 77.5532991
13.042393 77.58118000000002
12.8770159 77.63916870000003
13.0254922 77.56025620000003
13.02835 77.60455000000002
13.029883 77.57830000000001
12.890388 77.62016199999994
12.859948 77.587313
13.0281623 77.62147400000003
13.0327323 77.6317348
13.0311383 77.56024079999997
13.0326983 77.52366549999999