12.9774699 77.58162790000006
12.9771738 77.60384750000003
12.9815135 77.59677480000005
12.9785186 77.59234289999995
12.9624385 77.52571569999998
12.9516245 77.55728479999993
12.982383 77.60166700000002
12.9519728 77.52143720000004
12.967147 77.52163100000007
12.9623758 77.61378430000002
12.9629498 77.58531419999997
12.9776114 77.5296515
12.9716265 77.60682640000005
12.972819 77.60510079999995
12.9600914 77.52600800000005
12.9670806 77.54972079999993
12.9584198 77.52799419999997
12.9725439 77.53607069999998
12.9753527 77.59165150000001
12.9656187 77.55067610000003
12.9568579 77.52849549999996
12.955816 77.57698800000003
12.975095 77.59206419999998
12.9677474 77.53945120000003
12.9635188 77.60168870000007
12.967532 77.53722100000005
12.975407 77.59096079999995
12.9606369 77.59912110000005
12.9594654 77.55789219999997
12.9516922 77.55603180000003
12.960849 77.52630410000006
12.9774463 77.53034579999996
12.9725817 77.52968499999997
12.9614496 77.60300959999995
12.951302 77.59451539999998
12.9513501 77.60807199999999
12.9724845 77.5433375
12.9666279 77.51895890000003
12.9430311 77.56946459999995
12.9683279 77.65387770000007
12.9276224 77.62730060000001
12.9415587 77.57555400000001
12.9116122 77.59872870000004
13.0526838 77.60543239999993
13.0114645 77.53677319999997
12.9899745 77.71482620000006
13.025651 77.59265630000004
12.9131157 77.50720860000001
12.9378927 77.5714805
12.8903566 77.58726239999999
12.97116 77.64412659999994
12.9102882 77.63521630000002
12.8819341 77.52467950000005
12.9426281 77.54277479999996
12.911362 77.60474269999997
13.0344699 77.62712160000001
12.9974099 77.55289619999996
13.031189 77.59093699999994
13.0711765 77.55674739999995
12.957092 77.66294400000004
12.938633 77.63135599999998
12.942115 77.56243799999993
12.9077759 77.58146399999998
13.0083114 77.65817609999999
12.9309199 77.590194
12.9690078 77.67481850000001
12.9148974 77.60412789999998
12.9139795 77.59857360000001
12.925567 77.56108300000005
13.0189883 77.59651110000004
12.9886487 77.50718200000006
12.9117169 77.54685029999996
12.8875642 77.54411099999993
13.0190402 77.6845078
12.937836 77.62691310000002
12.9678937 77.65250609999998
12.9112084 77.54517680000004
13.0433019 77.60937220000005
12.9768018 77.68235749999997
12.8418862 77.6556587
12.8399389 77.67700309999998
13.0598455 77.59303739999996
12.97691 77.74411299999997
12.9756569 77.74952529999996
12.968872 77.64430500000003
13.034244 77.56048299999998
12.9619244 77.70961639999996
12.974929 77.65459680000004
12.836647 77.66445599999997
13.0309832 77.59013770000001
12.9283727 77.60241510000003
12.8929421 77.61389469999995
13.01071 77.64649810000003
12.8773564 77.59452579999993
13.0141791 77.6995091
12.9147448 77.6090398
13.0336901 77.6741247
12.9656112 77.6370564
12.9219914 77.61043940000002
12.9116061 77.56382259999998
13.0163029 77.64063629999998
12.9395828 77.54734299999996
12.9247542 77.5821803
12.9592236 77.66426690000003
12.9523252 77.62421259999996
12.8980828 77.53946050000002
13.0061 77.58408299999996
13.012816 77.64898500000004
13.0065755 77.68278090000001
12.9304149 77.62925680000001
12.9350373 77.61808109999993
12.9557213 77.61514450000004
12.9862944 77.55721760000006
12.8279084 77.50514769999995
13.0211341 77.53522750000002
12.9687075 77.63663840000004
12.918236 77.481401
12.9744437 77.70080610000002
12.9218052 77.62747960000002
12.9211479 77.58979109999996
12.9968453 77.65856250000002
12.9089723 77.52557539999998
12.9211221 77.58925390000002
12.8607946 77.59252200000003
12.9327865 77.54394300000001
12.9609174 77.70812839999996
12.938862 77.73448699999994
12.9498444 77.68808530000001
12.9601139 77.7207512
12.9658105 77.7072564
12.9560437 77.73039419999998
13.1102894 77.54331219999995
13.0923956 77.55334399999992
13.1034039 77.57250929999998
12.999414 77.62475340000003
13.0593043 77.59068649999995
13.0205548 77.58773180000003
13.1004741 77.57224070000007
13.0868667 77.58106650000002
12.9988918 77.53849979999995
13.0813527 77.55659070000002
13.0801352 77.5565163
13.0376884 77.57491370000002
13.0085994 77.54416319999996
13.0050221 77.68838119999998
13.0978868 77.56891769999993
13.0201714 77.57797170000003
13.0616331 77.60211649999997
13.0463578 77.5418962
13.0201695 77.66660879999995
13.0121218 77.62887690000002
12.9994717 77.54167239999992
13.022983 77.67920149999998
13.0630045 77.63876679999998
13.0946526 77.56625469999994
13.0719061 77.62718510000002
13.0166856 77.61552919999997
13.0265066 77.60052199999996
13.0241906 77.66264049999995
13.0044768 77.61937109999997
13.0709871 77.5294662
13.0228611 77.64172669999994
13.0528444 77.67400569999995
13.0506348 77.7179668
13.0086634 77.59913549999999
13.0245953 77.6380805
13.0327791 77.62904379999998
13.0428635 77.71100810000007
13.0039436 77.54649199999994
13.075955 77.55640979999998
13.0074723 77.75725379999994
13.0407026 77.56844539999997
13.0041303 77.72089210000001
13.0959861 77.58173260000001
13.0263213 77.59688210000002
13.1031963 77.58503680000001
13.041837 77.63034909999999
13.0762909 77.56448509999996
13.0404298 77.55259320000005
13.0956733 77.58620959999996
13.0039341 77.70297789999995
13.1016235 77.60710970000002
13.059842 77.58024499999999
13.0305658 77.5513932
13.045068 77.59775960000002
12.999447 77.598341
13.080925 77.55100730000004
13.0241736 77.56109170000002
13.100411 77.65095309999992
13.0655173 77.71465160000002
13.009809 77.58754799999997
13.101245 77.57264359999999
13.0760202 77.55459789999998
12.9988291 77.52681080000002
13.0770128 77.55712510000001
13.0146597 77.64022239999997
13.0378929 77.62541480000004
13.0292745 77.64717589999998
13.0041696 77.61703519999992
13.0081472 77.54586840000002
13.0036675 77.54362249999997
12.999485 77.54839479999998
13.041837 77.56432210000003
13.0038494 77.66220929999997
13.0035149 77.54184250000003
13.0119335 77.60562749999997
13.0152072 77.57060589999992
13.03932 77.5684556
13.0932386 77.58164750000003
13.006752 77.54371470000001
13.0164296 77.70452219999993
13.0614559 77.50228040000002
13.080361 77.51155369999992
13.0992137 77.57358390000002
13.0600731 77.65800839999997
13.1872449 77.65271759999996
12.9558919 77.51222610000002
12.9620312 77.65934140000002
12.982733 77.51109999999994
12.9439379 77.57349109999996
12.942867 77.570333
12.9899237 77.53596500000003
12.9734707 77.65631929999995
12.975849 77.68398869999999
12.9965615 77.55361270000003
12.938567 77.63111700000002
12.9905721 77.61933499999998
12.9926224 77.53174549999994
13.0549723 77.50869310000007
13.0401869 77.50311369999997
13.0399706 77.53049850000002
13.0076631 77.54458599999998
12.992797 77.55014219999998
12.9949535 77.54745100000002
12.9961704 77.48779400000001
13.046647 77.39320580000003
12.9872864 77.55049299999996
12.9920646 77.57822770000007
12.9861357 77.55023919999996
12.9922371 77.5720063
12.9946079 77.5729705
12.9959721 77.54143120000003
13.0202111 77.5788662
12.9908849 77.50447059999999
13.0026562 77.5518214
12.9572429 77.49399089999997
12.9452941 77.52813479999998
12.9571217 77.49621980000006
12.9653534 77.50199700000007
12.9636704 77.49860430000001
12.9594917 77.48561930000005
12.9612484 77.49731220000001
12.956822 77.51067139999998
12.935128 77.58316530000002
12.8955003 77.55916560000003
12.8664409 77.59305859999995
12.9183759 77.63656679999997
12.9332065 77.51352440000005
12.9099097 77.58766149999997
12.9209325 77.57980859999998
12.9334 77.56683299999997
12.9074544 77.57935969999994
12.918583 77.58047899999997
12.9085925 77.58666659999994
12.9313489 77.57673039999997
12.9005832 77.55844909999996
12.916267 77.55071699999996
12.9192585 77.58524439999997
12.9327369 77.57217489999994
12.943809 77.59935399999995
12.9457878 77.60694039999998
12.9116095 77.56419129999995
12.9286182 77.57282099999998
12.9267379 77.57673269999998
12.8849064 77.61463230000004
12.8909347 77.55114040000001
12.9143645 77.60367010000004
12.9237134 77.58317609999995
12.8597899 77.55416390000005
12.9830397 77.58734430000004
12.8056391 77.55090259999997
12.8423039 77.58674300000007
12.838245 77.49030900000002
12.8132882 77.58960460000003
12.8287259 77.50986490000003
12.77012 77.56777
12.803162 77.65150100000005
12.8721426 77.65117469999996
12.820731 77.60972390000006
12.8715166 77.64449300000001
12.8689472 77.43713279999997
12.8640739 77.5384752
12.8654129 77.54144759999997
12.8479729 77.64897510000003
12.8479721 77.65561249999996
12.8080318 77.60310419999996
12.8711019 77.59485970000003
12.837611 77.62397899999996
12.8439115 77.64391669999998
12.7846942 77.60160480000002
12.77012 77.56777
12.832546 77.61282299999993
12.8367173 77.65648080000005
12.8979716 77.58722890000001
12.9080376 77.6090398
12.900292 77.65693809999993
12.9061728 77.61276939999993
12.908347 77.62993800000004
12.8808062 77.5873077
12.8916734 77.59244109999997
12.8939656 77.52539619999993
12.8841076 77.5669795
12.8849365 77.57152889999998
12.8780928 77.54896310000004
12.8982987 77.66299219999996
12.8903442 77.65152409999996
12.908471 77.59914290000006
12.8905253 77.65378080000005
12.9086432 77.65094780000004
12.8891625 77.590776
12.8008675 77.66165219999993
12.9074667 77.57923289999997
12.8441699 77.66132370000003
12.8967561 77.51935460000004
12.9081331 77.63626969999996
12.8928101 77.63362370000004
12.8906164 77.59361319999994
12.8794881 77.50317640000003
12.9096926 77.57420290000005
12.9115538 77.52055840000003
12.9106386 77.64513720000002
12.9021262 77.58546369999999
12.9081808 77.55969099999993
12.8902899 77.51890030000004
12.8533714 77.66065690000005
12.9162902 77.55939690000002
12.9149738 77.59988759999999
12.9142089 77.51802350000003
12.9123529 77.56372850000002
12.9211513 77.58984299999997
12.9262478 77.5134385
12.930292 77.48866840000005
12.923216 77.61228400000005
12.930558 77.62776899999994
12.9222364 77.55549350000001
12.9315871 77.61301589999994
12.9279317 77.4973635
12.9266909 77.49672310000005
12.9304269 77.62920639999993
12.9251135 77.59058460000006
12.9172817 77.58810919999996
12.9209052 77.58491279999998
12.9223786 77.62485049999998
12.9232701 77.56378330000007
12.9301864 77.58335469999997
12.9210639 77.51904609999997
12.9250759 77.59507329999997
12.9203152 77.58254439999996
12.9281908 77.62760409999999
12.9308118 77.63212060000001
12.9204454 77.58279249999998
12.922179 77.56157780000001
12.9123807 77.63015910000001
12.9154975 77.47537809999994
12.9360539 77.57673
12.9375616 77.61837969999999
12.9320409 77.62968990000002
12.947617 77.56580699999995
12.9324255 77.53470949999996
12.9366764 77.6191126
12.933062 77.51366619999999
12.9469505 77.59518789999993
12.9375446 77.62117280000007
12.9499104 77.58266040000001
12.968211 77.65139599999998
12.970083 77.63337090000005
12.9675657 77.64223229999993
12.9685805 77.63040039999998
12.9755177 77.63213810000002
12.9242923 77.65102920000004
12.9510173 77.64206820000004
12.9884047 77.61421419999999
12.9830108 77.57668680000006
12.993638 77.59477019999997
12.9946148 77.64087180000001
12.9810509 77.63758800000005
12.9705029 77.6506885
13.0360905 77.60933499999999
13.0183585 77.66203799999994
13.0181596 77.65088860000003
12.977102 77.674036
12.9702648 77.66642409999997
12.9629026 77.6373271
12.987162 77.73582299999998
12.9873151 77.71510790000002
12.9778595 77.76119689999996
12.9261621 77.66558050000003
12.9233143 77.68318290000002
12.9244018 77.67759109999997
12.9252237 77.67080250000004
12.9724721 77.6579319
12.9533426 77.65573010000003
12.9432168 77.62582410000005
12.944034 77.56762900000001
12.959848 77.40980409999997
12.9397 77.47387230000004
12.9376329 77.57035759999997
12.93263 77.57711489999997
12.9345746 77.58037579999996
12.9293166 77.49560919999999
12.9826717 77.47701860000006
13.0819263 77.40248939999992
13.1327413 77.56350339999995
13.1356159 77.56329989999995
12.8157303 77.74400360000004
