12.9769063 77.59187040000006
12.950591 77.58034199999997
12.975333 77.60361699999999
12.9801498 77.58862720000002
12.9670367 77.56963489999998
12.956766 77.58197799999994
12.9562374 77.58114320000004
12.9789324 77.57007120000003
12.9796111 77.60709480000003
12.982479 77.61194899999998
12.9665009 77.61031600000001
12.9724597 77.57017880000001
12.9525351 77.5434646
12.976133 77.54746699999998
12.9798847 77.56268150000005
12.958714 77.563534
12.9537438 77.5719269
12.9679881 77.57449780000002
12.979135 77.57563400000004
12.978578 77.54185499999994
12.959602 77.565112
12.964496 77.55188799999996
12.9507475 77.60279270000001
12.9552787 77.5828497
12.9719636 77.52805590000003
12.970019 77.5250016
12.9505796 77.54728810000006
12.975841 77.54004499999996
12.962231 77.55906400000003
12.9744572 77.55340619999993
12.9805341 77.59713290000002
12.966177 77.52396099999999
12.970053 77.580197
12.9520249 77.60869170000001
12.9695684 77.53346260000001
12.968871 77.52321699999993
12.9699372 77.60899979999999
12.968189 77.52229899999998
12.9729464 77.52547660000005
12.959815 77.54034100000001
12.9817484 77.53223580000008
12.9692441 77.54155079999998
12.9720107 77.53351229999998
12.957891 77.563579
12.9667955 77.53305260000002
12.96422 77.53169700000001
12.957891 77.56357300000002
12.953608 77.55050099999994
13.0054893 77.62804589999996
12.9284383 77.58446359999994
13.0162813 77.57055489999993
13.04248 77.52010999999993
13.016108 77.49894100000006
13.056068 77.60879499999999
13.042906 77.51315
13.0217802 77.55524880000007
12.9900199 77.60689179999997
12.945574 77.59576130000005
12.9310785 77.68463459999998
12.9543607 77.64224630000001
12.9304407 77.62253609999993
12.9338496 77.60417370000005
12.9855883 77.73827080000001
13.0495204 77.50749380000002
12.9721737 77.645534
12.9849015 77.73328049999998
13.0376743 77.55271700000003
12.9500981 77.64222889999996
12.9848152 77.73287149999999
12.9415809 77.56525480000005
12.9504175 77.64440149999996
13.031735 77.5649694
12.946481 77.59808799999996
13.0316182 77.56594419999999
12.9917141 77.65139309999995
13.0278408 77.57102529999997
12.9341763 77.62396569999999
12.9863648 77.58200119999992
12.9343859 77.53565349999997
13.02404 77.56431610000004
12.9841697 77.64860610000005
13.0577327 77.5882765
12.9334627 77.69371389999992
13.019067 77.59928300000001
12.927429 77.57658850000007
12.9863311 77.74423330000002
13.0414189 77.61571589999994
12.9966324 77.49613829999998
12.993583 77.53427399999998
13.0192812 77.52038579999999
12.9300717 77.61500180000007
12.93182 77.59158300000001
13.01039 77.53829599999995
13.0199816 77.67458710000005
12.9664355 77.61454679999997
13.0237682 77.56408009999996
12.996353 77.52290700000003
12.94096 77.68958329999998
12.9323984 77.55995310000003
12.94474 77.56110999999999
13.026183 77.62611700000002
12.9850596 77.54266659999996
12.9765406 77.66613869999992
12.9867737 77.52136280000002
13.002815 77.55692700000009
12.9906226 77.5471513
13.0371364 77.55329180000001
13.0288623 77.55810139999994
12.9438981 77.60680120000006
13.039662 77.62408300000004
13.015541 77.61781599999995
12.986968 77.533544
13.03992 77.57633599999997
13.0317606 77.55362779999996
12.9409449 77.59274879999998
13.0104962 77.69300369999996
12.993269 77.55769899999996
12.9898415 77.60575240000003
12.9929631 77.52872849999994
12.988589 77.60258799999997
12.990927 77.53688299999999
13.006817 77.53866500000004
13.0322825 77.60416959999998
12.9915783 77.7303379
12.943024 77.61782300000004
13.0336218 77.52853970000001
12.9458155 77.5934244
13.0929284 77.58385150000004
13.059789 77.59333700000002
13.098176 77.59621300000003
13.0456216 77.6265621
13.088004 77.582
13.0556301 77.64733479999995
13.068175 77.60534899999993
13.0784071 77.57863099999997
13.102207 77.59965799999998
13.100391 77.59978999999998
13.0548622 77.60334089999992
13.073561 77.55698699999994
13.087944 77.54389400000002
13.0850196 77.48329999999999
13.1286221 77.58811000000003
13.076126 77.43447800000001
13.0275126 77.56144169999993
13.028878 77.57900999999993
12.9875495 77.60205380000002
13.0069686 77.63612149999994
12.9847361 77.60176079999997
12.9692842 77.72321050000005
12.963772 77.50135899999998
13.0517372 77.68600689999994
13.009197 77.52509299999997
13.009765 77.525396
13.028087 77.51207999999997
13.0348525 77.55755449999992
13.022645 77.55913599999997
13.0041523 77.53599929999996
13.022345 77.55565899999999
13.010246 77.50066600000002
12.98636 77.60205199999996
12.8922182 77.60056609999992
12.9093236 77.56699159999994
12.8792857 77.54483499999992
12.8625937 77.5848671
12.874108 77.57917299999997
12.8665232 77.53474540000002
12.9256471 77.56494210000005
12.8389124 77.65450729999998
12.9187497 77.59161289999997
12.8397369 77.65701289999993
12.9092922 77.56759639999996
12.8863474 77.59634260000007
12.9215377 77.62051150000002
12.9167703 77.56103200000007
12.9236256 77.49596799999995
12.8938309 77.60252630000002
12.778094 77.77086759999997
12.909305 77.61157100000003
12.910474 77.48417799999993
12.920651 77.61060799999996
12.920116 77.52611300000001
12.920155 77.61691399999995
12.9140295 77.67794789999994
12.900815 77.60346100000004
12.775188 77.76995299999999
12.798513 77.50738799999999
12.869617 77.65978760000007
12.882439 77.565831
12.900258 77.64542200000005
12.9257491 77.5156366
12.797593 77.71703300000001
12.8788762 77.56748570000002
12.883897 77.60774500000002
12.874108 77.57917299999997
12.88672 77.56762800000001
12.894455 77.653006
12.847705 77.64853300000004
12.874108 77.57917299999997
12.859895 77.58745899999997
12.8955181 77.63340169999992
12.88363 77.60783700000002
12.895537 77.63304500000004
12.8758544 77.59559469999999
12.879373 77.564842
12.8949344 77.63390090000007
12.892646 77.67392089999998
12.89685 77.63111300000003
12.895957 77.54873700000007
12.8752071 77.56989240000007
12.889877 77.59160700000007
12.870165 77.657779
12.8490972 77.66415600000005
12.8720762 77.65235519999999
12.9162269 77.61352520000003
12.921671 77.616625
12.9190026 77.58932729999992
12.898694 77.57642599999997
12.900694 77.60353599999996
12.8296276 77.58982930000002
12.899746 77.60122799999999
12.915056 77.56773599999997
12.9289383 77.58448269999997
12.932727 77.53973799999994
12.9269258 77.57066220000002
12.899879 77.60312799999997
12.933684 77.59101599999997
12.8613425 77.77597190000006
12.919487 77.56900100000007
12.9274261 77.57066080000004
12.902817 77.57358399999998
12.9135213 77.58656500000006
12.906836 77.67555270000003
12.8074674 77.66295919999993
12.899944 77.60455100000001
12.918967 77.564123
12.917243 77.57826299999999
12.9369633 77.56234829999994
12.9107631 77.56685370000002
12.9186942 77.58352680000007
12.86191 77.77187300000003
12.909533 77.57142399999998
12.935711 77.61395900000002
12.9052231 77.62763059999997
12.932002 77.56489399999998
12.897057 77.57205699999997
12.804409 77.783459
12.9226699 77.58606880000002
12.9310472 77.58884089999992
12.9285 77.55152799999996
12.905915 77.60401879999995
12.8147764 77.67355709999993
12.9285751 77.59512389999998
12.900137 77.58835199999999
12.9160259 77.61736380000002
12.793841 77.77883900000006
12.784976 77.77342899999996
12.94727 77.56157099999996
12.956854 77.74366399999997
12.9468343 77.59355479999999
12.955029 77.61420999999996
12.9402881 77.55110620000005
12.9439148 77.61043659999996
12.9468866 77.59077100000002
12.9400845 77.55337399999996
12.945068 77.54915000000005
12.9456009 77.6506594
12.9136033 77.5601643
12.9096219 77.5917624
12.908597 77.57056999999998
12.923254 77.60999300000003
12.919358 77.60798599999998
12.919014 77.59657100000004
12.938991 77.55287099999998
12.9378004 77.58487949999994
12.933727 77.61915099999999
12.932475 77.58955100000003
12.9340426 77.56611780000003
12.939479 77.58074020000004
12.925279 77.55349569999998
12.94569 77.54402900000002
12.9878107 77.60206389999996
12.973409 77.62856899999997
12.986174 77.53485799999999
12.9764399 77.62668510000003
12.9902517 77.60783800000002
12.9943855 77.59748560000003
13.00505 77.55878299999995
13.002727 77.56158299999993
12.9934465 77.5739304
13.002896 77.538454
13.0148361 77.5707668
12.983553 77.61133300000006
12.989028 77.53317300000003
12.9880479 77.55969260000006
12.996636 77.52268200000003
13.000501 77.52508769999997
12.9949251 77.52191570000002
12.9992818 77.52399880000007
12.9966206 77.52271100000007
13.0365102 77.55337029999998
13.0369642 77.55329219999999
13.0620916 77.45850989999997
13.0423301 77.55710859999999
13.0411805 77.54600289999996
13.0355257 77.56063710000001
13.039823 77.613743
13.0301365 77.61089300000003
12.9919098 77.71594270000003
13.025749 77.56327540000007
13.011113 77.52033400000005
13.023337 77.55565890000003
13.018104 77.519858
13.0263768 77.56176329999994
13.0108704 77.6400013
13.0256872 77.55732250000005
13.028486 77.51971800000001
13.020354 77.70777269999996
13.0222267 77.5558714
13.093364 77.39515099999994
13.0249392 77.56002079999996
13.021004 77.685205
13.0091371 77.65012960000001
13.0141359 77.64722440000003
13.019135 77.69272419999993
12.9769638 77.72623299999998
12.974845 77.72179729999993
12.9438093 77.69255520000002
12.9764018 77.67457769999999
12.9737321 77.6696849
12.9458714 77.59365200000002
12.947231 77.59746399999995
12.9458835 77.593527
