12.9698 77.57548299999996
12.9641966 77.5776012
12.9608787 77.57945300000006
12.973341 77.60379499999999
12.9656 77.60273299999994
12.9673791 77.60192600000005
12.9797425 77.60348640000007
12.9536458 77.59313640000005
12.9762859 77.57765789999996
12.97595 77.60451699999999
12.9633297 77.60671060000004
12.977209 77.542104
12.9646306 77.5972418
12.965321 77.58487600000001
12.964373 77.54225799999995
12.967619 77.57873500000005
12.9641001 77.57761449999998
12.9605126 77.59469749999994
12.9736952 77.60647749999998
12.963703 77.59122920000004
12.9672505 77.59939020000002
12.9545188 77.57323980000001
12.9609733 77.57921169999997
12.968667 77.57708300000002
12.96901 77.58031840000001
12.9666846 77.60866120000003
12.965782 77.61428799999999
12.9646725 77.57156480000003
12.9682247 77.57839149999995
12.9633889 77.57381940000005
12.9636283 77.57740530000001
12.9701079 77.57865790000005
12.9652979 77.58413730000007
12.9691987 77.57860419999997
12.9631177 77.60589230000005
12.9686246 77.57919629999992
12.9647866 77.60711760000004
12.955183 77.591767
12.957182 77.59599000000003
12.9593864 77.52790460000006
12.9678741 77.57871249999994
12.9701576 77.6004481
12.9633899 77.57824849999997
12.975083 77.60495000000003
12.9717468 77.59568450000006
12.956633 77.59241700000007
12.9579365 77.52609519999999
12.9614477 77.57400929999994
12.963743 77.606405
12.975212 77.59960000000001
12.9679078 77.60148549999997
12.9570351 77.56383359999995
12.9613921 77.59448240000006
12.9782757 77.59844859999998
12.9673956 77.60842969999999
12.9629472 77.57609130000003
12.9672576 77.57058039999993
12.9733209 77.60561529999995
12.969012 77.57513649999999
12.958867 77.53578300000004
12.9718857 77.59826309999994
12.9559571 77.58060840000007
12.9570434 77.58916440000007
12.9577071 77.58233710000002
12.961633 77.52051290000009
12.9619335 77.5209135
12.966478 77.57659799999999
12.963992 77.59670299999993
12.957267 77.58614999999998
12.9788389 77.59975310000004
12.9732667 77.58011549999992
12.9698204 77.60661449999998
12.959602 77.53464800000006
12.972683 77.59911699999998
12.955212 77.57432700000004
12.9674579 77.59960209999997
12.95756 77.58121000000006
12.9594245 77.59468119999997
12.9701983 77.57979999999998
12.972884 77.60238700000002
12.9689024 77.60031149999998
12.9731451 77.56596569999999
12.9789 77.53906699999993
12.9719702 77.58062789999997
12.9744102 77.61470140000006
12.9715076 77.59639800000002
12.974219 77.61433099999999
12.9544008 77.59265540000001
12.97515 77.61456699999997
12.9692345 77.536518
12.9730092 77.61124670000004
12.97142 77.59701199999995
12.973683 77.57946700000002
12.9678497 77.59668510000006
12.96553 77.53453000000002
12.958594 77.53572110000005
12.973567 77.59936700000003
12.9697606 77.6133979
12.959043 77.56838300000004
12.974531 77.61427300000003
12.967591 77.61119800000006
12.946315 77.59716800000001
12.950249 77.59743100000003
12.9715987 77.59456269999998
12.945755 77.57125500000006
12.943595 77.56782299999998
12.949296 77.59895830000005
12.9519798 77.5775615
12.9472 77.56893300000002
12.9467135 77.57142850000002
12.947254 77.56860400000005
12.9457214 77.53865840000003
13.008076 77.68321800000001
12.9392216 77.62556970000003
12.9696632 77.64878539999995
12.9225493 77.62273570000002
12.924124 77.58494399999995
12.985087 77.60565159999999
12.921175 77.61323600000003
12.9312824 77.69151920000002
12.9274666 77.62173480000001
13.0206611 77.55607099999997
12.923341 77.62452589999998
12.9969527 77.69621800000004
12.9203804 77.55987970000001
12.9723932 77.63561729999992
12.9312828 77.69149730000004
12.9356101 77.69373399999995
12.9727046 77.63524310000003
12.9218584 77.6203137
12.960633 77.66692369999998
