12.967621 77.600056
12.968339 77.60043240000005
12.967737 77.53591400000005
12.952263 77.59571600000004
12.96874 77.59720800000002
12.9689642 77.57124490000001
12.9524446 77.5801113
12.9715987 77.59456269999998
12.973206 77.57270700000004
12.982169 77.61214599999994
12.966617 77.60888299999999
12.957504 77.56203299999993
12.9686651 77.57364210000003
12.9675385 77.60619139999994
12.964183 77.53803300000004
12.969983 77.54604999999992
12.972567 77.60713299999998
12.9817056 77.60429539999996
12.957302 77.56990300000007
12.975505 77.53428299999996
12.959885 77.54626299999995
12.977967 77.53893300000004
12.9722735 77.54408289999992
12.9571468 77.52811129999998
12.972697 77.60862109999994
12.9715987 77.59456269999998
12.9606125 77.59801300000004
12.9782144 77.54263309999999
12.96998 77.53270599999996
12.9675548 77.60619569999994
12.9566776 77.51843689999998
12.9591798 77.52379329999997
12.956933 77.56243300000006
12.9566893 77.51862329999994
12.9586469 77.52784680000002
12.9666174 77.59867669999994
12.9623158 77.6047155
12.972962 77.52903800000001
12.9581141 77.53477759999998
12.969975 77.57681300000002
12.9659643 77.59370969999998
12.9602281 77.53039230000002
12.969556 77.52475600000002
12.970283 77.60666700000002
12.968633 77.57413300000007
12.9640721 77.53496280000002
12.9708868 77.53703599999994
12.978217 77.54256699999996
12.9712481 77.57197129999997
12.956632 77.52898400000004
12.952267 77.57786699999997
12.959016 77.54629599999998
12.9701316 77.53653589999999
12.9626487 77.52342380000005
12.9579983 77.56336390000001
12.9559774 77.57443609999996
12.9712769 77.571867
12.9594774 77.58297449999998
12.975767 77.53396699999996
12.9680002 77.53014699999994
12.972804 77.57200999999998
12.9511205 77.60382770000001
12.955456 77.53059200000007
12.9637099 77.5347792
12.9645319 77.53078740000001
12.9690412 77.5850901
12.953482 77.54069700000002
12.958497 77.57792900000004
12.9710227 77.54270689999998
12.9538467 77.54770009999993
12.964167 77.53033140000002
12.9618299 77.5210065
12.95821 77.55915200000004
12.973958 77.57091200000002
12.963315 77.534672
12.9545953 77.54982150000001
12.9733018 77.57752040000003
12.9666143 77.59863429999996
12.960937 77.53077099999996
12.9754958 77.54167789999997
12.9683907 77.57028130000003
12.959183 77.52364999999998
12.964862 77.61313100000007
12.9667707 77.59259259999999
12.972777 77.57710199999997
12.966367 77.57870000000003
12.9633081 77.5774629
12.9701833 77.60980970000003
12.9669733 77.53552860000002
12.973573 77.60315000000003
12.9703405 77.57084729999997
12.974667 77.5747
12.964933 77.54298300000005
12.9789554 77.57483760000002
12.972 77.57458099999997
12.967533 77.575017
12.96021 77.57484
12.9790519 77.57939669999996
12.9655478 77.60244720000003
12.9761848 77.526117
12.9679709 77.5723729
12.953507 77.58140400000002
12.9715987 77.59456269999998
12.9779165 77.57396500000004
12.967478 77.59993099999997
12.958683 77.53551700000003
12.9761822 77.52609189999998
12.98167 77.60430580000002
12.9715384 77.60670099999993
12.9783826 77.54264749999993
12.961179 77.59833400000002
12.9824757 77.60444860000007
12.966626 77.59429580000005
12.9720408 77.57678080000005
12.9681917 77.56897959999992
12.975369 77.57624399999997
12.972167 77.60114999999996
12.964712 77.57370330000003
12.973414 77.53750500000001
12.961006 77.57484999999997
12.9720044 77.6126127
12.9797994 77.53828810000005
12.9698964 77.53263379999999
12.9557134 77.5673329
12.9758676 77.56055500000002
12.9604498 77.59810519999996
12.9525299 77.56981359999997
12.9715354 77.57649760000004
12.9715987 77.59456269999998
12.9653697 77.52332890000002
12.958965 77.58978400000001
12.96781 77.57069200000001
12.9767296 77.57987520000006
12.964712 77.57370330000003
12.9604506 77.60143459999995
12.980168 77.55387399999995
12.962614 77.57624299999998
12.967183 77.57823299999995
12.9715987 77.59456269999998
12.9715987 77.59456269999998
12.967733 77.574883
12.96025 77.53076699999997
12.96545 77.61033299999997
12.981297 77.61070500000005
12.973474 77.57955900000002
12.966543 77.58147120000001
12.965833 77.59038299999997
12.9679472 77.60030389999997
12.968933 77.57404999999994
12.9660041 77.57361530000003
12.9715987 77.59456269999998
12.971599 77.594563
12.9600649 77.53105499999992
12.969149 77.521119
12.973817 77.55016699999999
12.976029 77.53250200000002
12.9823629 77.60251640000001
12.972588 77.53596800000003
12.961069 77.57514800000001
12.967269 77.54478530000006
12.95745 77.58251700000005
12.9572388 77.56771370000001
12.9789554 77.57483760000002
12.963738 77.59237699999994
12.9691825 77.57784749999996
12.9719029 77.57035470000005
12.982813 77.60912800000006
12.959333 77.58823299999995
12.968633 77.57413300000007
12.9715987 77.59456269999998
12.961867 77.59198300000003
12.97175 77.52691700000003
12.961454 77.52042200000005
12.967549 77.57439799999997
12.95205 77.52351699999997
12.982165 77.56769299999996
12.979217 77.53421700000001
12.9571454 77.57036760000005
12.9715987 77.59456269999998
12.982416 77.55992500000002
12.9715987 77.59456269999998
12.9706 77.57843300000002
12.968867 77.545617
12.9662073 77.57650409999997
12.980467 77.55393300000003
12.9737905 77.56104819999996
12.98075 77.55836699999998
12.952587 77.53936899999997
12.971167 77.58043299999997
12.9715987 77.59456269999998
12.9715987 77.59456269999998
12.9509448 77.57144670000002
12.973873 77.52712250000002
12.980533 77.54700000000003
12.9582918 77.58638470000005
12.9673 77.586183
12.9715987 77.59456269999998
12.9628445 77.54832820000001
12.9712135 77.56123279999997
12.9662073 77.57650409999997
12.968283 77.582133
12.972609 77.57013899999993
12.968567 77.57436699999994
12.967941 77.56247899999994
12.957138 77.56969930000002
12.964451 77.57280100000003
12.9707912 77.57828900000004
12.967317 77.54186700000002
12.968567 77.57303300000001
12.9701746 77.57978909999997
12.9722 77.57888300000002
12.96336 77.58373000000006
12.9680563 77.57826260000002
12.970583 77.58238299999994
12.968992 77.57368999999994
12.957733 77.55921699999999
12.9700365 77.58397109999999
12.9710172 77.57523630000003
12.966781 77.57517600000006
12.972017 77.57451700000001
12.967705 77.57437700000003
12.9683 77.575783
12.9657322 77.5806652
12.969467 77.58356700000002
12.969123 77.58381800000006
12.956989 77.56373299999996
12.95816 77.57763
12.9704899 77.57351419999998
12.9714465 77.57850009999993
12.9713482 77.58053749999999
12.9675161 77.57197199999996
12.961647 77.57760200000007
12.9724211 77.55282280000006
12.964712 77.57370330000003
12.9591766 77.57961810000006
12.9700241 77.57511190000002
12.972073 77.572814
12.9711693 77.57755199999997
12.9609818 77.55047590000004
12.9715426 77.58043010000006
12.9569886 77.56373289999999
12.969917 77.57026700000006
12.968385 77.53693299999998
12.969067 77.573983
12.9704862 77.5562367
12.956983 77.56970000000001
12.967383 77.541833
12.9691997 77.55917390000002
12.9577859 77.55464899999993
12.971956 77.53811700000006
12.956383 77.576233
12.96661 77.57350500000007
12.9611294 77.5752367
12.9675161 77.57197199999996
12.971684 77.55440999999996
12.9579332 77.5676406
12.95927 77.567184
12.9643532 77.5542236
12.9722 77.57265000000007
12.959533 77.53646700000002
12.970196 77.57164979999993
12.9680378 77.54410430000007
12.9588 77.55926699999998
12.956467 77.58298300000001
12.9649855 77.55466009999998
12.962346 77.57756399999994
12.970183 77.57156699999996
12.9652802 77.5679907
12.9580437 77.56748909999999
12.963233 77.56748300000004
12.958016 77.56650200000001
12.9682247 77.57130589999997
12.9713769 77.55548350000004
12.96425 77.54263300000002
12.968817 77.57108300000004
12.958846 77.56594700000005
12.9664133 77.5817518
12.9688363 77.56834909999998
12.964712 77.57370330000003
12.9565923 77.5521579
12.9652087 77.56553209999993
12.9587213 77.55626770000003
12.9695446 77.54571899999996
12.9622508 77.57612180000001
12.956548 77.58284200000003
12.9675161 77.57197199999996
12.9714919 77.55487199999993
12.9707555 77.58056850000003
12.971956 77.53811700000006
12.966148 77.55148710000003
12.9572779 77.55352429999994
12.964474 77.55429000000004
12.9622701 77.57612240000003
12.959094 77.56719799999996
12.9573125 77.5728279
12.970927 77.540978
12.9666706 77.58117820000007
12.958333 77.54611699999998
12.956989 77.56373299999996
12.9594289 77.58291400000007
12.960224 77.54616699999997
12.9609 77.55033300000002
12.958713 77.56346800000006
12.958224 77.55914200000007
12.9627648 77.57643919999998
12.9603003 77.54555870000002
12.9707744 77.55549529999996
12.9570847 77.56431240000006
12.9677281 77.57363809999993
12.9719491 77.5767363
12.959869 77.54210599999999
12.969481 77.584026
12.960133 77.54814999999996
12.9691774 77.58404109999992
12.970507 77.54900999999995
12.9709247 77.56192490000001
12.958527 77.53921600000001
12.9675161 77.57197199999996
12.9674868 77.57432819999997
12.9637812 77.55394530000001
12.97205 77.58086700000001
12.9718016 77.54695149999998
12.9590481 77.56195070000001
12.9711449 77.57174570000006
12.9610935 77.54250200000001
12.9652528 77.55422429999999
12.9648751 77.57689830000004
12.969149 77.55436129999998
12.957037 77.55003099999999
12.967675 77.57365049999999
12.964352 77.57041000000004
12.9678241 77.54084899999998
12.9681175 77.53852929999994
12.9654593 77.57693859999995
12.9707555 77.58056850000003
12.963433 77.55799999999999
12.96485 77.53936099999999
12.970867 77.53706699999998
12.9623566 77.5654882
12.9646594 77.5664511
12.9627892 77.55775140000003
12.9631035 77.54812609999999
12.9643209 77.55130199999996
12.9655417 77.5547808
12.9604746 77.55927759999997
12.9624152 77.56510909999997
12.960783 77.54898300000002
12.9642021 77.55337140000006
12.9641164 77.55062509999993
12.96561 77.55500119999999
12.9630969 77.56764199999998
12.9654893 77.56667379999999
12.9607125 77.54887859999997
12.9669139 77.55407009999999
12.9642791 77.54886119999992
12.964333 77.55258000000003
12.962775 77.56620599999997
12.960419 77.561643
12.9661751 77.55257200000005
12.9738628 77.61581669999998
12.9495549 77.58017859999995
12.9546668 77.6158312
12.9481933 77.59718659999999
12.95459 77.61519899999996
12.971191 77.61477450000007
12.9486662 77.54837040000007
12.973767 77.61568299999999
12.9490989 77.5762618
12.991543 77.59384999999997
13.0001821 77.56783819999998
13.003368 77.57127500000001
13.00675 77.53528189999997
13.01368 77.58360160000007
12.991917 77.588617
12.998356 77.54070899999999
12.9865045 77.59581860000003
12.9975818 77.55117519999999
13.0025411 77.55005170000004
12.9911126 77.57617010000001
12.99755 77.55113299999994
12.9849583 77.59712250000007
13.000883 77.56831699999998
12.990372 77.57380799999999
13.0080022 77.54410289999998
12.984533 77.60078299999998
12.996367 77.52946700000007
13.0058 77.55531700000006
12.9867162 77.57960600000001
12.996067 77.571417
12.9904795 77.55606660000001
12.992233 77.59384999999997
13.001767 77.57304999999997
13.001008 77.56397140000001
13.0018163 77.53631389999998
12.987304 77.54996899999992
12.99525 77.533233
12.9866587 77.58221120000007
13.00623 77.57210299999997
12.988067 77.60616700000003
12.998307 77.54259479999996
12.99125 77.59378300000003
12.996184 77.57391499999994
12.9992086 77.55189210000003
13.0146629 77.51715390000004
13.0081149 77.54578300000003
13.004296 77.53563910000003
12.9976033 77.58204279999995
12.998989 77.57612300000005
13.0008687 77.59936319999997
12.9930833 77.5786766
12.9972009 77.57126840000001
12.9994177 77.55082689999995
12.9904723 77.60722469999996
13.0077373 77.56402300000002
13.0007382 77.5208106
12.9849021 77.55692120000003
12.9963603 77.54630369999995
12.997548 77.57882999999993
12.9957289 77.54187909999996
12.986385 77.55578530000003
13.000158 77.56942570000001
13.003156 77.57309869999995
12.988866 77.58692099999996
13.0092148 77.53843010000003
13.009133 77.53930000000003
12.9844052 77.55999299999996
12.9886284 77.54542830000003
13.0023735 77.5452378
12.99303 77.56638269999996
12.9998261 77.55278420000002
12.9957289 77.54187909999996
12.9979 77.60976699999992
13.0003 77.572183
12.9905797 77.57403260000001
12.999583 77.56026700000007
13.0059092 77.56988150000006
12.9974493 77.56032679999998
13.003989 77.55058940000004
12.998798 77.57430199999999
12.9862241 77.54934890000004
13.002007 77.57143700000006
12.984531 77.59702749999997
12.987936 77.54687899999999
12.999456 77.57422700000006
12.9978836 77.54076620000001
12.987933 77.53706699999998
12.9873306 77.54741709999996
13.001338 77.60244399999999
13.0076163 77.56405189999998
12.99824 77.56711999999993
13.005551 77.573669
12.9921362 77.58857089999992
12.9882155 77.55837329999997
12.9918392 77.56511699999999
12.987288 77.59887100000003
12.9904 77.57451700000001
13.003429 77.557007
12.994583 77.56643299999996
12.9855832 77.60737870000003
13.0094111 77.53936380000005
13.000638 77.57117800000003
12.98765 77.564483
12.9992381 77.56936840000003
13.0126947 77.54382399999997
12.997117 77.57243300000005
12.997033 77.60833300000002
12.9966032 77.58151279999993
12.98592 77.57935799999996
13.0028431 77.57387389999997
12.9854334 77.57924000000003
12.999009 77.57691169999998
13.0072338 77.54850069999998
12.9984325 77.60045119999995
13.0000231 77.55705160000002
12.998808 77.55546200000003
13.00574 77.54777999999999
12.992883 77.59021699999994
13.002766 77.57053900000005
13.001957 77.54449790000001
12.992517 77.59288300000003
12.987283 77.60633299999995
13.007933 77.59711700000003
12.99887 77.57345399999997
13.0020173 77.5683937
13.003963 77.55063100000007
12.9914 77.59401700000001
12.9991659 77.57113729999992
12.9862147 77.60201180000001
12.9981858 77.57149729999992
12.995604 77.60817960000008
13.0054391 77.57213479999996
12.9896463 77.59275530000002
13.0038926 77.5435162
13.01039 77.53829599999995
13.003816 77.56887299999994
12.989368 77.55585900000005
13.008635 77.54076399999997
13.004721 77.57071799999994
13.0077964 77.54736619999994
13.00905 77.53903300000002
12.998567 77.57316700000001
12.9966785 77.57565309999995
13.00201 77.54449999999997
13.012867 77.57441700000004
12.985239 77.60192899999993
12.988683 77.59353299999998
12.9882 77.60615000000007
12.987067 77.57899999999995
13.007167 77.59375
12.9973211 77.58178529999998
12.9991093 77.55019859999993
12.9911182 77.54964530000007
13.00413 77.55120999999997
12.9990325 77.57623979999994
13.0081415 77.56480770000007
12.989733 77.60913299999993
13.0000495 77.54121520000001
12.9844114 77.5538434
12.9891 77.54634999999996
13.002183 77.55283299999996
13.007683 77.59764999999993
13.00795 77.556467
12.9924975 77.5389447
12.995533 77.53991700000006
12.983833 77.55410000000006
13.0068157 77.57923989999995
12.9904318 77.55660469999998
12.999083 77.58008300000006
12.9924756 77.53154070000005
12.990683 77.59341700000004
12.989217 77.60216700000001
13.00595 77.55473299999994
13.003167 77.571283
12.987967 77.60606699999994
12.985933 77.603883
12.9969396 77.54041630000006
12.9972071 77.548361
12.9913843 77.55631040000003
12.9821604 77.60316519999992
12.9847611 77.60178919999998
12.9857522 77.52655030000005
12.9963588 77.57143129999997
13.00084 77.56392000000005
12.9995085 77.54059929999994
12.9854944 77.53692230000001
12.989367 77.60378300000002
12.984517 77.52805000000001
12.984283 77.60289999999998
13.00925 77.57898999999998
12.99439 77.57812000000001
12.998652 77.550835
12.992617 77.59283299999993
12.988187 77.60216500000001
12.985144 77.60067300000003
13.006094 77.55666399999996
12.9978869 77.55274409999993
12.983317 77.564933
12.994983 77.56386700000007
12.982117 77.604017
12.9850931 77.60785940000005
13.002508 77.59589800000003
13.0082416 77.54415859999995
12.9872132 77.55592709999996
12.996953 77.55124799999999
12.9892269 77.54618359999995
13.0005497 77.5653125
12.99886 77.57700599999998
13.0043173 77.565338
12.994917 77.57651699999997
12.988737 77.54714059999992
12.9912162 77.5662476
12.9919613 77.57082809999997
13.00002 77.56960000000004
13.00429 77.54437000000007
12.9953233 77.53913510000007
12.9919042 77.56789509999999
12.9893681 77.56021099999998
12.992667 77.57598299999995
12.9967892 77.56218509999997
13.0000034 77.56037620000006
12.996832 77.57833759999994
12.993683 77.56643299999996
12.996114 77.57403899999997
12.998727 77.55511139999999
12.9902949 77.57376810000005
12.9988274 77.54980060000003
12.990289 77.57453929999997
13.0031831 77.55022239999994
12.994086 77.57904899999994
12.99608 77.54792569999995
13.003062 77.56429300000002
13.001017 77.57378300000005
12.9884213 77.55869310000003
12.9959258 77.54814740000006
12.996267 77.56428299999993
12.9952623 77.57149430000004
12.9896752 77.5560696
12.9974115 77.55911360000005
13.0039988 77.54973519999999
12.9898493 77.55449840000006
13.0030606 77.56191339999998
13.0030868 77.57137450000005
12.9912753 77.58128490000001
12.9997356 77.55056130000003
13.0015336 77.54884100000004
12.9935524 77.54751069999998
12.9894265 77.54264710000007
12.9889767 77.56798630000003
12.9933178 77.55902609999998
13.0019208 77.57868329999997
12.991433 77.558583
12.9887382 77.54713249999998
12.9939584 77.55896600000005
13.0032022 77.57152580000002
12.999017 77.57498299999997
12.9983779 77.57840540000007
12.998967 77.58074999999997
12.9892174 77.56802549999998
12.9988267 77.55486960000007
12.9989021 77.56011820000003
12.996568 77.54040080000004
12.9933508 77.54705439999998
13.0008391 77.56393400000002
12.9905729 77.5745111
13.0038273 77.54994069999998
12.9986199 77.54256499999997
12.991533 77.558717
12.9940486 77.55685210000001
12.989608 77.53835700000002
12.9954263 77.57799160000002
12.9995539 77.55763030000003
12.9928755 77.54589699999997
13.003791 77.56141789999992
12.9897689 77.55423050000002
13.0004304 77.55796929999997
13.0029492 77.5565967
12.990307 77.57373259999997
13.0015879 77.55301510000004
12.9927647 77.55860430000007
13.000521 77.55546200000003
12.9996823 77.54026899999997
12.9998928 77.56020160000003
12.9970185 77.57271939999998
12.9955171 77.53971230000002
13.001591 77.56250899999998
12.9894583 77.54130809999992
12.9933818 77.56635349999999
12.9967147 77.57165859999998
12.9942737 77.55591909999998
12.9922342 77.56231109999999
13.0012517 77.55314769999995
12.9953233 77.53913510000007
12.9995805 77.56015539999999
12.9888176 77.56663249999997
13.0001857 77.55443409999998
12.9912256 77.56601090000004
12.9889995 77.5462245
12.9969396 77.54041630000006
13.0000796 77.55722029999993
12.9919411 77.54603050000003
13.003821 77.55292699999995
12.99835 77.57476700000007
12.9996981 77.58066680000002
12.9929228 77.56330690000004
12.993917 77.55711700000006
12.9886755 77.54716069999995
12.991283 77.56631700000003
12.9984458 77.54070990000002
12.9998999 77.55166639999993
12.9897931 77.55568130000006
12.9956219 77.57802919999995
12.9923358 77.57542450000005
12.9999902 77.51321170000006
12.990706 77.50497199999995
12.9998682 77.53222840000001
12.9880904 77.53538019999996
13.000433 77.53444999999999
12.992933 77.5303566
13.0041026 77.53557720000003
13.0036276 77.53572069999996
13.0001119 77.5041933
13.0003883 77.53438059999996
12.992763 77.53193199999998
12.989945 77.50521300000003
12.9897837 77.50580300000001
12.9887218 77.50538419999998
12.9923009 77.53431899999998
12.9999529 77.50419269999998
12.9898857 77.53747269999997
12.993612 77.52659700000004
13.0039524 77.51743469999997
13.0035803 77.50462349999998
12.9969317 77.52674100000002
12.9976886 77.54967490000001
13.0037662 77.53272830000003
12.9984628 77.55082549999997
12.9973786 77.55103919999999
12.9899032 77.54583130000003
12.988732 77.54775810000001
12.993346 77.54968199999996
12.9881632 77.53681269999993
12.9955324 77.53678020000007
12.9895869 77.53872639999997
12.9937872 77.54562099999998
13.0041337 77.54938419999996
12.9906069 77.5505885
13.0001224 77.53789759999995
13.0000688 77.50405419999993
13.0029024 77.5220018
13.0013 77.53648440000006
12.9879322 77.52761940000005
12.998169 77.54644099999996
12.9919555 77.53549399999997
12.9975912 77.54520430000002
13.0025356 77.53100169999993
12.9923009 77.53431899999998
13.0036822 77.55019160000006
12.9885569 77.54239710000002
12.9895693 77.50568190000001
12.9947049 77.55144040000005
12.990714 77.52599899999996
13.0001384 77.53337510000006
12.9993047 77.53068819999999
12.9943783 77.53963709999994
12.9885569 77.54239710000002
12.9948702 77.54576889999998
12.9985451 77.55098610000005
13.0011799 77.54736860000003
12.9976552 77.5341717
12.9973132 77.54837229999998
12.9892429 77.52706280000007
12.9995347 77.5505349
12.9927697 77.52575530000001
12.9892289 77.53095269999994
13.004161 77.53568369999994
12.996222 77.54816600000004
12.9944047 77.53960619999998
12.9998538 77.53952170000002
12.9889388 77.54247280000004
12.9964848 77.52949030000002
12.9974135 77.5487425
12.9890127 77.54600200000004
13.003853 77.54779200000007
12.9933586 77.5474342
12.988682 77.52705800000001
12.9981129 77.54627110000001
13.0001972 77.50423419999993
12.9999881 77.54121750000002
12.9997 77.55092579999996
12.99794 77.551106
13.0085113 77.49959220000005
13.0085113 77.49959220000005
12.9991113 77.50331189999997
12.987583 77.513867
12.9857851 77.48640189999992
12.9843137 77.55477940000003
12.9824332 77.55403209999997
12.987483 77.51870199999996
13.0089575 77.53951570000004
13.007328 77.56649100000004
12.9857167 77.54524859999992
13.0077857 77.54696230000002
13.00595 77.55473299999994
13.0116217 77.54431890000001
12.987267 77.56798300000003
12.9845434 77.55258140000001
12.986033 77.52195600000005
13.005524 77.55644200000006
13.0044401 77.55354260000001
12.9862667 77.55412060000003
12.9851029 77.52761720000001
12.98444 77.55475909999996
13.0087512 77.5263698
13.0063819 77.55764299999998
13.0060735 77.5415954
13.0085113 77.49959220000005
12.984267 77.52874999999995
12.9873871 77.51383970000006
13.0083263 77.54311759999996
13.0102 77.49592039999993
13.0135741 77.52092629999993
13.01229 77.54383000000007
13.0014425 77.49727029999997
12.987563 77.5130034
12.9827171 77.47881830000006
13.0040886 77.48783290000006
12.9989826 77.50320060000001
12.9862941 77.5581426
13.0124308 77.52147579999996
13.005367 77.55711700000006
12.9854846 77.52717860000007
13.0097874 77.52206760000001
12.990106 77.5031037
12.990106 77.5031037
13.0007395 77.50045499999999
12.9975455 77.49707839999996
12.9931016 77.48845519999998
12.9881469 77.4937612
12.992262 77.49424139999996
12.999263 77.50332600000002
12.9953377 77.49548119999997
13.0009812 77.49976629999992
12.9901015 77.50344999999993
12.9919199 77.48511580000002
12.9897464 77.47937320000005
12.992036 77.48551399999997
12.9938408 77.49464030000001
12.9999123 77.48716869999998
12.9962188 77.4897684
12.9944566 77.48890370000004
12.9919199 77.48511580000002
12.9810032 77.50693990000002
12.9819559 77.51075509999998
12.988009 77.47386899999992
12.981017 77.54278299999999
12.981402 77.53152599999999
12.9879619 77.47444829999995
12.981983 77.53261700000007
12.98617 77.53485699999999
13.01278 77.54386999999997
13.0082429 77.48461420000001
12.9855476 77.48818419999998
13.0075709 77.5225537
12.986641 77.49042899999995
13.0080812 77.48552919999997
13.0057968 77.54779029999997
12.9852935 77.48814500000003
12.9818029 77.53406270000005
12.9819807 77.48179619999996
13.008303 77.54288450000001
13.0091514 77.52516379999997
13.0064158 77.50385870000002
12.9876934 77.54542689999994
12.9872367 77.54709359999993
13.00611 77.54101200000002
12.9848302 77.4881537
12.9852611 77.48079099999995
13.009236 77.5058037
13.0065311 77.52548569999999
13.00788 77.54746
12.9840242 77.48196180000002
13.008301 77.54312099999993
13.0095231 77.50585899999999
13.010444 77.49437609999995
13.008812 77.51737070000001
12.9826478 77.5374071
13.011151 77.52214400000003
13.0080077 77.51801009999997
13.0072338 77.53123800000003
12.9851066 77.51423950000003
13.0064929 77.50356299999999
12.9812636 77.54292269999996
12.9850057 77.48733130000005
13.0071544 77.5269515
12.981402 77.53152599999999
12.9819568 77.5427611
13.0052307 77.54067910000003
13.0053554 77.5345532
13.0067948 77.52560310000001
12.987089 77.51962800000001
13.010151 77.50681899999995
12.9823548 77.53079409999998
12.98543 77.54704600000002
12.98785 77.53793300000007
13.0077313 77.50542080000002
13.0099357 77.52200449999998
12.9866626 77.47681779999994
12.9847 77.54743299999996
13.006702 77.52695019999999
13.0061153 77.54084940000007
13.0139145 77.49039240000002
13.0137725 77.51143769999999
13.0084944 77.49922590000006
12.9849063 77.48152970000001
12.9859005 77.48683830000004
13.0064547 77.50516760000005
12.984672 77.48805199999993
13.0095457 77.49191380000002
12.9866626 77.47681779999994
13.0087241 77.49877659999993
12.984675 77.48218599999996
13.0197605 77.65628579999998
13.018738 77.54607599999997
13.0009 77.61221699999999
13.0698556 77.64236010000002
12.997917 77.62071700000001
13.0266768 77.59703339999999
13.026867 77.57985000000008
13.02445 77.59171700000002
13.026213 77.58001999999999
13.0205722 77.63677759999996
12.995283 77.61085000000003
13.0249 77.60349999999994
13.0633752 77.59145639999997
13.040578 77.55445399999996
13.0246006 77.6369995
13.0081668 77.65216110000006
13.0235462 77.63472139999999
13.012784 77.62584300000003
13.0280562 77.5713528
12.9970185 77.61416120000001
13.0304287 77.63533410000002
13.02425 77.59654999999998
13.0092806 77.65654930000005
13.0230983 77.63096250000001
13.033433 77.61754999999994
13.020026 77.643281
12.998062 77.61520500000006
13.0126971 77.64769899999999
13.072867 77.55663299999992
13.0342329 77.5590727
13.002837 77.63482599999998
13.023874 77.59283700000003
13.0002919 77.61745799999994
13.0132411 77.64987689999998
13.0995828 77.58859310000003
13.1034917 77.57686480000007
13.0226223 77.64806399999998
13.0193793 77.64741090000007
13.024066 77.59705800000006
13.0125942 77.6426252
12.9952665 77.61124949999999
13.0426891 77.54984250000007
12.997833 77.62066700000003
13.0286927 77.5589483
13.0632632 77.59123410000007
13.0937324 77.58159079999996
13.072604 77.56627900000001
13.0269692 77.60419849999994
13.037883 77.56516699999997
13.0017457 77.6615918
13.066134 77.59802220000006
13.0493202 77.59713290000002
13.049433 77.59296700000004
13.0241983 77.65135029999999
13.0805732 77.55952730000001
13.0249565 77.55743009999992
13.025753 77.6274717
13.0398368 77.5934906
13.063083 77.57258300000001
13.0221 77.55898300000001
13.0724625 77.55638650000003
13.025711 77.55132720000006
13.0813881 77.58795710000004
13.0486485 77.56772180000007
13.0236195 77.5928437
13.069167 77.55686700000001
13.0019914 77.66150590000007
13.0924492 77.58635809999998
13.0431202 77.55190579999999
13.0229372 77.64836579999997
13.0010851 77.66183520000004
12.998642 77.61254400000007
13.0579914 77.5882335
13.047283 77.514317
13.0193365 77.65597419999995
13.0583516 77.54620339999997
12.9980553 77.62054
13.0208998 77.55593920000001
13.0249591 77.51822900000002
13.0308205 77.52252939999994
12.9980568 77.61501870000006
13.0426245 77.54952359999993
13.043933 77.57071700000006
13.0500369 77.64535279999996
13.026717 77.60631699999999
13.0270223 77.55821170000002
13.0281726 77.57049919999997
13.0198985 77.64332509999997
13.0288089 77.55878789999997
13.0322584 77.55818449999992
13.0728597 77.55655460000003
12.9963348 77.62121879999995
13.0340894 77.56003480000004
13.1042445 77.57131930000003
13.0756548 77.55812830000002
13.049283 77.50749889999997
13.0981485 77.56871449999994
13.0338203 77.5579884
13.0489923 77.5074439
13.0987838 77.57647659999998
13.0399062 77.55545170000005
13.0385293 77.62331180000001
13.103807 77.57000040000003
13.0941158 77.58145709999997
13.0527849 77.60411870000007
13.0222682 77.59295139999995
13.0678276 77.55692650000003
13.02733 77.57968779999999
13.0212151 77.5924397
13.0311491 77.57719870000005
13.0329705 77.59842040000001
13.0600435 77.57689430000005
13.1032899 77.61259719999998
13.0250587 77.59136949999993
13.0376858 77.55339839999999
13.0373343 77.6050166
13.0341832 77.55892610000001
13.030383 77.59326699999997
13.0174265 77.56399290000002
13.028974 77.60492069999998
13.0180805 77.5921601
13.0250973 77.58707660000005
13.09725 77.59583300000008
12.9950673 77.61621609999997
13.013987 77.65990699999998
13.0015026 77.63044190000005
13.0227209 77.55675589999998
13.022933 77.63668299999995
13.0310169 77.6352958
13.1214183 77.61810839999998
12.9971641 77.6172603
13.0472311 77.52000959999998
13.034297 77.62253899999996
13.0272046 77.58581400000003
13.013464 77.64970399999993
13.1003843 77.59580110000002
13.0227822 77.63736189999997
13.1003117 77.59516610000003
13.0555086 77.53457290000006
13.033659 77.56226900000001
12.9976151 77.62079940000001
13.015017 77.655483
13.0143655 77.64253589999998
13.034733 77.56801700000005
13.089583 77.55600000000004
13.0975556 77.59190760000001
13.0975708 77.5976475
13.099867 77.56690000000003
13.097452 77.59566300000006
13.101483 77.56684999999993
13.100347 77.59764799999994
13.082367 77.54836699999998
13.098883 77.59763299999997
13.0938926 77.58267260000002
13.09438 77.59701500000006
13.100201 77.580063
13.095885 77.59354899999994
13.0924749 77.59693800000002
13.0855669 77.55453469999998
13.08925 77.55623300000002
13.09845 77.57746700000007
13.1036772 77.58394420000002
13.079467 77.55956700000002
13.0781 77.55899999999997
13.075313 77.55772999999999
13.08925 77.55623300000002
13.0949962 77.57753330000003
13.0833 77.56011699999999
13.082917 77.55991700000004
13.0935764 77.58186580000006
13.0763101 77.55692650000003
13.0981694 77.56881339999995
13.075783 77.55783300000007
13.0848964 77.55921820000003
13.0956042 77.58494829999995
13.1019223 77.58633429999998
13.081183 77.56071700000007
13.082183 77.54893300000003
13.0970476 77.5784602
13.1068022 77.57630019999999
13.0951155 77.57981910000001
13.0818156 77.54757629999995
13.0938931 77.58116840000002
13.097083 77.57808299999999
13.076489 77.63357900000005
13.134708 77.66764799999999
13.043286 77.55681400000003
13.063217 77.58616699999993
13.0501507 77.59746589999997
13.0345991 77.5569524
13.0635761 77.5906152
13.040553 77.59064880000005
13.0448288 77.50923620000003
13.040746 77.553091
13.0391447 77.59930889999998
13.035167 77.59976699999993
13.0344364 77.55754309999998
13.046983 77.51299999999992
13.0331468 77.55518749999999
13.0383626 77.57399620000001
13.058133 77.58736699999997
13.033433 77.60468300000002
13.048933 77.56743299999994
13.0375 77.62328300000001
13.0342 77.56844999999998
13.037083 77.57453299999997
13.048877 77.54860600000006
13.039983 77.51838299999997
13.0448239 77.52183319999995
13.0347993 77.52837580000005
13.0416446 77.54403589999993
13.03713 77.56596200000001
13.0458247 77.51590250000004
13.0489369 77.55126339999993
13.0567915 77.51894579999998
13.042565 77.51991190000001
13.041164 77.618333
13.03365 77.60463299999992
13.04905 77.54721700000005
13.0502518 77.64579759999992
13.0342894 77.55781000000002
13.036517 77.56181700000002
13.043883 77.52085
13.037891 77.60861449999993
13.0405491 77.57737650000001
13.0463214 77.53614619999996
13.072717 77.56700000000001
13.0562209 77.5100754
13.061367 77.55183299999999
13.03899 77.62353699999994
13.042904 77.58099199999992
13.048817 77.51794999999993
13.0380756 77.52183909999997
13.039017 77.59903299999996
13.065033 77.50421699999993
13.0439 77.55341699999997
13.058817 77.58173299999999
13.050606 77.51184599999999
13.037784 77.57432330000006
13.044717 77.51098300000001
13.040976 77.563219
13.049717 77.50741700000003
13.035917 77.55730700000004
13.0341189 77.55624899999998
13.0490326 77.62951180000005
13.035617 77.61771699999997
13.036184 77.63997199999994
13.0340509 77.57390269999996
13.036167 77.59538299999997
13.045233 77.54906699999992
13.0499151 77.59904719999997
13.0496 77.60124999999994
13.03315 77.61869999999999
13.0419676 77.51630120000004
13.06315 77.58609999999999
13.047333 77.51993300000004
13.0552011 77.60084059999997
13.034934 77.568262
13.116516 77.57815759999994
13.0476609 77.54974730000004
13.1376034 77.60324689999993
13.044289 77.52100100000007
13.0626984 77.5591339
13.049251 77.60346030000005
13.0363084 77.53188520000003
13.060333 77.50405
13.0552939 77.53325169999994
13.0357867 77.557409
13.0604269 77.50212770000007
13.036083 77.56148299999995
13.057033 77.53283299999998
13.0465278 77.57578860000001
13.0344455 77.58871879999992
13.0632693 77.59129439999992
13.033067 77.61963300000002
13.041554 77.57247600000005
13.064104 77.593121
13.066531 77.59657500000003
13.033063 77.60882800000002
13.0564498 77.50704989999997
13.0581304 77.64378090000002
13.079628 77.49703299999999
13.0339151 77.57617949999997
13.0623425 77.5871032
13.0484841 77.50789380000003
13.132087 77.66430300000002
13.1101812 77.57998959999998
13.045227 77.549173
13.06615 77.60103300000003
13.0359272 77.6311594
13.0671862 77.55375260000005
13.064083 77.51791700000001
13.035017 77.60289999999998
13.0528058 77.5129296
13.0372951 77.60501249999993
13.066804 77.63905950000003
13.056862 77.50811769999996
13.1444581 77.56859989999998
13.0427721 77.52898299999993
13.069033 77.55716699999994
13.0361519 77.53188550000004
13.063583 77.58581700000002
13.073177 77.78675499999997
13.052975 77.51198720000002
13.0413421 77.55398349999996
13.0676219 77.56014529999993
13.0624773 77.64858570000001
13.06122 77.51926600000002
13.066977 77.56994899999995
13.066433 77.57026700000006
13.071383 77.52621699999997
13.109786 77.59544299999993
13.062014 77.64863600000001
13.068048 77.63032529999998
13.0737141 77.55441880000001
13.072617 77.52363300000002
13.062644 77.55902800000001
13.0631547 77.50535839999998
13.1084568 77.60378820000005
13.0685044 77.62842799999999
13.0637326 77.58328819999997
13.0715234 77.61856080000007
13.0645208 77.58206559999996
13.0724525 77.63352559999998
13.0691987 77.55960400000004
13.063985 77.50523699999997
13.0690602 77.56939220000004
13.066267 77.592983
13.066078 77.64072199999998
13.0669831 77.63613759999998
13.0751756 77.50131439999996
13.0720052 77.63378399999999
13.063 77.55905000000007
13.0615288 77.574705
13.073167 77.50298299999997
13.073119 77.50329080000006
13.0721169 77.63352090000001
13.06175 77.55894999999998
13.0718037 77.63324890000001
13.067518 77.63269259999993
13.0636 77.58310000000006
13.0440011 77.51310799999999
13.0433326 77.51493529999993
13.0416978 77.5158338
13.04445 77.51346699999999
13.043683 77.52101700000003
13.0369476 77.52049820000002
13.044867 77.51241700000003
13.0384593 77.50409510000009
13.042983 77.51351699999998
12.9916053 77.66393730000004
12.9936345 77.6665097
12.9935794 77.66724269999997
12.9255791 77.58630429999994
12.892208 77.58170310000003
12.891708 77.58176349999997
12.8906789 77.59722799999997
12.9115054 77.57404180000003
12.9730921 77.64757350000002
12.919041 77.59372099999996
12.883428 77.590145
12.9355122 77.59267810000006
12.9779648 77.64580139999998
12.8947298 77.60928660000002
12.9173385 77.67181630000005
12.9650948 77.64411470000005
12.9306048 77.5433739
12.8947996 77.60911280000005
12.9163147 77.59489929999995
12.9140864 77.54986069999995
12.9343044 77.62931939999999
12.9237091 77.63653999999997
12.9351487 77.56080470000006
12.931213 77.60810900000001
12.9386675 77.55266630000006
12.9626308 77.6422215
12.94727 77.56157099999996
12.9713805 77.62778789999993
12.913351 77.61012010000002
12.908162 77.64928450000002
12.9142635 77.6372695
12.92325 77.60016700000006
12.9366764 77.6191126
12.9256921 77.58610780000004
12.955883 77.71693299999993
12.9316556 77.62269590000005
12.931367 77.58346699999993
12.9239116 77.57060639999997
12.92825 77.59903299999996
12.911583 77.59886700000004
12.9326702 77.58386910000002
12.9524721 77.70616740000003
12.9240696 77.61470329999997
12.9697729 77.63072999999997
12.9273653 77.66935130000002
12.9343861 77.58977879999998
12.972167 77.61936700000001
12.95494 77.62044700000001
12.9363519 77.61471940000001
12.9606589 77.7137285
12.9604966 77.71725330000004
12.9815011 77.675432
12.9487649 77.70385499999998
12.9588955 77.70169409999994
12.968293 77.74951199999998
12.917571 77.59339939999995
12.9388 77.55286000000001
12.9089391 77.54877039999997
12.953478 77.62341400000003
12.9630872 77.70857469999999
12.917536 77.63194249999992
12.9210718 77.60228069999994
12.9697316 77.7497826
12.891183 77.59418299999993
12.892067 77.58079999999995
12.9710293 77.75036720000003
12.9049129 77.64444129999993
12.9359 77.59278300000005
12.9745391 77.67874949999998
12.9170013 77.58517630000006
12.9180735 77.5591776
12.896617 77.626217
12.920433 77.59738300000004
12.9701236 77.75012100000004
12.9229569 77.58576419999997
12.9247735 77.61497429999997
12.9328461 77.55644849999999
12.9010685 77.60120319999999
12.968233 77.65134999999998
12.8928091 77.61988339999994
12.9195751 77.66693989999999
12.9422304 77.57483760000002
12.974335 77.67855199999997
12.9582345 77.64126329999999
12.8983718 77.55845669999997
12.9339188 77.61611119999998
12.9157259 77.59513360000005
12.9435427 77.56423089999998
12.9254761 77.63732619999996
12.91044 77.60995000000003
12.961663 77.63566000000003
12.924083 77.55316700000003
12.977805 77.636615
12.9425139 77.62811740000006
12.9806106 77.67920249999997
12.9135249 77.60661010000001
12.922472 77.59105999999997
12.9066321 77.63079199999993
12.8896 77.60106700000006
12.9418471 77.55672920000006
12.9002523 77.62704889999998
12.9710214 77.71196629999997
12.8926444 77.61063779999995
12.920633 77.5924
12.9188951 77.59195590000002
12.9263 77.58584999999994
12.91392 77.58602999999994
12.9129629 77.6794741
12.9556729 77.71490470000003
12.9407684 77.54153569999994
12.9071371 77.64913550000006
12.9686919 77.64877649999994
12.9613885 77.63664919999997
12.8847377 77.54631310000002
12.9922303 77.70276030000002
12.945833 77.56626600000004
12.91685 77.59703300000001
12.9179 77.57781699999998
12.9206968 77.61074819999999
12.9923215 77.68025290000003
12.894883 77.60923300000002
12.889833 77.59791700000005
12.9104439 77.58183050000002
12.906467 77.63061700000003
12.9252133 77.56425109999998
12.913683 77.65183300000001
12.937033 77.57189199999993
12.910283 77.64916700000003
12.908479 77.58199200000001
12.947447 77.57162500000004
12.9917373 77.68012479999993
12.956967 77.70086700000002
12.9170387 77.55486539999993
12.9264932 77.64430570000002
12.9138732 77.58590679999998
12.9820225 77.6768763
12.927907 77.58233599999994
12.9179014 77.55970509999997
12.93032 77.5765275
12.9244293 77.56410290000008
12.9090024 77.60638449999999
12.9071514 77.6491605
12.936917 77.55878299999995
12.915467 77.63503300000002
12.8829251 77.58331509999994
12.9240726 77.5534149
12.8502734 77.65672629999995
12.924943 77.49920410000004
12.8651256 77.65796679999994
12.8546767 77.67033719999995
12.9214875 77.4840077
12.9728418 77.63575739999999
12.9604207 77.63722889999997
12.944767 77.56153300000005
12.9365045 77.63213389999999
12.940192 77.74702500000001
12.926832 77.58912220000002
12.9094921 77.56376
12.916872 77.60274959999992
12.9139631 77.60852890000001
12.9421712 77.54968789999998
12.9561879 77.66033349999998
12.9368588 77.57544289999998
12.9083536 77.60627180000006
12.9432479 77.54202370000007
12.9006789 77.65167829999996
12.93 77.57113300000003
12.923357 77.58607919999997
12.9226845 77.55313419999993
12.938074 77.6995048
12.925104 77.51813949999996
12.9327914 77.55641059999994
12.937033 77.56880000000001
12.9249992 77.54992870000001
12.9465027 77.60029929999996
12.9117808 77.60643849999997
12.9250136 77.51810790000002
12.9170357 77.64359460000003
12.922583 77.55846700000006
12.8896 77.60101699999996
12.90904 77.54907709999998
12.9161929 77.59489600000006
12.8854018 77.5824116
12.9179644 77.55702040000006
12.9464924 77.60032060000003
12.9417038 77.55620199999998
12.883333 77.58308299999999
12.9168525 77.5548162
12.9169392 77.5964808
12.909553 77.56413969999994
12.9131808 77.56246799999997
12.9330628 77.55680289999998
12.9089476 77.57765240000003
12.933311 77.54233539999996
12.9011025 77.56017210000005
12.905183 77.55766700000004
12.9064935 77.63072490000002
12.938223 77.54994850000003
12.9128937 77.61016859999995
12.9246094 77.55327799999998
12.9123757 77.60954379999998
12.910485 77.58916870000007
12.892367 77.572
12.9377171 77.57551250000006
12.9244524 77.54931020000004
12.9273993 77.55178780000006
12.9205327 77.51405419999992
12.9423248 77.58292759999995
12.9426079 77.56805669999994
12.8940145 77.56452480000007
12.9105169 77.52104359999998
12.927372 77.54535299999998
12.9430019 77.5932957
12.9425588 77.54777079999997
12.9263879 77.61674449999998
12.93273 77.55633510000007
12.9372463 77.62456150000003
12.910637 77.66341269999998
12.926252 77.5156839
12.9143631 77.60063850000006
12.944055 77.55440599999997
12.904684 77.64479000000006
12.930823 77.60646900000006
12.9062686 77.62790419999999
12.9255063 77.51672589999998
12.8843246 77.60997529999997
12.9080255 77.63245929999994
12.9298985 77.57118689999993
12.9240508 77.5533676
12.9236456 77.61920850000001
12.944283 77.55373299999997
12.896385 77.610907
12.9434449 77.54176600000005
12.9039727 77.62723649999998
12.9254579 77.56252330000007
12.9082487 77.55830859999992
12.8948638 77.60909579999998
12.8915956 77.61954070000002
12.9387448 77.55304339999998
12.9135301 77.58672439999998
12.918169 77.55923699999994
12.917099 77.63106379999999
12.9175324 77.59315620000007
12.9482838 77.70479869999997
12.9094608 77.56423829999994
12.9425506 77.69462720000001
12.9156268 77.56107799999995
12.9175735 77.63195500000006
12.9032669 77.57344020000005
12.9267124 77.56941890000007
12.9096596 77.55006419999995
12.9249511 77.57717860000002
12.9263602 77.55341120000003
12.9060182 77.54337959999998
12.9177565 77.57656299999996
12.9153014 77.56337329999997
12.911409 77.55390599999998
12.9274503 77.57707630000004
12.9024554 77.52006860000006
12.91655 77.56153300000005
12.908844 77.56399699999997
12.920101 77.57777299999998
12.922067 77.57794999999999
12.922895 77.546696
12.907233 77.56008299999996
12.908183 77.57296700000006
12.9136264 77.55877599999997
12.9214451 77.50925840000002
12.926603 77.561417
12.91118 77.57850069999995
12.9096024 77.57294630000001
12.905552 77.56271400000003
12.925411 77.56055800000001
12.9203758 77.55980879999993
12.9165009 77.5619054
12.925976 77.56169599999998
12.916883 77.55134999999996
12.927241 77.55623500000002
12.912833 77.573083
12.922452 77.56978000000004
12.9217473 77.54328099999998
12.926896 77.56744600000002
12.9277849 77.55183740000007
12.9104121 77.52106579999997
12.927921 77.55839100000003
12.912467 77.57313299999998
12.9260775 77.56445959999996
12.9170532 77.55490359999999
12.924024 77.56781479999995
12.90895 77.577717
12.896767 77.57068300000003
12.9133102 77.55880780000007
12.9140942 77.55002590000004
12.9084 77.564167
12.922811 77.54346499999997
12.913083 77.54071699999997
12.92395 77.57658300000003
12.9168439 77.55960010000001
12.9107593 77.52099539999995
12.902983 77.52178300000003
12.927659 77.55505399999993
12.916267 77.55071699999996
12.9078925 77.57799920000002
12.9250388 77.54979709999998
12.9243639 77.57698010000001
12.926728 77.55664200000001
12.902717 77.52026699999999
12.9238266 77.56775459999994
12.903183 77.517383
12.919633 77.56909999999993
12.909233 77.56418299999996
12.9251317 77.56422980000002
12.906467 77.57370000000003
12.922018 77.55096600000002
12.9244053 77.57369240000003
12.9168675 77.5545952
12.909367 77.55853300000001
12.9090474 77.54926760000001
12.9138422 77.5672356
12.9104019 77.5210515
12.9170174 77.5595978
12.917967 77.55975000000001
12.915565 77.56171199999994
12.9199143 77.57662170000003
12.9278418 77.58082569999999
12.9137428 77.55914719999998
12.9177942 77.55727090000005
12.911255 77.575516
12.9034479 77.56161709999992
12.92344 77.55393900000001
12.9237688 77.5733232
12.9186647 77.57774730000006
12.9195589 77.52046629999995
12.9073791 77.54715490000001
12.905275 77.573218
12.922667 77.54353300000002
12.9077186 77.55402779999997
12.9059812 77.57861809999997
12.9064111 77.54426790000002
12.9145942 77.56547750000004
12.9130922 77.54079709999996
12.91825 77.55713300000002
12.9131053 77.54084139999998
12.9262167 77.51567049999994
12.9228129 77.55288150000001
12.91795 77.55613300000005
12.90485 77.54347000000007
12.917732 77.57775689999994
12.9030218 77.51719159999993
12.9180438 77.56037590000005
12.9197536 77.51420499999995
12.9070222 77.52092160000007
12.927452 77.54574720000005
12.9095053 77.55845369999997
12.9125 77.57375000000002
12.9209695 77.55223639999997
12.9120461 77.55276479999998
12.9261226 77.51560810000001
12.9054203 77.58043479999992
12.9161022 77.55455319999999
12.9052415 77.54238839999994
12.909534 77.57266400000003
12.9169012 77.55119239999999
12.906932 77.57007099999998
12.91 77.57808299999999
12.9267605 77.55391540000005
12.9047153 77.56752299999994
12.905751 77.54289199999994
12.9185101 77.55532029999995
12.9182755 77.57361830000002
12.9236812 77.54885209999998
12.904306 77.57296300000007
12.9151542 77.56231100000002
12.9260138 77.57719670000006
12.9040673 77.57627070000001
12.924871 77.56624099999999
12.913637 77.55879540000001
12.92371 77.57328129999996
12.9188664 77.54210379999995
12.9156324 77.56106590000002
12.9252358 77.51798229999997
12.8963155 77.57227650000004
12.9111759 77.57581200000004
12.8987235 77.57216449999999
12.905999 77.56942400000003
12.9104184 77.5578415
12.9155278 77.56198689999997
12.9121403 77.54641549999997
12.9083209 77.53424919999998
12.9243962 77.5640492
12.923289 77.56037600000002
12.9058055 77.56286929999999
12.9237252 77.57142420000002
12.9225588 77.57184540000003
12.9156073 77.56192490000001
12.9090997 77.56303530000002
12.9136395 77.55877120000002
12.9261618 77.55324789999997
12.9244998 77.55077500000004
12.9152452 77.56265710000002
12.9205444 77.5554419
12.918917 77.54208300000005
12.9120932 77.55851340000004
12.9109514 77.55566160000001
12.9227982 77.57440650000001
12.9243357 77.55329989999996
12.9171122 77.52669809999998
12.9141918 77.52600840000002
12.9111802 77.52000299999997
12.9132468 77.52064599999994
12.9152808 77.48210059999997
12.8802405 77.602846
12.8890886 77.6023993
12.933593 77.60737459999996
12.9374116 77.58047429999999
12.9354631 77.58998280000003
12.9135994 77.60616129999994
12.9090409 77.60633389999998
12.9206572 77.58371
12.9358088 77.59279809999998
12.92625 77.58647300000007
12.8944582 77.60946059999992
12.8918209 77.58171960000004
12.9132088 77.48300429999995
12.9134779 77.60512189999997
12.9395503 77.55768769999997
12.8867422 77.60585079999998
12.9224943 77.59648990000005
12.9408759 77.56040810000002
12.914041 77.58594500000004
12.9135517 77.60311990000002
12.9057339 77.60571589999995
12.9260366 77.5860447
12.9190248 77.59251459999996
12.9230933 77.58466339999995
12.9370599 77.56872959999998
12.916767 77.60286700000006
12.943183 77.59738300000004
12.9234332 77.58845059999999
12.935367 77.60898299999997
12.918183 77.60019999999997
12.917917 77.60011699999995
12.913698 77.60765600000002
12.8910233 77.5945044
12.937967 77.54981699999996
12.9169 77.59815000000003
12.933316 77.60739999999998
12.9065721 77.58375419999993
12.946517 77.49641700000006
12.944204 77.57094099999995
12.909348 77.58321799999999
12.943726 77.5877064
12.928611 77.55950699999994
12.9468 77.569433
12.9388517 77.55257000000006
12.943167 77.54541700000004
12.9247276 77.58575960000007
12.925725 77.58382089999998
12.9435753 77.56621910000001
12.910491 77.5857168
12.9392403 77.58948239999995
12.908435 77.58638539999993
12.937054 77.56859299999996
12.9185321 77.59325790000003
12.926233 77.58606699999996
12.94085 77.57113300000003
12.930383 77.57118300000002
12.9103548 77.59158009999999
12.947633 77.5992
12.9092648 77.58563170000002
12.89142 77.57404900000006
12.9264386 77.58471570000006
12.934069 77.560247
12.9338577 77.54153440000005
12.92815 77.48629299999993
12.9327564 77.5447709
12.9325954 77.54183710000007
12.93155 77.48756700000001
12.933305 77.54309920000003
12.931667 77.48773299999993
12.9313738 77.54841160000001
12.930501 77.54705999999999
12.9304134 77.54751639999995
12.9303459 77.53952809999998
12.92875 77.50811699999997
12.9296387 77.5387915
12.9294289 77.53700309999999
12.9306007 77.54732999999999
12.9227021 77.48461220000002
12.928017 77.51099999999997
12.9314788 77.54524420000007
12.9346075 77.54682939999998
12.9101253 77.4827517
12.929383 77.536517
12.9303671 77.54759680000006
12.9292917 77.54897519999997
12.926346 77.5157673
12.9311239 77.54302570000004
12.9112295 77.4831256
12.9204372 77.51473740000006
12.9221763 77.5435731
12.9146193 77.48112360000005
12.9151124 77.54146119999996
12.904741 77.54384900000002
12.9190987 77.54201519999992
12.9262639 77.54830679999998
12.9196281 77.52738479999994
12.905717 77.54278299999999
12.9099698 77.54457409999998
12.9224764 77.54340019999995
12.9223269 77.54340189999994
12.9215636 77.54320729999995
12.93172 77.54066
12.9296152 77.546247
12.9122086 77.48318330000006
12.9334194 77.53941020000002
12.909338 77.54839319999996
12.9244231 77.5195175
12.912444 77.48400800000002
12.9068111 77.54500719999999
12.9131129 77.48539200000005
12.9093236 77.54969670000003
12.9086633 77.54950510000003
12.9220875 77.52024570000003
12.9332081 77.54281409999999
12.9088896 77.5490423
12.93296 77.53954999999996
12.9345501 77.53717979999999
12.93028 77.53960000000006
12.929444 77.53590600000007
12.9102053 77.48224949999997
12.9293751 77.5487584
12.9277768 77.54594429999997
12.925676 77.48601400000007
12.9314252 77.54405259999999
12.9313379 77.53355080000006
12.932583 77.54508299999998
13.0115521 77.67431080000006
13.011436 77.68021699999997
12.9513259 77.49532260000001
12.961276 77.50469299999997
12.9458 77.49596700000006
12.9509266 77.51541880000002
12.958079 77.5189143
12.9518995 77.49955269999998
12.95882 77.51793429999998
12.9512899 77.49268529999995
12.945433 77.4959
12.9565417 77.51835240000003
12.9515271 77.4939875
12.9599476 77.51426200000003
12.9525672 77.52195089999998
12.9512889 77.49397239999996
12.959634 77.52115100000003
12.9464678 77.49636770000006
12.9574113 77.51857530000007
12.9514314 77.49635460000002
12.9513595 77.49599209999997
12.958819 77.50041499999998
12.951299 77.49513000000002
12.9590445 77.50034370000003
12.958744 77.51796549999995
12.960899 77.505541
12.959094 77.51920700000005
12.9578415 77.51602559999992
12.9574712 77.5184405
12.9575563 77.52162499999997
12.95265 77.52208300000007
12.9610785 77.50435399999992
12.9587769 77.51890559999993
12.971683 77.50778300000002
12.97145 77.508017
12.966754 77.51249299999995
12.96966 77.51901599999997
12.9676731 77.50278049999997
12.9627728 77.50425330000007
12.9620936 77.50470359999997
12.979793 77.51054850000003
12.9809679 77.43807790000005
12.980095 77.50958160000005
12.9801472 77.51157579999995
13.0085773 77.69579939999994
12.8388317 77.66017149999993
12.8818328 77.6264347
12.8471914 77.67180170000006
12.8759628 77.6162276
12.87793 77.60232759999997
12.870251 77.65705200000002
12.8851121 77.6250076
12.8008675 77.66165219999993
12.8955959 77.62590999999998
12.8929021 77.61979259999998
12.7808512 77.74377749999996
12.8068819 77.69840109999996
12.892847 77.66325719999998
12.8408734 77.65075030000003
12.8803892 77.59566270000005
12.889133 77.602533
12.889583 77.60111700000004
12.8503376 77.65514919999998
12.8893107 77.6495036
12.8358345 77.67900379999992
12.8536866 77.66467899999998
12.8262047 77.68124699999998
12.889433 77.60175000000004
12.851168 77.65089680000006
12.900167 77.60421700000006
12.8854296 77.58210869999994
12.889277 77.594063
12.8553105 77.58760440000003
12.8761255 77.58410000000003
12.8923505 77.62605280000002
12.890733 77.59719999999993
12.881233 77.59576700000002
12.873778 77.64499350000006
12.8894711 77.57142240000007
12.8987158 77.63929389999998
12.8739939 77.66114119999997
12.8497693 77.65049279999994
12.896192 77.63566000000003
12.8809046 77.59845259999997
12.8824744 77.56590289999997
12.89115 77.59455000000003
12.8980278 77.61855969999999
12.8898533 77.60399669999993
12.8905527 77.59398669999996
12.8905657 77.58193719999997
12.890767 77.59709999999995
12.89115 77.59455000000003
12.8832484 77.58303239999998
12.9 77.48333300000002
12.895667 77.60869500000001
12.8918697 77.61331589999998
12.890733 77.59719999999993
12.8576927 77.58908529999997
12.8610307 77.78256880000004
12.8816452 77.59578039999997
12.898563 77.58590600000002
12.8906687 77.58199190000005
12.895556 77.60884099999998
12.8984618 77.5860232
12.8949177 77.60872470000004
12.8829198 77.56620429999998
12.896161 77.62609399999997
12.867776 77.597355
12.8917204 77.57452790000002
12.8870805 77.6029734
12.8340599 77.51366860000007
12.8678202 77.59821749999992
12.8896559 77.64978599999995
12.8954344 77.58161559999996
12.878971 77.56762800000001
12.8952773 77.63553950000005
12.884149 77.60416800000007
12.8853276 77.56677160000004
12.8948739 77.6258067
12.8921776 77.58161259999997
12.884465 77.56666999999993
12.8504349 77.65522429999999
12.8911272 77.5942116
12.8617305 77.77236059999996
12.8705383 77.6583157
12.870968 77.65776800000003
12.8846351 77.54620009999996
12.8478825 77.67169160000003
12.887604 77.55256399999996
12.8881368 77.61910179999995
12.8806009 77.58407690000001
12.8810186 77.62447399999996
12.897598 77.58889980000004
12.89075 77.56463299999996
12.8775237 77.56957020000004
12.8898821 77.67333980000001
12.900089 77.60164699999996
12.8513636 77.66974440000001
12.893749 77.62583790000008
12.8806336 77.59558719999995
12.900673 77.58659349999994
12.87983 77.58375939999996
12.8804006 77.60111860000006
12.8399523 77.67698500000006
12.857742 77.58985899999993
12.840759 77.65044319999993
12.8763621 77.58404300000007
12.8997032 77.63869699999998
12.877678 77.57962099999997
12.8939239 77.63664549999999
12.7814526 77.7718198
12.8906599 77.58194890000004
12.849945 77.66765399999997
12.8948864 77.60877370000003
12.8897683 77.61437079999996
12.8831362 77.58301069999993
12.8621413 77.56317009999998
12.8170736 77.51863909999997
12.8759588 77.58411780000006
12.8890186 77.60266669999999
12.8812158 77.59579180000003
12.8919698 77.62580170000001
12.8763262 77.58365079999999
12.880483 77.59574999999995
12.8800823 77.60344420000001
12.8906229 77.55177000000003
12.8914927 77.60453050000001
12.89255 77.57198300000005
12.8627902 77.67439030000003
12.8945177 77.62537450000002
12.8867814 77.64008779999995
12.8703543 77.6562179
12.8971402 77.58229600000004
12.89205 77.55951700000003
12.8707962 77.65609819999997
12.8913518 77.62174700000003
12.892883 77.57161700000006
12.8914717 77.57474449999995
12.8003618 77.50843629999997
12.8574309 77.5263129
12.8755483 77.64892629999997
12.8469921 77.58880729999998
12.8966355 77.58535000000006
12.8655129 77.58032349999996
12.885433 77.57046700000001
12.8839909 77.60445189999996
12.8968484 77.71994310000002
12.889783 77.56346699999995
12.8976862 77.58283540000002
12.871902 77.6168351
12.8957753 77.62613160000001
12.8747783 77.59437830000002
12.8819829 77.67236700000001
12.8836428 77.57053470000005
12.882659 77.56545200000005
12.8778689 77.60230950000005
12.867585 77.53544499999998
12.8986984 77.6073682
12.8981663 77.57212800000002
12.8823557 77.5832954
12.895287 77.57241699999997
12.8946079 77.55305350000003
12.8974712 77.59430959999997
12.8349651 77.69529910000006
12.8511958 77.65243340000006
12.8536881 77.66468669999995
12.8536881 77.66468669999995
12.8505397 77.65345030000003
12.8758343 77.64869799999997
12.8863745 77.6563668
12.7822058 77.77186649999999
12.7944659 77.70505479999997
12.8619021 77.56364450000001
12.883941 77.57000199999993
12.877444 77.59921159999999
12.7616677 77.71335709999994
12.8811073 77.58392839999999
12.867946 77.53562899999997
12.8774414 77.59923040000001
12.8799882 77.60205880000001
12.8761536 77.61695710000004
12.8797502 77.75364790000003
12.8792979 77.75357280000003
12.8132376 77.58115150000003
12.8641146 77.58270390000007
12.8853336 77.61595699999998
12.8621413 77.56317009999998
12.8809438 77.59939669999994
12.886094 77.602395
12.8798509 77.60506020000003
12.871132 77.63847599999997
12.8816616 77.59582799999998
12.8871 77.61889730000007
12.8816269 77.58348909999995
12.871109 77.56611399999997
12.836074 77.78518099999997
12.8683317 77.58171289999996
12.8848907 77.60358500000007
12.8888989 77.62572660000001
12.8868396 77.61868779999998
12.8792665 77.75421919999997
12.870388 77.65618719999998
12.8614661 77.59960160000003
12.8801816 77.60087999999996
12.879719 77.65501399999994
12.8811471 77.58391529999994
12.7740588 77.77107079999996
12.8873367 77.60536460000003
12.8882184 77.59199869999998
12.8698101 77.54314539999996
12.865813 77.65505150000001
12.8829783 77.57120499999996
12.883649 77.60727299999996
12.8722873 77.56639610000002
12.8870726 77.61888420000002
12.859933 77.78775700000006
12.8869258 77.64034059999994
12.883327 77.56839000000002
12.8846367 77.62502419999998
12.8867958 77.64036740000006
12.8795528 77.60228170000005
12.862001 77.56068099999993
12.8754529 77.56981730000007
12.865557 77.58085789999996
12.8714561 77.56621040000005
12.8860875 77.62526890000004
12.8789 77.60898700000007
12.885709 77.57330709999997
12.8016758 77.70487090000006
12.8888088 77.65247899999997
12.8849244 77.64920830000005
12.7458524 77.81010029999993
12.7458686 77.75959579999994
12.7301301 77.82502679999993
12.7267959 77.82670860000007
12.8082354 77.4011696
13.0115407 77.6709634
12.9658461 77.70239889999993
12.9680956 77.65044450000005
12.972183 77.67994999999996
12.9798644 77.63933840000004
12.9687885 77.6729444
13.004967 77.70360000000005
12.9555489 77.64174739999999
12.9690842 77.70065679999993
12.9759635 77.63340210000001
12.9734388 77.63570140000002
12.9644395 77.67193870000006
12.9846532 77.67564919999995
12.9779713 77.63027119999992
12.9950163 77.67262900000003
12.9853663 77.67353260000004
12.972375 77.65372279999997
12.9782889 77.63770669999997
12.9601798 77.71925680000004
12.9819976 77.63923269999998
12.973626 77.64194499999996
12.9625033 77.64305360000003
12.9682475 77.65138560000003
12.970372 77.63302099999999
12.9715062 77.65504420000002
12.9974351 77.67106139999999
12.9927543 77.66395899999998
12.99075 77.66396699999996
12.989255 77.66400099999998
12.9874373 77.64570679999997
12.9886822 77.66394519999994
12.9898385 77.66379819999997
12.9815501 77.66560600000003
12.9843114 77.66539890000001
12.9818226 77.65660019999996
12.982773 77.64045699999997
12.9942581 77.66064759999995
12.996667 77.65376700000002
12.9963966 77.62128710000002
12.983515 77.65679499999999
12.996733 77.65383299999996
12.9945717 77.66668800000002
12.996533 77.65343299999995
12.9928605 77.66393070000004
12.9907307 77.66396609999993
12.9893812 77.66409469999996
12.9920765 77.66809820000003
12.9893681 77.66382339999996
12.9924405 77.66393240000002
12.9819882 77.64573960000007
12.9966991 77.61422399999992
12.997667 77.62078300000007
13.00731 77.61304999999993
13.001955 77.63283799999999
13.007167 77.61263299999996
13.000883 77.61233300000004
13.004443 77.63622899999996
12.994517 77.61035000000004
13.000178 77.6231143
13.0008571 77.61259319999999
12.9998724 77.61610810000002
13.002467 77.63440000000003
13.0053926 77.6252581
13.0008571 77.61259319999999
13.00771 77.61302999999998
13.0000585 77.61884239999995
13.0076 77.61329999999998
12.9990198 77.61202209999999
12.9982979 77.60967800000003
13.0007866 77.61179919999995
12.9958733 77.6131484
13.0061565 77.64148890000001
13.004833 77.63691700000004
13.007867 77.64126699999997
12.9983168 77.62589690000004
13.0023599 77.63368200000002
12.997423 77.61743460000002
12.9981 77.60996699999998
13.007417 77.62183300000004
12.9998865 77.61113699999999
13.003117 77.61214999999993
13.0004991 77.62176499999998
12.998516 77.61254099999996
13.007717 77.64093300000002
13.0077513 77.640987
13.0015533 77.62919339999996
12.9919629 77.61026889999994
13.006628 77.61289399999998
13.0000953 77.61844580000002
13.0164 77.6132
13.016683 77.63933299999997
13.0154605 77.61330559999999
13.017154 77.61827900000003
13.012158 77.639365
13.014008 77.63935100000003
13.0110987 77.6156681
13.0161529 77.6357587
13.009517 77.61008300000003
13.0180704 77.63637500000004
13.018317 77.636483
13.012567 77.62586699999997
13.012783 77.61654999999996
13.0163858 77.59761260000005
13.011333 77.61246699999992
13.0152 77.61448300000006
13.01314 77.62636999999995
13.011383 77.60696699999994
13.015082 77.63243080000007
13.016523 77.59681439999997
13.0157 77.61768299999994
13.0170888 77.6431033
13.0127 77.61341700000003
13.0108704 77.60913310000001
13.0156289 77.63213389999999
13.006511 77.59975430000009
13.011733 77.60621700000002
13.008533 77.61300000000006
13.0133896 77.60676339999998
13.018033 77.61085000000003
13.0106916 77.62438420000001
13.0106652 77.61390879999999
13.016083 77.61318299999994
13.016083 77.64276810000001
13.012943 77.63028899999995
13.0180086 77.61089270000002
13.0053593 77.59891119999997
13.0117315 77.610143
13.013587 77.63559039999996
13.010929 77.608926
13.00435 77.60296700000004
13.017967 77.618383
13.0052369 77.60224319999998
13.012317 77.60451699999999
13.0127467 77.59568050000007
13.0139371 77.64008179999996
13.0050741 77.59905619999995
13.008254 77.62225579999995
13.011967 77.61799999999994
13.018057 77.62070689999996
13.018167 77.61088300000006
13.01556 77.64201300000002
13.0185025 77.63319520000005
13.0191686 77.61870929999998
13.009833 77.64303300000006
13.0104 77.61496699999998
13.0032369 77.60359870000002
13.008233 77.59658300000001
13.012483 77.61000000000001
13.0108482 77.61552749999998
13.0153522 77.6173675
13.0064182 77.59948750000001
13.017967 77.618383
13.0148956 77.63217510000004
13.014633 77.63578299999995
13.018875 77.63685269999996
13.011017 77.608833
13.012017 77.616533
13.0179485 77.61102010000002
13.013383 77.59623299999998
13.0084721 77.59636639999997
13.014711 77.6335176
13.014033 77.61693300000002
13.011167 77.62503300000003
13.0086268 77.61176569999998
13.0047441 77.6034876
13.013233 77.61021699999992
13.0109566 77.60814069999992
13.008767 77.61208299999998
13.0032651 77.60355619999996
13.0099355 77.62400819999993
13.0123025 77.64250790000006
13.0149785 77.61124799999993
13.0166602 77.61267499999997
13.0188658 77.6185276
13.01111 77.61612000000002
13.01704 77.59178120000001
13.02525 77.60368300000005
13.028083 77.61161700000002
13.026747 77.60646299999996
13.0235336 77.59280860000001
13.029133 77.610683
13.0240507 77.59795129999998
13.028433 77.60483299999999
13.0248004 77.59148010000001
13.0221343 77.63893350000001
13.026499 77.63203399999998
13.023233 77.619417
13.029799 77.60470399999997
13.0242964 77.5967852
13.019283 77.594783
13.026081 77.63811699999997
13.02425 77.59408299999996
13.0220951 77.59235650000005
13.024167 77.59436700000003
13.023983 77.60816699999998
13.027868 77.60424599999999
13.02725 77.60421700000006
13.0271428 77.60425099999998
13.029467 77.59473300000002
13.0197284 77.60681360000001
13.0248 77.59416699999997
13.02405 77.60326699999996
13.0284148 77.60458369999992
13.0185052 77.59399880000001
13.023933 77.599017
13.016976 77.59410700000001
13.026192 77.61395600000003
13.0210667 77.59382540000001
13.026217 77.62483299999997
13.0166667 77.59170280000001
13.02135 77.60558300000002
13.0207861 77.63485560000004
13.022944 77.592221
13.0220905 77.62111589999995
13.025767 77.613517
13.0217877 77.60281809999992
13.027229 77.606671
13.023115 77.59261400000003
13.028333 77.60686699999997
13.026533 77.62795000000006
13.0213484 77.60641069999997
13.0253022 77.59337649999998
13.028417 77.60450000000003
13.0249 77.60345000000007
13.022333 77.619417
13.0241443 77.59717189999992
13.028717 77.59408299999996
13.0239917 77.59792149999998
13.0195616 77.60681750000003
13.0274881 77.60416970000006
13.027053 77.60398899999996
13.016832 77.59173929999997
13.0298413 77.59566440000003
13.029775 77.61573199999998
13.024379 77.59663499999999
13.0256705 77.60371190000001
13.0209917 77.59459689999994
13.0215555 77.63710390000006
13.0206163 77.59357160000002
13.020467 77.59383300000002
13.02525 77.60368300000005
13.0245385 77.59150039999997
13.0257007 77.60367350000001
13.0178619 77.59204539999996
13.0201437 77.61882130000004
13.022851 77.61927190000006
13.0229699 77.61928390000003
13.0241108 77.59450059999995
13.021883 77.61271699999998
13.0284474 77.60445529999993
13.015337 77.59497999999996
13.027912 77.60429840000006
13.020017 77.61893299999997
13.024033 77.59861699999999
13.025212 77.63059079999994
13.024783 77.60339999999997
13.027114 77.60664029999998
13.0207225 77.63650910000001
13.0204683 77.59312769999997
13.0232573 77.5944816
13.026983 77.60413300000005
13.0196765 77.60582320000003
13.024 77.60313300000007
13.0230874 77.59226160000003
13.0269439 77.60476540000002
13.0280565 77.61156319999998
13.0303376 77.59089919999997
13.032567 77.62048299999992
13.0318085 77.63588189999996
13.032867 77.598567
13.032733 77.60480000000007
13.03295 77.61926700000004
13.0328 77.61966699999994
13.032533 77.59421700000007
13.031617 77.621533
13.0299 77.60799999999995
13.0316665 77.60483750000003
13.0311089 77.60471280000002
13.02666 77.59061999999994
13.032267 77.59913299999994
13.03565 77.60668299999998
13.0376985 77.60535519999996
13.0281711 77.58862690000001
13.033917 77.61564999999996
13.0373526 77.5907489
13.033317 77.60641699999996
13.0386248 77.59089610000001
13.032117 77.59783300000004
13.0302999 77.62068810000005
13.035533 77.59699999999998
13.0310119 77.61921819999998
13.0401139 77.58996869999999
13.034383 77.60466700000006
13.0370998 77.59204239999997
13.035989 77.60665599999993
13.0261707 77.58908389999999
13.040717 77.61153300000001
13.03943 77.60537739999995
13.0319762 77.59928539999999
13.035495 77.60666300000003
13.031707 77.60488579999992
13.0326 77.60149999999999
13.0334239 77.5993578
13.033235 77.61782599999992
13.034867 77.60457799999995
13.039733 77.59441700000002
13.0348767 77.60493509999992
13.0371765 77.59120489999998
13.0371272 77.59239109999999
13.0364668 77.5942609
13.032667 77.62001699999996
13.037317 77.59068300000001
13.032617 77.60161700000003
13.0328111 77.59430050000003
13.0320298 77.59857060000002
13.032767 77.59973300000001
13.0317917 77.55874300000005
13.03115 77.559933
13.03055 77.57746700000007
13.0303868 77.57147699999996
13.0323514 77.5773613
13.0324726 77.55894690000002
13.0320945 77.57673909999994
13.0312967 77.55979079999997
13.0312563 77.55946670000003
13.0302605 77.57769959999996
13.0302211 77.56081979999999
13.0318299 77.57663019999995
13.0321636 77.55846450000001
13.034133 77.56231700000001
13.0341797 77.55993769999998
13.033417 77.56573300000002
13.037432 77.57451700000001
13.0465962 77.57539989999998
13.0311066 77.56228959999999
13.0334388 77.55825660000005
13.0403739 77.55769329999998
13.038362 77.56465349999996
13.0345085 77.57538550000004
13.0312781 77.5596031
13.038682 77.57765599999993
13.03505 77.56056699999999
13.036133 77.57493299999999
13.0341881 77.558897
13.035414 77.5573799
13.0371292 77.57458629999996
13.0376253 77.56534169999998
13.0307352 77.55945959999997
13.0383309 77.55618159999995
13.0383773 77.56468870000003
13.0462838 77.57682520000003
13.034217 77.55801700000006
13.0421147 77.57290579999994
13.034468 77.56433800000002
13.0308182 77.55991419999998
13.033617 77.55773299999998
13.038017 77.57413300000007
13.0426 77.57858299999998
13.0333039 77.56570639999995
13.0410569 77.55760550000002
13.0603292 77.50397169999997
13.0567542 77.50443539999992
13.0485657 77.50782809999998
13.0591331 77.56139080000003
13.0471485 77.54883599999994
13.05038 77.50757490000001
13.049568 77.51702
13.058033 77.54624999999999
13.060383 77.50393299999996
13.0553237 77.53426020000006
13.0515049 77.50846679999995
13.059117 77.58728300000007
13.0523116 77.51348250000001
13.05705 77.50261699999999
13.060373 77.57627909999997
13.0488786 77.51804659999993
13.047064 77.51423499999999
13.0575874 77.51067560000001
13.056845 77.50791049999998
13.0506675 77.51175609999996
13.0505244 77.50782030000005
13.056629 77.50490300000001
13.0571494 77.50705889999995
13.059783 77.57728299999997
13.059267 77.55144999999993
13.0475107 77.51454330000001
13.059783 77.57706699999994
13.0473379 77.54966579999996
13.05535 77.53386699999999
13.0514268 77.51466230000005
13.0552309 77.51037509999992
13.060017 77.50566700000002
13.0516042 77.50770899999998
13.0571347 77.5325537
13.0564916 77.50663550000002
13.0534072 77.57517299999995
13.048817 77.51196700000003
13.0568466 77.50766879999992
13.0500936 77.51645499999995
13.0510757 77.50766279999993
13.0591891 77.5595485
13.0506835 77.56777880000004
13.0485507 77.51469789999999
13.056817 77.50376699999993
13.0508967 77.51539830000002
13.0606133 77.5589483
13.0587044 77.54590540000004
13.0486754 77.51158480000004
13.0571308 77.50974250000002
13.0476495 77.51326089999998
13.0474326 77.5144209
13.026917 77.55843299999992
13.020967 77.55853300000001
13.027167 77.55846700000006
13.029593 77.56099100000006
13.028878 77.54003999999998
13.029321 77.56100900000001
13.019494 77.5387293
13.0237819 77.55711259999998
13.027767 77.55735000000004
13.0257875 77.52457290000007
13.029865 77.53808860000004
13.031234 77.55351999999993
13.0191949 77.54346409999994
13.0218386 77.55629959999999
13.0207995 77.55878770000004
13.021488 77.55565899999999
13.020795 77.55843189999996
13.022233 77.55901700000004
13.023183 77.55698299999995
13.0218488 77.55893289999995
13.0239694 77.5525083
13.025433 77.55458299999998
13.0275018 77.55440490000001
13.0254057 77.55754249999995
13.0326497 77.55443309999998
13.0216825 77.55536010000003
13.0212889 77.51673900000003
13.0305364 77.53459720000001
13.032667 77.52758719999997
13.0232808 77.55571050000003
13.0201926 77.55822439999997
13.0242702 77.55719479999993
13.0300399 77.56075950000002
13.0307107 77.54961049999997
13.0218997 77.5534159
13.0194165 77.53060240000002
13.0191013 77.55747380000003
13.0321898 77.5535721
13.0242464 77.55734640000003
13.0300163 77.55341290000001
13.031771 77.55357350000008
13.0290842 77.55811210000002
13.0238639 77.55272160000004
13.023183 77.55698299999995
13.0275439 77.55759009999997
13.018561 77.52285949999998
13.0197827 77.51754110000002
13.0304533 77.55127149999998
13.0295747 77.55939420000004
13.0254057 77.55754249999995
13.0260745 77.52491729999997
13.021917 77.55893300000002
13.0321395 77.52282200000002
13.0269938 77.5581952
13.0300637 77.56065050000007
13.0183431 77.53029560000004
13.0272707 77.55346110000005
13.034163 77.52753489999998
13.0244 77.55986699999994
13.0214529 77.55861240000002
13.0285791 77.56143670000006
13.0230995 77.55934520000005
13.0233736 77.55503090000002
13.0218651 77.55692290000002
13.019083 77.52610930000003
13.0292866 77.5592795
13.02332 77.55590929999994
13.0189239 77.52920530000006
13.03 77.55356699999993
13.0325683 77.52683690000003
13.0278905 77.55859929999997
13.0308966 77.55360500000006
13.0192227 77.52015979999999
13.02145 77.55875000000003
13.0239282 77.55715250000003
13.0270785 77.55820070000004
13.0287917 77.53929340000002
13.0276203 77.55359490000001
13.025217 77.55873299999996
13.0217864 77.53360210000005
13.0200424 77.53083100000003
13.0274404 77.56096660000003
13.0273051 77.55842289999998
13.017305 77.53554400000007
13.0147985 77.53303949999997
13.0156125 77.52458879999995
13.0169071 77.52655720000007
13.0166327 77.520128
13.016224 77.52024699999993
13.0196681 77.51211490000003
13.015245 77.52037480000001
13.019489 77.51264070000002
13.0162681 77.53391959999999
13.014021 77.52074199999993
13.0108533 77.53322389999994
13.0162714 77.52649919999999
13.011047 77.52200300000004
13.0258261 77.50670089999994
13.018789 77.50639750000005
13.016668 77.52319639999996
13.0176424 77.53423169999996
13.0560426 77.63287739999998
13.0526918 77.64614940000001
13.0464499 77.54948709999996
13.0462619 77.52051719999997
13.0527333 77.64588700000002
13.0453018 77.54806819999999
13.0378233 77.55341550000003
13.0357119 77.55453699999998
13.0433019 77.55353630000002
13.0350933 77.5271219
13.0384511 77.54990989999999
13.0357091 77.55429070000002
13.044583 77.54954999999995
13.0382822 77.55064279999999
13.0349058 77.52702090000002
13.0345563 77.52807469999993
12.9801381 77.55464400000005
13.0299 77.57068300000003