12.9688402 77.6130465
12.9763753 77.5262947
12.9784871 77.5425593
12.962471 77.59911999999997
12.963304 77.60001799999998
12.991203 77.61292800000001
12.958831 77.63789700000007
12.9660085 77.64896039999996
12.975733 77.53993300000002
12.9985816 77.54150690000006
12.9718601 77.6620762
12.9832453 77.59573279999995
12.98625 77.54128300000002
13.0054977 77.63771910000003
12.9753598 77.54215199999999
12.9763345 77.63281489999997
12.962471 77.59911999999997
12.903517 77.59202949999997
12.987622 77.70900200000005
12.931454 77.58489099999997
13.0218967 77.63723359999994
13.07034 77.55496900000003
12.9352156 77.61996079999994
12.991203 77.61292800000001
12.992378 77.70268299999998
12.958831 77.63789700000007
12.9142924 77.6106512
12.9660085 77.64896039999996
12.884803 77.587444
12.980128 77.67739200000005
12.8975022 77.58250380000004
13.015638 77.63007979999998
12.922078 77.559979
12.887111 77.59455300000002
12.9985816 77.54150690000006
12.890597 77.58203300000002
13.010305 77.671742
12.94812 77.69929000000002
12.911017 77.59524999999996
13.0701772 77.56534340000007
12.9570599 77.6042056
13.026122 77.58882799999992
13.00215 77.63374999999996
13.09637 77.57876699999997
12.9217134 77.58583969999995
12.9194503 77.58456469999999
12.9784871 77.5425593
12.9558256 77.65668649999998
12.99758 77.54474000000005
12.9763345 77.63281489999997
12.9376162 77.56785020000007
12.9469275 77.56792129999997
13.024546 77.66111999999998
12.936371 77.57799
13.0411298 77.55765010000005
12.962471 77.59911999999997
12.9108178 77.65211019999992
13.0151708 77.6530639
12.9959267 77.57184699999993
12.9900048 77.66238580000004
12.991203 77.61292800000001
13.015638 77.63007979999998
13.010305 77.671742
13.026122 77.58882799999992
13.00215 77.63374999999996
12.98625 77.54128300000002
12.99758 77.54474000000005
13.024546 77.66111999999998
13.0116117 77.66599399999996
12.9959267 77.57184699999993
12.9900048 77.66238580000004
12.913437 77.60313300000007
12.963304 77.60001799999998
12.907382 77.59278700000004
12.923842 77.61122999999998
12.941787 77.62137899999993
12.975335 77.63604800000007
12.906347 77.5444
12.957867 77.702136
12.98854 77.61718910000002
12.925229 77.60939299999995
12.9688402 77.6130465
12.8921555 77.58218769999996
12.975733 77.53993300000002
12.9763753 77.5262947
13.061087 77.50289999999995
12.913425 77.60344899999996
12.985159 77.67605800000001
12.941751 77.62145199999998
12.9398719 77.6251691
12.9718601 77.6620762
12.960933 77.71628299999998
12.907028 77.58404670000004
12.9832453 77.59573279999995
13.034417 77.57596699999999
12.9277 77.67659000000003
13.02455 77.59513300000003
12.890483 77.58178299999997
12.98625 77.54128300000002
13.0054977 77.63771910000003
12.9753598 77.54215199999999
12.921167 77.58216700000003
13.0223141 77.59489459999998
12.8972539 77.58234749999997
13.015967 77.76247799999999
12.976327 77.67339579999998
12.91093 77.60684800000001
13.0116117 77.66599399999996
12.9124 77.608653
12.9270344 77.67203089999998
12.9375662 77.56777110000007
12.897393 77.58233199999995
12.9900048 77.66238580000004
12.913437 77.60313300000007
12.963304 77.60001799999998
12.907382 77.59278700000004
12.9352156 77.61996079999994
12.991203 77.61292800000001
12.992378 77.70268299999998
12.958831 77.63789700000007
12.9142924 77.6106512
12.9660085 77.64896039999996
12.884803 77.587444
12.980128 77.67739200000005
12.8975022 77.58250380000004
13.015638 77.63007979999998
12.922078 77.559979
12.913425 77.60344899999996
12.985159 77.67605800000001
12.941751 77.62145199999998
12.9398719 77.6251691
12.9718601 77.6620762
12.960933 77.71628299999998
12.9570599 77.6042056
13.026122 77.58882799999992
13.00215 77.63374999999996
13.02455 77.59513300000003
12.890483 77.58178299999997
12.98625 77.54128300000002
13.0054977 77.63771910000003
12.9753598 77.54215199999999
12.921167 77.58216700000003
13.0223141 77.59489459999998
12.850378 77.65636199999994
12.8402388 77.65000540000005
13.015967 77.76247799999999
12.976327 77.67339579999998
12.91093 77.60684800000001
12.962471 77.59911999999997
12.9108178 77.65211019999992
13.0151708 77.6530639
12.9959267 77.57184699999993
12.850341 77.65667200000007
12.903517 77.59202949999997
12.931454 77.58489099999997
12.907382 77.59278700000004
12.9352156 77.61996079999994
12.906347 77.5444
12.957867 77.702136
12.9660085 77.64896039999996
12.884803 77.587444
12.8921555 77.58218769999996
12.922078 77.559979
12.913425 77.60344899999996
12.941751 77.62145199999998
12.94812 77.69929000000002
12.911017 77.59524999999996
12.907028 77.58404670000004
12.9277 77.67659000000003
12.890483 77.58178299999997
12.9558256 77.65668649999998
12.9376162 77.56785020000007
12.8972539 77.58234749999997
12.936371 77.57799
12.962471 77.59911999999997
12.9108178 77.65211019999992
12.9375662 77.56777110000007
12.850341 77.65667200000007
12.903517 77.59202949999997
12.931454 77.58489099999997
12.923842 77.61122999999998
12.941787 77.62137899999993
12.9142924 77.6106512
12.884803 77.587444
12.8975022 77.58250380000004
12.887111 77.59455300000002
12.890597 77.58203300000002
12.9398719 77.6251691
12.907028 77.58404670000004
12.9217134 77.58583969999995
12.9194503 77.58456469999999
12.9376162 77.56785020000007
12.8972539 77.58234749999997
12.9469275 77.56792129999997
12.91093 77.60684800000001
12.9108178 77.65211019999992
12.9375662 77.56777110000007
12.850341 77.65667200000007
12.903517 77.59202949999997
12.906347 77.5444
12.8921555 77.58218769999996
12.887111 77.59455300000002
12.907028 77.58404670000004
12.850378 77.65636199999994
12.853688 77.66319799999997
12.897393 77.58233199999995
12.975733 77.53993300000002
12.922078 77.559979
12.9376162 77.56785020000007
12.936371 77.57799
12.9985816 77.54150690000006
12.963304 77.60001799999998
13.07034 77.55496900000003
12.975335 77.63604800000007
12.98854 77.61718910000002
12.9688402 77.6130465
13.015638 77.63007979999998
13.061087 77.50289999999995
13.0701772 77.56534340000007
13.026122 77.58882799999992
13.00215 77.63374999999996
12.98625 77.54128300000002
13.0054977 77.63771910000003
12.99758 77.54474000000005
13.0223141 77.59489459999998
12.962471 77.59911999999997
12.9959267 77.57184699999993
13.09637 77.57876699999997
13.07034 77.55496900000003
13.0701772 77.56534340000007
13.07034 77.55496900000003
13.0218967 77.63723359999994
13.061087 77.50289999999995
13.026122 77.58882799999992
13.09637 77.57876699999997
13.0223141 77.59489459999998
13.0411298 77.55765010000005
13.07034 77.55496900000003
13.0701772 77.56534340000007
13.034417 77.57596699999999
13.02455 77.59513300000003
13.024546 77.66111999999998
12.9900048 77.66238580000004
12.931454 77.58489099999997
13.0218967 77.63723359999994
12.923842 77.61122999999998
12.941787 77.62137899999993
12.975335 77.63604800000007
12.958831 77.63789700000007
12.98854 77.61718910000002
12.925229 77.60939299999995
12.980128 77.67739200000005
13.015638 77.63007979999998
12.9763753 77.5262947
13.061087 77.50289999999995
12.985159 77.67605800000001
13.010305 77.671742
12.94812 77.69929000000002
12.960933 77.71628299999998
12.9570599 77.6042056
13.026122 77.58882799999992
13.00215 77.63374999999996
13.09637 77.57876699999997
12.9217134 77.58583969999995
12.98625 77.54128300000002
13.0054977 77.63771910000003
12.9753598 77.54215199999999
12.921167 77.58216700000003
13.0223141 77.59489459999998
12.9469275 77.56792129999997
13.024546 77.66111999999998
12.976327 77.67339579999998
13.0411298 77.55765010000005
12.962471 77.59911999999997
13.0151708 77.6530639
12.9959267 77.57184699999993
12.9900048 77.66238580000004
12.913437 77.60313300000007
12.963304 77.60001799999998
12.907382 77.59278700000004
12.923842 77.61122999999998
12.941787 77.62137899999993
12.975335 77.63604800000007
12.906347 77.5444
12.957867 77.702136
12.98854 77.61718910000002
12.925229 77.60939299999995
12.9688402 77.6130465
12.8921555 77.58218769999996
12.975733 77.53993300000002
13.15482 77.62457700000004
12.922078 77.559979
12.887111 77.59455300000002
12.9985816 77.54150690000006
12.890597 77.58203300000002
13.010305 77.671742
12.94812 77.69929000000002
12.911017 77.59524999999996
13.0701772 77.56534340000007
12.9570599 77.6042056
13.026122 77.58882799999992
13.00215 77.63374999999996
13.09637 77.57876699999997
12.9217134 77.58583969999995
12.9194503 77.58456469999999
12.9784871 77.5425593
12.9558256 77.65668649999998
12.99758 77.54474000000005
12.9763345 77.63281489999997
12.9376162 77.56785020000007
12.8972539 77.58234749999997
12.9469275 77.56792129999997
13.024546 77.66111999999998
12.976327 77.67339579999998
12.91093 77.60684800000001
13.0116117 77.66599399999996
12.9124 77.608653
12.9270344 77.67203089999998
12.9375662 77.56777110000007
12.853688 77.66319799999997
12.897393 77.58233199999995
12.9900048 77.66238580000004
12.913437 77.60313300000007
12.963304 77.60001799999998
12.907382 77.59278700000004
12.923842 77.61122999999998
12.941787 77.62137899999993
12.975335 77.63604800000007
12.906347 77.5444
12.957867 77.702136
12.98854 77.61718910000002
12.925229 77.60939299999995
12.980128 77.67739200000005
12.975733 77.53993300000002
13.15482 77.62457700000004
12.922078 77.559979
12.913425 77.60344899999996
12.985159 77.67605800000001
13.010305 77.671742
12.94812 77.69929000000002
12.911017 77.59524999999996
13.0701772 77.56534340000007
12.9570599 77.6042056
13.026122 77.58882799999992
13.00215 77.63374999999996
13.09637 77.57876699999997
12.9217134 77.58583969999995
12.98625 77.54128300000002
13.0054977 77.63771910000003
12.9753598 77.54215199999999
12.921167 77.58216700000003
13.0223141 77.59489459999998
12.8972539 77.58234749999997
13.015967 77.76247799999999
12.976327 77.67339579999998
12.91093 77.60684800000001
13.0116117 77.66599399999996
12.9124 77.608653
12.9270344 77.67203089999998
12.9375662 77.56777110000007
12.897393 77.58233199999995
12.9900048 77.66238580000004
12.913437 77.60313300000007
12.963304 77.60001799999998
12.907382 77.59278700000004
12.923842 77.61122999999998
12.941787 77.62137899999993
12.975335 77.63604800000007
12.906347 77.5444
12.957867 77.702136
12.98854 77.61718910000002
12.925229 77.60939299999995
12.980128 77.67739200000005
12.975733 77.53993300000002
13.15482 77.62457700000004
12.922078 77.559979
12.913425 77.60344899999996
12.985159 77.67605800000001
13.010305 77.671742
12.94812 77.69929000000002
12.911017 77.59524999999996
13.0701772 77.56534340000007
12.9570599 77.6042056
13.026122 77.58882799999992
13.00215 77.63374999999996
13.09637 77.57876699999997
12.9217134 77.58583969999995
12.98625 77.54128300000002
13.0054977 77.63771910000003
12.9753598 77.54215199999999
12.921167 77.58216700000003
13.0223141 77.59489459999998
12.8972539 77.58234749999997
13.015967 77.76247799999999
12.976327 77.67339579999998
12.91093 77.60684800000001
13.0116117 77.66599399999996
12.9124 77.608653
12.9270344 77.67203089999998
12.9375662 77.56777110000007
12.897393 77.58233199999995
12.9900048 77.66238580000004
12.913437 77.60313300000007
12.963304 77.60001799999998
12.907382 77.59278700000004
12.923842 77.61122999999998
12.941787 77.62137899999993
12.975335 77.63604800000007
12.906347 77.5444
12.957867 77.702136
12.98854 77.61718910000002
12.925229 77.60939299999995
12.9688402 77.6130465
12.8921555 77.58218769999996
12.975733 77.53993300000002
12.9763753 77.5262947
13.061087 77.50289999999995
12.913425 77.60344899999996
12.985159 77.67605800000001
12.941751 77.62145199999998
12.9398719 77.6251691
12.9718601 77.6620762
12.960933 77.71628299999998
12.907028 77.58404670000004
12.9832453 77.59573279999995
13.034417 77.57596699999999
12.9277 77.67659000000003
12.9217134 77.58583969999995
12.9194503 77.58456469999999
12.9784871 77.5425593
12.9558256 77.65668649999998
12.99758 77.54474000000005
12.9763345 77.63281489999997
12.9376162 77.56785020000007
12.8972539 77.58234749999997
12.9469275 77.56792129999997
13.024546 77.66111999999998
12.936371 77.57799
13.0411298 77.55765010000005
12.962471 77.59911999999997
12.9108178 77.65211019999992
13.0151708 77.6530639
12.9959267 77.57184699999993
12.850341 77.65667200000007
12.903517 77.59202949999997
12.987622 77.70900200000005
12.931454 77.58489099999997
13.0218967 77.63723359999994
13.07034 77.55496900000003
12.9352156 77.61996079999994
12.991203 77.61292800000001
12.992378 77.70268299999998
12.958831 77.63789700000007
12.9142924 77.6106512
12.9660085 77.64896039999996
12.884803 77.587444
12.980128 77.67739200000005
12.8975022 77.58250380000004
13.015638 77.63007979999998
12.9763753 77.5262947
13.061087 77.50289999999995
12.913425 77.60344899999996
12.985159 77.67605800000001
12.941751 77.62145199999998
12.9398719 77.6251691
12.9718601 77.6620762
12.960933 77.71628299999998
12.907028 77.58404670000004
12.9832453 77.59573279999995
13.034417 77.57596699999999
12.9277 77.67659000000003
13.02455 77.59513300000003
12.890483 77.58178299999997
12.98625 77.54128300000002
13.0054977 77.63771910000003
12.9753598 77.54215199999999
12.921167 77.58216700000003
13.0223141 77.59489459999998
12.850378 77.65636199999994
12.8402388 77.65000540000005
13.015967 77.76247799999999
12.976327 77.67339579999998
12.91093 77.60684800000001
13.0116117 77.66599399999996
12.9124 77.608653
12.9270344 77.67203089999998
12.9375662 77.56777110000007
12.853688 77.66319799999997
12.897393 77.58233199999995
12.8402388 77.65000540000005
12.850341 77.65667200000007
12.913437 77.60313300000007
12.906347 77.5444
12.884803 77.587444
12.8975022 77.58250380000004
12.913425 77.60344899999996
12.911017 77.59524999999996
12.890483 77.58178299999997
12.850378 77.65636199999994
12.8402388 77.65000540000005
12.9124 77.608653
12.853688 77.66319799999997
12.897393 77.58233199999995
12.913437 77.60313300000007
12.907382 77.59278700000004
12.9352156 77.61996079999994
12.906347 77.5444
12.925229 77.60939299999995
12.8921555 77.58218769999996
12.922078 77.559979
12.913425 77.60344899999996
12.941751 77.62145199999998
12.911017 77.59524999999996
12.9277 77.67659000000003
12.890483 77.58178299999997
12.921167 77.58216700000003
12.850378 77.65636199999994
12.8402388 77.65000540000005
12.936371 77.57799
12.9124 77.608653
12.9270344 77.67203089999998
12.853688 77.66319799999997
12.897393 77.58233199999995
12.9900048 77.66238580000004
12.913437 77.60313300000007
12.963304 77.60001799999998
12.923842 77.61122999999998
12.941787 77.62137899999993
12.975335 77.63604800000007
12.906347 77.5444
12.957867 77.702136
12.98854 77.61718910000002
12.925229 77.60939299999995
12.9688402 77.6130465
12.8921555 77.58218769999996
12.975733 77.53993300000002
12.922078 77.559979
12.913425 77.60344899999996
12.985159 77.67605800000001
12.941751 77.62145199999998
12.94812 77.69929000000002
12.911017 77.59524999999996
12.907028 77.58404670000004
12.9832453 77.59573279999995
12.9277 77.67659000000003
12.890483 77.58178299999997
12.98625 77.54128300000002
13.0054977 77.63771910000003
12.9753598 77.54215199999999
12.921167 77.58216700000003
12.9376162 77.56785020000007
12.8972539 77.58234749999997
12.9469275 77.56792129999997
12.936371 77.57799
12.962471 77.59911999999997
12.9108178 77.65211019999992
12.9375662 77.56777110000007
12.853688 77.66319799999997
12.897393 77.58233199999995