12.9645411 77.56977800000004
12.9630816 77.59215470000004
12.9745365 77.55150800000001
12.982205 77.53196700000001
12.9708355 77.5377532
12.96679 77.58731360000002
12.9759552 77.59785209999995
12.9535588 77.56998899999996
12.979863 77.58627189999993
12.971684 77.61033479999992
12.9573477 77.57731769999998
12.9589297 77.52837920000002
12.9680851 77.56998610000005
12.9667043 77.54667689999997
12.981475 77.58537409999997
12.9511532 77.53983349999999
12.9769534 77.60108409999998
12.9803877 77.56766889999994
12.9565917 77.58545320000007
12.9736236 77.61164059999999
12.9610559 77.54086289999998
12.9574428 77.60675900000001
12.9592095 77.57720410000002
12.9820546 77.53304690000004
12.95194 77.55174299999999
12.9580241 77.57716789999995
12.9676977 77.65593250000006
12.9748025 77.6253001
12.9392987 77.54209839999999
12.9899928 77.56500549999998
12.967567 77.65433299999995
12.941517 77.60858299999995
12.9994421 77.61973710000007
12.9854015 77.5424736
12.98422 77.59373699999992
12.9877905 77.60358580000002
12.9650607 77.65879689999997
12.988017 77.57461699999999
12.9939298 77.47933910000006
12.97825 77.64031699999998
12.9388158 77.59240999999997
12.9867076 77.49110440000004
12.9436754 77.55497930000001
12.9830825 77.59687919999999
12.9491616 77.56318499999998
12.9896662 77.59179689999996
12.943672 77.55499600000007
12.994735 77.55388500000004
12.9696201 77.61652290000006
12.9993217 77.61963130000004
12.9830448 77.58689179999999
12.9782392 77.64025749999996
12.9847964 77.59483460000001
12.9515064 77.62226380000004
12.941312 77.608742
12.9128685 77.52057109999998
12.8766241 77.60005109999997
12.9085608 77.61065350000001
12.9228847 77.56523709999999
12.90535 77.56278299999997
12.9301531 77.5605342
12.9587485 77.66744330000006
12.9284729 77.58150869999997
12.9362258 77.56149270000003
12.9284983 77.59058970000001
12.9222439 77.62926970000001
12.9662454 77.40062539999997
12.8689414 77.53626380000003
12.8565578 77.58898479999993
12.8915162 77.608248
12.8554152 77.42671740000003
12.95575 77.66282019999994
12.9731686 77.72712879999995
12.9217111 77.6616692
12.8399679 77.6631314
12.8263113 77.68212140000003
12.7789909 77.77165860000002
13.0360141 77.52113350000002
13.0329038 77.55382600000007
13.0344586 77.500809
13.0246907 77.54768769999998
13.0643251 77.58385390000001
13.0839847 77.56448449999993
13.0997948 77.39201639999999
13.0821196 77.42019830000004
13.0950864 77.59404419999998
13.0760675 77.63265879999994
13.0743914 77.63339369999994
13.0701772 77.78262380000001
13.0424165 77.74578930000007
13.0195831 77.64011129999994
13.0092534 77.69315200000005
13.004171 77.66600679999999
13.0195276 77.61907099999996
13.0383675 77.5895577
13.0343071 77.57638339999994
13.0055552 77.59351330000004
13.0247282 77.59319920000007
13.033433 77.58866699999999
13.040909 77.56942300000003
13.0244 77.59333300000003
13.015 77.57271700000001
12.9833058 77.6801084
13.0259881 77.58569999999997
13.018057 77.55847670000003
12.9914835 77.74867399999994
13.0630995 77.590597
13.0568582 77.59856539999998
12.853732 77.78256480000005