12.9609817 77.55972789999998
12.9582423 77.52873590000002
12.9812346 77.59510249999994
12.9742209 77.60994679999999
12.954328 77.54416470000001
12.9650413 77.53811610000002
12.9715987 77.59456269999998
12.9812241 77.59505020000006
12.973383 77.60211700000002
12.9742193 77.60994540000002
12.9616812 77.59750800000006
12.9678094 77.5921181
12.9559911 77.5919715
12.9533409 77.57211840000002
12.9785895 77.58562089999998
12.9715987 77.59456269999998
12.9713885 77.5497613
12.9719532 77.58456679999995
12.9552205 77.55675440000005
12.9583012 77.5286883
12.9772297 77.55139759999997
12.9678267 77.591453
12.9714795 77.53677719999996
12.9598029 77.57570340000007
12.9793056 77.58537810000007
12.972933 77.60334999999998
12.9755848 77.56045389999997
12.9633823 77.60348939999994
12.9821036 77.6124188
12.9605646 77.56704400000001
12.9582283 77.58265329999995
12.9648396 77.57725700000003
12.9776661 77.54948790000003
12.9734826 77.58039059999999
12.951374 77.58131200000003
12.9576111 77.56663079999998
12.9648881 77.53791509999996
12.9649377 77.554438
12.9726707 77.5456064
12.9815792 77.59548199999995
12.960905 77.63591670000005
12.968367 77.7481692
12.9118616 77.5870155
12.9814825 77.64096999999992
12.9152832 77.48161019999998
12.9716951 77.65668299999993
13.0006602 77.6164655
12.9486081 77.60162330000003
12.92685 77.55060700000001
12.9757092 77.62340180000001
13.0039458 77.68185100000005
12.9263236 77.5695336
12.9434976 77.56585999999993
12.9527492 77.51392540000006
12.9304877 77.58338389999994
12.96596 77.7184982
12.9416291 77.52460059999999
13.0092408 77.57675110000002
13.0217117 77.59280460000002
12.91025 77.60992999999996
12.9075153 77.69549499999994
12.9116109 77.60447369999997
12.9946316 77.60383790000003
13.0090057 77.56282750000003
12.9206673 77.51099610000006
12.9249051 77.49944519999997
12.9558691 77.68816049999998
12.9271561 77.62667880000004
12.9299114 77.67547839999997
12.9137174 77.59752430000003
12.9368584 77.60123939999994
13.0180419 77.64570819999994
12.938417 77.61898300000007
12.9229483 77.61764110000001
12.985017 77.66311700000006
12.9585361 77.66787039999997
12.926994 77.59181999999998
12.9138115 77.63726280000003
13.0138535 77.6523972
12.9296904 77.62139619999994
12.9193353 77.59258390000002
12.960042 77.65020849999996
13.0202133 77.64916970000002
12.9750149 77.61453180000001
13.002352 77.634233
12.9684877 77.64257359999999
13.0296943 77.56412130000001
13.011255 77.67551249999997
12.9446333 77.57394790000001
13.028983 77.620633
12.9408472 77.54567889999998
12.9070308 77.63081169999998
12.9366 77.58548300000007
12.9831216 77.53499420000003
12.937783 77.59906699999999
12.9932086 77.55446080000002
12.9884452 77.57459570000003
12.908817 77.54904999999997
12.9554468 77.61571789999994
13.001938 77.57907190000003
12.9547149 77.62081680000006
12.9554703 77.61571589999994
13.0232108 77.54905009999993
12.99684 77.57439
12.937317 77.570333
13.0200587 77.55635529999995
12.9321322 77.54190100000005
12.9446382 77.55573400000003
12.994034 77.57180900000003
12.9410181 77.55771749999997
12.9138544 77.64207599999997
12.9103713 77.60984159999998
13.0182366 77.50676249999992
12.9841055 77.58025040000007
12.934971 77.56847110000001
12.9236987 77.58609389999992
12.9956905 77.67223139999999
13.0106348 77.54649610000001
12.98452 77.52812900000004
12.9122504 77.59997870000007
13.0106537 77.52328290000003
12.9937124 77.53914420000001
13.0167869 77.48212910000007
13.0000064 77.57065920000002
12.9719715 77.69518240000002
12.9256253 77.62101259999997
12.9719577 77.69546790000004
12.954569 77.73882900000001
13.0008841 77.55816979999997
12.9214634 77.63157780000006
12.9693502 77.65379959999996
12.9894012 77.50151310000001
12.9187647 77.5575632
12.939867 77.55761699999994
13.0083681 77.55853860000002
12.9487883 77.5974688
12.9373032 77.59956790000001
12.9874689 77.60492180000006
12.9991244 77.58205620000001
12.9493617 77.53622210000003
12.9501091 77.50175890000003
12.9982018 77.45806570000002
13.0304175 77.55917180000006
12.9143181 77.52098869999998
12.9978591 77.76006099999995
12.9582656 77.47569320000002
12.995068 77.6988341
13.023849 77.58744879999995
13.0058383 77.62305509999999
12.9996553 77.4510166
13.0070417 77.5928563
12.9074638 77.695472
13.0111647 77.69589459999997
12.9377407 77.56457219999993
13.0115355 77.67571959999998
12.9227862 77.64987050000002
12.9830186 77.56105750000006
12.9830369 77.56097920000002
13.0291303 77.55858
13.0230627 77.60538070000007
12.9220264 77.6102674
13.008994 77.53946810000002
12.9872459 77.73206549999998
12.9366908 77.58554370000002
12.9871492 77.60420590000001
12.9413429 77.74663720000001
12.9959938 77.59547969999994
12.9357785 77.70529099999999
12.9976632 77.60998429999995
12.935306 77.70549989999995
13.033045 77.59066340000004
13.0333664 77.52043920000006
13.0275989 77.58451309999998
12.9834008 77.56083020000005
13.017403 77.71025609999992
12.9367068 77.58552259999999
13.0029335 77.5463694
12.9488165 77.57954429999995
13.0386304 77.57617989999994
13.075831 77.55774739999993
13.0813965 77.50084820000006
13.0510287 77.55283789999999
13.0636343 77.64890020000007
13.0973976 77.59642209999993
13.097917 77.59693300000004
13.0625322 77.58782159999998
13.0730733 77.54615079999996
13.0479367 77.48647570000003
13.0452119 77.54866019999997
13.0680334 77.62927109999998
13.0510212 77.52713070000004
13.0793473 77.6074691
13.0604878 77.71578309999995
13.0972007 77.5828884
13.0464936 77.51277479999999
13.100814 77.59561099999996
13.0951117 77.57955909999998
13.0980729 77.59651329999997
13.0401639 77.55712740000001
13.0375662 77.5006727
13.0386582 77.57626670000002
13.0627229 77.46742670000003
13.0267917 77.76819350000005
13.0739708 77.78603290000001
13.0339465 77.78650760000005
12.8977506 77.60034619999999
12.898956 77.54388169999993
12.8867203 77.5706887
12.8989605 77.54400599999997
12.88654 77.55617770000003
12.8870848 77.55784619999997
12.896461 77.55890810000005
12.8796783 77.44670389999999
12.883336 77.58319929999993
12.881667 77.60111499999994
12.856359 77.5882762
12.8623368 77.56449040000007
12.8727745 77.59611139999993
12.8397627 77.6630083
12.8192797 77.68792489999998
12.8377405 77.65841169999999
12.877563 77.64758529999995
12.8228957 77.51386639999998
12.8306213 77.58789539999998
12.8775607 77.64758460000007
12.8704432 77.62678040000003
12.8127952 77.58110399999998
12.8611039 77.78248029999997
12.8256784 77.766434
12.8850018 77.79736520000006
12.8325932 77.7350146
12.806659 77.78677349999998
12.7612138 77.79676440000003
12.7603034 77.79749390000006
13.1029418 77.16589980000003
13.1465692 77.33470020000004
12.7336061 77.29395750000003
12.7726275 77.15894739999999
13.0706265 77.24423739999997
13.2270107 77.5310862
13.2069935 77.43997420000005
12.7427822 77.44793389999995
13.1379262 77.14800509999998