12.9717468 77.59568450000006
12.971884 77.59578899999997
12.9715987 77.59456269999998
12.958714 77.59351700000002
12.981893 77.60492199999999
12.967131 77.60643499999992
12.971459 77.59461099999999
12.9816776 77.60798049999994
12.9674915 77.6068103
12.9571721 77.59268850000001
12.9815538 77.54929629999992
12.965667 77.60876200000007
12.970874 77.60649190000004
12.9800556 77.61281770000005
12.972834 77.61106399999994
12.9801745 77.58571159999997
12.982802 77.56123400000001
12.981192 77.60225000000003
12.9672257 77.60794750000002
12.974617 77.54356400000006
12.9801577 77.61280510000006
12.967591 77.61119800000006
12.9746476 77.60971769999992
12.963382 77.60348899999997
12.972329 77.59889599999997
12.966201 77.60381299999995
12.9715987 77.59456269999998
12.9805471 77.60346809999999
12.954605 77.59143500000005
12.982421 77.59785
12.9790191 77.57929190000004
12.965625 77.59372099999996
12.9798022 77.61355879999996
12.9547276 77.58287080000002
12.97343 77.60384299999998
12.957262 77.60171400000002
12.9745968 77.60573879999993
12.981663 77.60042599999997
12.962584 77.59641490000001
12.967042 77.52889849999997
12.980775 77.60235799999998
12.9537066 77.5776247
12.975275 77.60492199999999
12.9659128 77.60489519999999
12.9715987 77.59456269999998
12.96468 77.60661600000003
12.975083 77.60495000000003
12.960933 77.52673299999992
12.967862 77.58227299999999
12.9669826 77.58022970000002
12.97065 77.59961699999997
12.963764 77.58284200000003
12.968702 77.57901420000007
12.972421 77.57802500000003
12.9816448 77.60305619999997
12.971217 77.5974
12.9660327 77.59352560000002
12.9715987 77.59456269999998
12.9657455 77.60153170000001
12.975833 77.53592849999995
12.972065 77.596049
12.9654688 77.60169989999997
12.950374 77.59768609999992
12.972651 77.60893899999996
12.9631999 77.5938089
12.971796 77.59490299999993
12.975332 77.60514999999998
12.9715245 77.60673120000001
12.966216 77.60680000000002
12.970202 77.58355600000004
12.9684981 77.60077769999998
12.9715987 77.59456269999998
12.960857 77.59847400000001
12.9627082 77.5891024
12.977939 77.57657799999993
12.962473 77.59400499999992
12.974519 77.60598000000005
12.9548717 77.55566060000001
12.9737946 77.60218350000002
12.9809944 77.6020873
12.969382 77.6003359
12.979033 77.53661699999998
12.9819998 77.60894680000001
12.9742784 77.6074218
12.971598 77.594562
12.972333 77.54759999999999
12.9633823 77.60348939999994
12.9681683 77.60293360000003
12.9795192 77.60650980000003
12.971917 77.59971700000006
12.968702 77.57901420000007
12.9753531 77.60680769999999
12.975717 77.53736700000002
12.9704519 77.59968249999997
12.9664164 77.58718449999992
12.9715987 77.59456269999998
12.9660801 77.6058501
12.9715987 77.59456269999998
12.9723897 77.60870399999999
12.969807 77.63578800000005
12.968814 77.64160300000003
12.971143 77.63681299999996
12.9490644 77.57018390000007
12.976338 77.61471699999993
12.9724132 77.6229922
12.9739085 77.64396779999993
12.9592724 77.64435230000004
12.9718915 77.64115449999997
12.977487 77.635854
12.9702301 77.64193610000007
12.978033 77.63537300000007
12.965572 77.61564999999996
12.9718304 77.61919139999998
12.9715113 77.61697509999999
12.971689 77.62571400000002
12.974383 77.61423300000001
12.9740314 77.63576
12.9624696 77.64253860000008
12.965165 77.61556500000006
12.9716195 77.64481520000004
12.959791 77.641797
12.9814722 77.61921389999998
12.9701054 77.63171139999997
12.973625 77.61530900000002
12.961098 77.63475799999992
12.977883 77.63294999999994
12.9536468 77.62139300000001
12.97475 77.61438299999998
12.9725782 77.62631609999994
12.9714248 77.64106820000006
12.9615479 77.63590320000003
12.9609857 77.63873160000003
12.962595 77.64237400000002
12.9599737 77.63837749999993
12.9628918 77.64219159999993
12.958848 77.65441699999997
12.984604 77.59688099999994
12.936442 77.62663700000007
12.997229 77.61733600000002
12.9904952 77.58868510000002
12.995818 77.613338
12.9717394 77.51321170000006
12.9655311 77.64955399999997
12.9589872 77.66314569999997
12.944546 77.56773999999996
12.936359 77.614417
12.9375643 77.57970669999997
12.9421426 77.57774789999996
12.998233 77.60281899999995
12.9832453 77.59573279999995
12.9459866 77.57052650000003
12.99366 77.58193000000006
12.941493 77.60879499999999
12.974277 77.6722737
12.945814 77.57089500000006
12.985704 77.59790999999996
12.9929085 77.57144310000001
12.998801 77.66251699999998
12.9830608 77.53269079999995
12.999206 77.61574100000007
12.9681763 77.64593839999998
13.000346 77.68346599999995
12.9633026 77.66077109999992
12.943321 77.60876400000006
12.9365451 77.54474540000001
12.940688 77.57029999999997
12.9831561 77.61309510000001
12.9876923 77.54367049999996
12.989697 77.57219299999997
12.9473056 77.59481400000004
12.9414686 77.61781250000001
13.0004625 77.61518960000001
12.9730161 77.51271870000005
12.9892374 77.54128930000002
13.001523 77.62294599999996
12.960899 77.51007900000002
12.9712057 77.64738409999995
12.919568 77.60831639999992
12.9165846 77.61897079999994
12.965196 77.71342200000004
13.014969 77.70226400000001
12.9882861 77.70349590000001
13.0436655 77.61631590000002
13.0049436 77.65151839999999
13.005567 77.57969300000002
13.0215 77.65056700000002
12.9115341 77.63478580000003
13.033679 77.63257999999996
13.0252315 77.63084759999992
12.9176921 77.5969533
12.920774 77.57789300000002
12.9122556 77.510175
12.9307901 77.5760828
12.9588321 77.71343750000005
12.969661 77.75009699999998
12.9569681 77.70182490000002
13.019266 77.63428199999998
12.9644612 77.70634440000003
13.005958 77.54105299999992
12.923961 77.570021
12.911543 77.60115599999995
12.9575993 77.70126479999999
12.9259562 77.63333319999992
13.0216412 77.59280439999998
12.931582 77.57906000000003
12.926477 77.62424399999998
13.020833 77.58425799999998
13.0085113 77.49959220000005
12.9242486 77.56419370000003
12.974344 77.75725999999997
12.921071 77.583711
12.9142924 77.6106512
12.9304746 77.62976419999995
12.9338947 77.57770310000001
12.9591605 77.71591220000005
12.9136474 77.5857777
13.030429 77.53500199999996
12.958672 77.72273500000006
13.0236975 77.59285339999997
13.018771 77.63306699999998
13.0368988 77.55541849999997
13.0090802 77.54863169999999
13.0118668 77.55625199999997
13.0056554 77.57056829999999
13.025077 77.64295500000003
13.0032409 77.60397599999999
13.030774 77.63325600000007
13.0230164 77.63093750000007
13.0088476 77.56524509999997
12.9845319 77.67645970000001
12.988312 77.59581300000002
13.0103164 77.58056850000003
12.9832453 77.59573279999995
12.992297 77.60419100000001
12.9884487 77.61943429999997
12.9869919 77.60194550000006
12.9929933 77.55640210000001
12.9992137 77.5782461
13.035801 77.575106
13.016483 77.63433299999997
12.997696 77.61366900000007
12.989873 77.59259199999997
13.0030606 77.56191339999998
13.0222477 77.52477669999996
13.0008549 77.61833730000001
13.037367 77.59171700000002
12.9879714 77.57843709999997
13.024459 77.595189
13.00578 77.65070100000003
13.029733 77.59551699999997
13.0174258 77.65764349999995
13.0085861 77.54945150000003
13.002148 77.59511499999996
13.0285251 77.51971920000005
13.024993 77.63997199999994
13.00002 77.61846100000002
12.995545 77.60267899999997
12.984353 77.59853799999996
13.02305 77.61233300000004
12.9896463 77.59275530000002
12.9971503 77.61425580000002
13.0349061 77.5589976
12.9951392 77.62010759999998
13.016567 77.63578299999995
12.996092 77.57183659999998
13.0229202 77.64795939999999
12.9886415 77.5812717
13.0288896 77.57870819999994
13.037743 77.56721500000003
13.022235 77.605909
12.998754 77.62343199999998
13.035038 77.58906400000001
13.0216175 77.59245510000005
13.024489 77.59431800000004
12.9998471 77.61100529999999
13.007567 77.56355699999995
13.028187 77.57320400000003
13.0143422 77.58308349999993
13.006818 77.58128499999998
12.9963588 77.57143129999997
13.006056 77.59758299999999
13.027481 77.58601699999997
13.0113159 77.63094479999995
13.020467 77.652917
12.996828 77.57337299999995
13.024919 77.63428099999999
13.0048276 77.65377999999998
12.997567 77.62130000000002
13.025819 77.63721499999997
13.006272 77.63707599999998
13.017415 77.63660400000003
13.0230793 77.5938463
13.0240966 77.64359109999998
13.0083247 77.64226970000004
13.0075482 77.56522989999996
13.001853 77.571278
12.9979326 77.61523269999998
13.017478 77.65606100000002
13.0094 77.649317
12.9980681 77.6150275
13.0245231 77.64072579999993
13.010333 77.64831700000002
12.996885 77.619374
13.014444 77.629186
12.9969734 77.58718850000002
13.0164333 77.65576469999996
13.01535 77.64236700000004
13.0212126 77.60022879999997
13.0216412 77.59280439999998
13.0024693 77.60098259999995
12.9969734 77.58718850000002
13.008141 77.56480799999997
13.0044584 77.56923400000005
13.0262691 77.5891431
13.008583 77.57061699999997
13.0158971 77.64886350000006
13.027633 77.59353299999998
13.0227688 77.63748839999994
13.028851 77.60106999999994
12.998117 77.60073299999999
13.026467 77.60406699999999
13.0083649 77.63063829999999
13.0018858 77.56643600000007
13.0279101 77.63218940000002
13.0245231 77.64072579999993
13.024583 77.59506699999997
13.019579 77.655798
13.020117 77.64335000000005
13.0001512 77.63356590000001
13.0096708 77.65755100000001
13.011032 77.65280340000004
12.997367 77.62068299999999
13.0245231 77.64072579999993
13.019883 77.60521700000004
13.0138903 77.62650859999997
13.0052409 77.59879180000007
13.018594 77.59231729999999
13.011583 77.61393299999997
13.020467 77.59383300000002
13.0170025 77.62028980000002
13.019568 77.596813
13.0197412 77.58691240000007
13.0188331 77.61886690000006
13.020467 77.59383300000002
13.0130551 77.61582520000002
13.0177198 77.59198600000002
13.0076941 77.62186829999996
13.014433 77.61331700000005
13.005033 77.59931699999993
13.0186 77.58781699999997
13.020467 77.59606699999995
13.0159573 77.5972448
13.0089734 77.56362820000004
13.005233 77.57846700000005
13.007909 77.58314799999994
13.01132 77.54527000000007
13.0212703 77.55811080000001
13.0170496 77.55363820000002
13.01165 77.54368299999999
13.0098727 77.54378309999993
13.0119578 77.54482039999994
13.022638 77.55277109999997
13.0121931 77.55607510000004
13.0222845 77.55657589999998
13.023187 77.55269199999998
13.023351 77.5592044
13.022629 77.55915099999993
13.0203844 77.55729569999994
13.0179707 77.55870559999994
13.0231838 77.56065920000003
13.0232481 77.55646249999995
13.0104875 77.54549259999999
13.0079417 77.54744030000006
13.0279661 77.54091560000006
13.0161812 77.54116249999993
13.0245417 77.55799339999999
13.025503 77.55757799999992
13.0265195 77.56017470000006
13.027124 77.57827499999996
13.024088 77.55697220000002
13.0272996 77.5581128
13.0238417 77.556779
13.0277539 77.55621280000003
13.0279545 77.56188499999996
13.0282629 77.56141559999992
13.0272431 77.5780959
13.027328 77.57728799999995
13.0355852 77.56065450000006
13.0295008 77.55819789999998
13.030861 77.57754599999998
13.0326977 77.56021329999999
13.0357433 77.55516940000007
13.036 77.56648100000007
13.0338446 77.56755079999994
13.031417 77.57701399999996
13.035017 77.56771700000002
13.0346717 77.54117410000003
13.0337269 77.56603169999994
13.0312013 77.55964530000006
13.0341013 77.56044129999998
13.0328267 77.56029469999999
13.0324919 77.55417460000001
13.0298824 77.55350440000007
13.0341329 77.55966169999999
13.0314823 77.56211400000007
13.0356443 77.55450180000003
13.0340617 77.56460170000003
13.0357416 77.55495680000001
13.0324204 77.55813050000006
13.0355829 77.54885209999998
13.0285947 77.55890399999998
13.0361193 77.57224670000005
13.0299591 77.55903949999993
13.0323234 77.55997120000006
13.0299921 77.55356440000003
13.0287113 77.55805409999994
13.0312866 77.55400299999997
13.031072 77.56227760000002
13.0291072 77.56075570000007
13.033784 77.56407100000001
13.0327885 77.55780159999995
13.033392 77.56136200000003
13.0323093 77.55556309999997
13.0583308 77.59896809999998
13.0638386 77.59017530000006
13.070689 77.558358
13.049953 77.54249000000004
13.058064 77.58684300000004
13.0711624 77.53829599999995
13.0631411 77.62067690000003
13.0494356 77.64568600000007
13.062766 77.58698400000003
13.047942 77.62899900000002
13.058989 77.55413699999997
13.0579068 77.50585360000002
13.063141 77.620677
13.0384045 77.60990700000002
13.0427978 77.54713479999998
13.048593 77.64582700000005
13.057369 77.60465599999998
13.0487665 77.51782700000001
13.0327543 77.63000549999992
13.0344216 77.58952249999993
13.0605465 77.5939813
13.0587407 77.6027732
13.0661481 77.5220865
13.0323 77.63637900000003
13.0489866 77.64567929999998
13.036648 77.50371599999994
13.047713 77.59190390000003
13.0633239 77.59807139999998
13.046703 77.512879
13.0524681 77.47318589999998
13.0561408 77.62210909999999
13.0433299 77.51822900000002
13.0350508 77.58900140000003
13.042467 77.57928300000003
13.0584532 77.64072579999993
13.0443672 77.49600780000003
13.0795764 77.587628
13.030722 77.60464300000001
13.083115 77.60167120000006
13.0974571 77.59771090000004
13.086375 77.58382899999992
13.121276 77.609825
13.093204 77.57756799999993
13.084934 77.55299200000002
13.1258688 77.64030579999996
13.102844 77.58304599999997
13.101204 77.58263799999997
13.136111 77.60472099999993
13.0826043 77.58709069999998
13.1039458 77.57691950000003
13.1376034 77.60324689999993
13.098424 77.59640300000001
13.1042029 77.616713
13.1215588 77.61276479999992
13.08967 77.48800200000005
13.107141 77.57549500000005
13.1376034 77.60324689999993
13.0993094 77.63412649999998
13.1113785 77.60440640000002
13.121167 77.60788100000002
13.077987 77.63379299999997
13.136111 77.60472099999993
13.106944 77.57853
13.079386 77.55989
13.099491 77.56839000000002
13.1037013 77.56383329999994
13.118908 77.62001800000007
13.101912 77.59544099999994
13.104245 77.57131900000002
13.1059166 77.54741009999998
13.094667 77.58031600000004
13.098535 77.57935700000007
13.0710086 77.56046450000008
13.0721993 77.63352209999994
13.0695416 77.55992319999996
13.073123 77.52130999999997
13.0750067 77.52771129999996
13.072456 77.51769200000001
13.073413 77.55549399999995
13.074985 77.55776500000002
13.047713 77.59190390000003
13.05015 77.50781699999993
13.058085 77.60855900000001
13.058117 77.587717
13.0519736 77.50832430000003
13.050511 77.59769299999994
13.048451 77.51458290000005
13.0505404 77.51607890000002
13.0497866 77.50729799999999
13.0571719 77.50195429999997
13.0502419 77.50778609999998
13.0593841 77.61009250000006
13.075438 77.43555400000002
13.0478953 77.59775960000002
13.052913 77.60148600000002
13.0595106 77.57385210000007
13.0470877 77.54798679999999
13.065978 77.59952499999997
13.065909 77.61994200000004
13.0500495 77.51537280000002
13.0497395 77.51678649999997
13.0657883 77.58773180000003
13.0494978 77.51490100000001
13.0601516 77.50580330000003
13.0521532 77.51412349999998
13.062494 77.58682599999997
13.0519844 77.51336379999998
13.0500116 77.5165892
13.0499904 77.51663209999992
13.0657878 77.4427531
13.066733 77.50311699999997
13.0034444 77.70228199999997
13.003092 77.721855
13.003274 77.55018100000007
13.002495 77.55303400000003
13.0057926 77.70841510000002
12.9553711 77.49979289999999
12.970286 77.49303499999996
12.986549 77.55626810000001
12.9884468 77.57770570000002
12.980176 77.51075100000003
12.991652 77.50460840000005
12.9912982 77.5857724
12.947683 77.57142199999998
12.9906288 77.5666516
12.9909062 77.57365549999997
12.984987 77.59663899999998
12.9976971 77.5598354
12.9872164 77.554531
12.9836158 77.56007509999995
12.98461 77.59656399999994
12.986633 77.57688299999995
13.0085113 77.49959220000005
12.9957289 77.54187909999996
13.0100847 77.53859220000004
13.0031804 77.54698529999996
13.0002556 77.51080430000002
12.9978127 77.54624969999998
12.98595 77.52223500000002
12.986292 77.54069700000002
13.00083 77.54655000000002
12.9968222 77.48990649999996
13.0103512 77.53297880000002
12.998793 77.50551399999995
13.013501 77.531969
12.9935602 77.54720050000003
12.997846 77.54642639999997
13.0003605 77.48396879999996
13.0010211 77.48034610000002
12.991604 77.49429800000007
13.0061339 77.54799920000005
13.0069349 77.50297160000002
13.0100282 77.53290340000001
12.999665 77.54027980000001
12.9964573 77.54657759999998
13.0144081 77.52035869999997
12.9979003 77.48940659999994
12.9948565 77.4893664
12.995929 77.49581439999997
12.990482 77.48998400000005
13.0151196 77.52039590000004
12.99569 77.53639999999996
13.0004798 77.53628630000003
13.0049958 77.53537269999993
12.990507 77.45246399999996
12.993339 77.54621010000005
13.0051741 77.52645669999993
12.989633 77.54258479999999
13.008451 77.5420785
13.0001256 77.50407969999992
12.9988803 77.54156290000003
12.9941261 77.52768650000007
12.9961923 77.53996660000007
13.00429 77.54437000000007
12.9959532 77.54018559999997
13.0032428 77.53331000000003
13.0122551 77.48406599999998
12.9995601 77.48931379999999
13.001423 77.50769700000001
13.012299 77.52459399999998
13.0155707 77.52490230000001
12.9988735 77.52786149999997
12.9926259 77.54767160000006
13.0090498 77.52720840000006
12.9997192 77.48809600000004
13.0075781 77.51711990000001
12.996141 77.54738429999998
13.006577 77.52679699999999
13.0068787 77.52695449999999
12.9878963 77.53022379999993
13.001496 77.54024200000003
12.992547 77.45756699999993
13.0159343 77.52248299999997
13.01541 77.52014710000003
12.9919555 77.53549399999997
13.0001681 77.53537899999992
12.9999871 77.48627680000004
13.0007264 77.53580549999992
12.9874 77.51446699999997
12.9899359 77.50497380000002
12.9999015 77.48664600000006
13.0036299 77.52605700000004
13.0079584 77.53128629999992
13.0081064 77.48900129999993
12.9976268 77.5464187
12.9953091 77.53879430000006
13.0073743 77.54162150000002
13.0030586 77.52250909999998
13.0146792 77.4877219
13.009364 77.52646099999993
12.9866413 77.49042859999997
12.987894 77.49389799999994
13.0005562 77.5359919
12.9886167 77.54744430000005
13.011378 77.52207759999999
12.9861073 77.52513469999997
13.0146832 77.53035729999999
12.9964119 77.54697290000001
13.0069617 77.52577300000007
13.0161907 77.5264942
13.0045276 77.48730039999998
13.004593 77.48747379999998
12.985762 77.58415020000007
13.00195 77.55174999999997
12.981033 77.51151700000003
12.9910772 77.57399320000002
12.9789554 77.57483760000002
12.973655 77.50385600000004
12.9940996 77.58091050000007
12.9893786 77.57588129999999
12.9739755 77.5789201
12.967386 77.52539619999993
12.981 77.511167
12.983054 77.556599
12.9717394 77.51321170000006
12.9787236 77.5749922
12.9789554 77.57483760000002
12.988239 77.55457200000001
13.00158 77.54885000000002
12.9697295 77.57021429999998
12.9757774 77.56025590000002
12.9766232 77.54116249999993
13.040056 77.50785799999994
13.0443672 77.49600780000003
13.025515 77.49756000000002
13.0453579 77.52173429999993
13.0322107 77.52665209999998
13.0359529 77.52539969999998
13.035185 77.522872
13.033398 77.52815599999997
13.0458815 77.5158298
13.0285439 77.51971909999997
13.045087 77.50515799999994
13.039376 77.50031000000001
13.039582 77.49993199999994
13.0187548 77.50134129999992
13.04292 77.55338200000006
13.0434142 77.55342530000007
13.0450852 77.55028570000002
13.0209387 77.52831739999999
13.0426796 77.55045740000003
13.020361 77.46732900000006
13.0189131 77.53052960000002
13.020914 77.51464599999997
13.0427426 77.55323320000002
13.078437 77.42881399999999
13.087419 77.41100600000004
13.083217 77.40164299999992
13.087419 77.41100600000004
13.0665085 77.64048009999999
13.042467 77.57580000000007
13.066989 77.63666899999998
13.0680223 77.62916849999999
13.062224 77.65627999999992
13.0651481 77.63020949999998
13.1705976 77.63202039999999
13.1585359 77.48883879999994
13.097576 77.395986
12.910491 77.5857168
12.908323 77.795433
12.9075825 77.6658486
12.8742713 77.64390279999998
12.8275125 77.70861289999993
12.892401 77.60172899999998
12.871091 77.65849100000003
12.8443973 77.67462720000003
12.9083768 77.58764769999993
12.902981 77.67524849999995
12.889582 77.58673599999997
12.9037995 77.58556780000004
12.9105895 77.62305820000006
12.849722 77.72918299999992
12.865851 77.58050300000002
12.906001 77.70380899999998
12.908135 77.64760799999999
12.896401 77.56949499999996
12.925454 77.58431799999994
12.913667 77.61004660000003
12.90128 77.58420999999998
12.888032 77.59093699999994
12.918268 77.62142300000005
12.9248648 77.63273179999999
12.935692 77.61715000000004
12.922822 77.59345459999997
12.9352156 77.61996079999994
12.9175879 77.60373800000002
12.9188029 77.61279880000006
12.905337 77.58504599999992
12.931941 77.58008889999996
12.92472 77.67530299999999
12.915936 77.63812400000006
12.9171661 77.6337436
12.928202 77.63552300000003
12.933379 77.51631199999997
12.9225787 77.61941589999992
12.9316556 77.62269590000005
12.932733 77.51519099999996
12.847368 77.77152999999998
12.933577 77.515894
12.922755 77.58482700000002
12.950956 77.69924900000001
12.91397 77.651925
12.9070298 77.69580300000007
12.919749 77.56612100000007
12.9191471 77.57896900000003
12.92994 77.60246699999993
12.9180057 77.5778292
12.921036 77.63356499999998
12.9241045 77.58364059999997
12.9243943 77.56686960000002
12.857263 77.78720399999997
12.8612823 77.78587590000006
12.8612823 77.78587590000006
12.909674 77.614373
12.914567 77.59993299999996
12.9256745 77.67562079999993
12.9075981 77.64788520000002
12.9261366 77.51550450000002
12.9365451 77.54474540000001
12.9215209 77.61724950000007
12.9321073 77.62280229999999
12.9333013 77.54572400000006
12.9389985 77.57095600000002
12.9263594 77.5709574
12.8801665 77.64604580000002
12.908744 77.61035000000004
12.8978624 77.5845084
12.8844599 77.63642989999994
12.890733 77.57921499999998
12.8911857 77.62523239999996
12.8805424 77.60149720000004
12.8970012 77.58184329999995
12.9091077 77.63035660000003
12.890492 77.64062899999999
12.8914291 77.64098420000005
12.8902939 77.64681819999998
12.890818 77.58419419999996
12.909073 77.649363
12.8977117 77.62150110000005
12.860014 77.61255000000006
12.8937555 77.57299769999997
12.9007271 77.63205849999997
12.845192 77.67669699999999
12.891539 77.64122799999996
12.9062845 77.61032939999996
12.9076818 77.6261839
12.9069919 77.65025500000002
12.9059967 77.59675199999992
12.9059861 77.5975191
12.903868 77.60904099999993
12.9092131 77.61243890000003
12.892251 77.58169399999997
12.9028384 77.62403210000002
12.8983601 77.61794650000002
12.8755522 77.6026382
12.8927411 77.64305230000002
12.846856 77.65153800000007
12.902683 77.58379500000001
12.9010466 77.58580959999995
12.8988744 77.67542830000002
12.910491 77.5857168
12.910491 77.5857168
12.9101219 77.59141239999997
12.883182 77.60980900000004
12.8836467 77.58287730000006
12.88983 77.59728599999994
12.9087292 77.6109854
12.888359 77.59942000000001
12.886895 77.63110000000006
12.90125 77.60101699999996
12.9091406 77.60990019999997
12.90665 77.70092299999999
12.890917 77.59626700000001
12.8883018 77.5820837
12.910103 77.61026429999993
12.8874498 77.58205420000002
12.890786 77.58194589999994
12.890783 77.59671700000001
12.8655678 77.5806758
12.896762 77.58544299999994
12.896715 77.58634400000005
12.8912377 77.59344490000001
12.8924597 77.5808773
12.9042791 77.62738960000001
12.8809752 77.58398
12.8792171 77.58397930000001
12.906181 77.6985512
12.903987 77.58562499999994
12.9069457 77.63575270000001
12.90605 77.60591699999998
12.8941873 77.62002719999998
12.908483 77.61367440000004
12.8960734 77.58165120000001
12.910491 77.5857168
12.8815053 77.59602410000002
12.908345 77.58646199999998
12.910562 77.58074899999997
12.8748404 77.59966359999999
12.8855656 77.57526380000002
12.930806 77.54861299999993
12.9235459 77.58606099999997
12.92379 77.58803499999999
12.9254037 77.56095690000006
12.9162461 77.61216769999999
12.923591 77.56052599999998
12.9301883 77.6068646
12.9170033 77.60735750000003
12.9191536 77.57819380000001
12.9155474 77.5616513
12.9197131 77.57718799999998
12.9281931 77.57703779999997
12.925122 77.63171060000002
12.918333 77.55860000000007
12.914629 77.63664700000004
12.9292761 77.58168189999992
12.923523 77.60979399999997
12.9180223 77.58916769999996
12.916345 77.60401100000001
12.928223 77.609419
12.9329996 77.63228030000005
12.91979 77.59255400000006
12.9360072 77.61486360000004
12.919368 77.59511199999997
12.9342312 77.612797
12.9111335 77.54921530000001
12.915674 77.63119000000006
12.9171053 77.60711400000002
12.9335048 77.62872730000004
12.925769 77.56016199999999
12.9215071 77.60349470000006
12.9213769 77.58113789999993
12.9134505 77.6079188
12.9295779 77.63056589999997
12.9207078 77.58381970000005
12.9302353 77.63373560000002
12.9149818 77.6055265
12.9304752 77.62976079999999
12.93535 77.57393100000002
12.9258157 77.5634718
12.925831 77.617074
12.9304118 77.63300559999993
12.935364 77.61313689999997
12.916551 77.60438699999997
12.928245 77.586232
12.91464 77.59044900000004
12.9168169 77.5756682
12.915999 77.60599500000001
12.920633 77.59263299999998
12.913835 77.58820700000001
12.9151915 77.58476810000002
12.9139335 77.61004120000007
12.9274529 77.590597
12.921952 77.58540399999993
12.9207526 77.58345959999997
12.920461 77.59203000000002
12.9219773 77.58354280000003
12.922514 77.58780999999999
12.9263311 77.58316680000007
12.9262616 77.60993499999995
12.922535 77.588614
12.9219483 77.61992669999995
12.9234285 77.58090010000001
12.9169903 77.59696129999998
12.922472 77.58993399999997
12.9169399 77.60052489999998
12.9172722 77.58646169999997
12.918127 77.58945100000005
12.91459 77.61501999999996
12.91975 77.5761
12.9144262 77.60566100000005
12.9189921 77.57384019999995
12.916883 77.58701700000006
12.9218006 77.58644159999994
12.9233969 77.61247679999997
12.9290335 77.58520440000007
12.9217896 77.58367659999999
12.9197983 77.61027650000005
12.9228747 77.6101218
12.916167 77.60050000000001
12.920283 77.61204999999995
12.929949 77.58507299999997
12.9174651 77.589789
12.9162036 77.61008040000002
12.92055 77.59281699999997
12.927586 77.61101600000006
12.9229021 77.61011340000005
12.9157213 77.60995350000007
12.919244 77.57882700000005
12.919385 77.57937130000005
12.9252837 77.61079700000005
12.9300707 77.58517860000006
12.9178216 77.60730390000003
12.9197134 77.61713510000004
12.9216721 77.5733467
12.9214721 77.60950460000004
12.9289773 77.58469379999997
12.9241077 77.61707039999999
12.918267 77.57788299999993
12.9204398 77.5958276
12.9296537 77.57643189999999
12.9197666 77.618154
12.9231829 77.61884229999998
12.9155621 77.60562779999998
12.921835 77.58841400000006
12.9286501 77.60053629999993
12.92235 77.59682499999997
12.9191193 77.60814870000002
12.9213228 77.61031490000005
12.924709 77.58956799999999
12.9181003 77.6078771
12.924823 77.60906999999997
12.921187 77.61103600000001
12.9203183 77.59321219999993
12.9233505 77.59638229999996
12.9190062 77.59655150000003
12.9184722 77.59429479999994
12.9185434 77.59037910000006
12.9208307 77.60262499999999
12.9218323 77.59355979999998
12.924847 77.58803699999999
12.922504 77.58843200000001
12.9186137 77.59343609999996
12.918115 77.58945399999993
12.9258889 77.60025659999997
12.926299 77.60925299999997
12.9186284 77.595775
12.9201617 77.58711349999999
12.9200578 77.60025129999997
12.9395633 77.6302508
12.9433545 77.6096106
12.937576 77.56938400000001
12.898778 77.55768
12.943208 77.61265800000001
12.9396065 77.62581939999995
12.939134 77.58105980000005
12.941747 77.59259780000002
12.9375463 77.58178350000003
12.9422304 77.57483760000002
12.9375582 77.58564810000007
12.942117 77.57536099999993
12.9411123 77.58316479999996
12.9407535 77.57911250000006
12.9412798 77.593074
12.9427232 77.57703919999994
12.9375582 77.58564810000007
12.9377786 77.57280800000001
12.9392928 77.58077980000007
12.940755 77.57817399999999
12.9393039 77.57896630000005
12.9412585 77.57671579999999
12.941039 77.61681629999998
12.939611 77.57131800000002
12.943128 77.54152870000007
12.950454 77.62431100000003
12.935525 77.54169019999995
12.9405904 77.57196699999997
12.9316556 77.62269590000005
12.9320326 77.59599759999992
12.932583 77.583617
12.9369339 77.624595
12.950872 77.62338599999998
12.942549 77.57105899999999
12.9459224 77.5768213
12.929918 77.56084799999996
12.9330482 77.55704489999994
12.9392974 77.6218374
12.936733 77.55905000000007
12.9339541 77.61075849999997
12.9520188 77.62088159999996
12.944379 77.59765900000002
12.935307 77.55853100000002
12.9418787 77.62163929999997
12.939083 77.55171700000005
12.9449863 77.5710186
12.9316556 77.62269590000005
12.929039 77.55794000000003
12.9489814 77.59775960000002
12.9308311 77.58489600000007
12.9467171 77.62284169999998
12.9431904 77.54181169999993
12.9550306 77.57908509999993
12.9547691 77.60062449999998
12.9244537 77.56405889999996
12.928768 77.55736100000001
12.9377129 77.56815699999993
12.928317 77.56791699999997
12.9350507 77.56685689999995
12.9356906 77.56884390000005
12.9316985 77.57579680000003
12.9314118 77.56694960000004
12.9284159 77.56240969999999
12.930579 77.58405300000004
12.9438609 77.5548334
12.9440743 77.55649770000002
12.932846 77.56845499999997
12.935178 77.55459599999995
12.941869 77.56443100000001
12.930867 77.58283299999994
12.940767 77.55791699999997
12.9310154 77.57857059999992
12.93435 77.57155
12.9344292 77.5567479
12.9372518 77.55831360000002
12.9421962 77.57114000000001
12.943617 77.56466699999999
12.9311925 77.56707940000001
12.9432946 77.55897270000003
12.9313755 77.57483230000003
12.9295054 77.55199300000004
12.93419 77.57335109999997
12.9329463 77.58386919999998
12.9365797 77.5600028
12.9443353 77.55720050000002
12.9348455 77.55686549999996
12.9444396 77.55635989999996
12.9376923 77.55805609999993
12.9307991 77.59263310000006
12.931775 77.58374800000001
12.9365855 77.56224470000006
12.9416736 77.54820410000002
12.9336704 77.56525820000002
12.9363844 77.54848830000003
12.937463 77.56937100000005
12.9419977 77.55787609999993
12.9366728 77.56682090000004
12.9280874 77.57883199999992
12.9305756 77.55344969999999
12.9329078 77.5568968
12.9366568 77.55918900000006
12.93417 77.58343390000005
12.938319 77.55433859999994
12.9388343 77.55307049999999
12.9301521 77.55329549999999
12.928325 77.55016899999998
12.9300109 77.59264050000002
12.9294923 77.55201799999998
12.9286237 77.59329830000001
12.9382831 77.56322669999997
12.929432 77.59242399999994
12.9299557 77.57631119999996
12.9316503 77.59228089999999
12.943517 77.58851299999992
12.916633 77.561467
12.918217 77.55615
12.918433 77.55870000000004
12.9104383 77.55540880000001
12.9170219 77.55493799999999
12.914917 77.54146700000001
12.9186814 77.55366630000003
12.918119 77.56002999999998
12.9160987 77.55454609999992
12.9169964 77.5613214
12.9126409 77.54047930000002
12.913197 77.550207
12.915601 77.56158060000007
12.9125229 77.55714480000006
12.9153608 77.56220510000003
12.9150353 77.56272719999993
12.9170115 77.55490179999993
12.913329 77.55873840000004
12.912039 77.56176200000004
12.91615 77.54188299999998
12.892551 77.525484
12.9087562 77.53570730000001
12.9140753 77.52054509999994
12.9123968 77.5876194
12.9091298 77.56401729999993
12.9122556 77.510175
12.912203 77.52894900000001
12.9235316 77.57011310000007
12.902457 77.56282199999998
12.9215274 77.57119749999993
12.92145 77.52058299999999
12.9087393 77.54904770000007
12.9174411 77.52079759999992
12.91258 77.581007
12.922712 77.52051800000004
12.9114527 77.58499710000001
12.9070631 77.54656479999994
12.9091272 77.54895169999998
12.90266 77.54474540000001
12.9136442 77.58602050000002
12.9247245 77.55585180000003
12.9144066 77.5649108
12.9057861 77.54263889999993
12.9128507 77.58622700000001
12.910117 77.55520000000001
12.9179534 77.52034179999998
12.907517 77.52099999999996
12.913342 77.58607899999993
12.9008999 77.51023209999994
12.921733 77.55581699999993
12.9066689 77.5699118
12.908248 77.53484100000003
12.9087798 77.54889879999996
12.9091922 77.54874080000002
12.9079281 77.53401710000003
12.9045926 77.53159119999998
12.904245 77.55038300000001
12.902595 77.51995599999998
12.893279 77.554034
12.9004843 77.55759990000001
12.9027574 77.51968979999992
12.9060742 77.55820159999996
12.9074399 77.52167469999995
12.898434 77.55774500000007
12.892713 77.52789600000006
12.9149151 77.51873560000001
12.902703 77.51057300000002
12.902596 77.51047399999993
12.917679 77.47435870000004
12.9 77.48333300000002
12.915707 77.48192700000004
12.9116004 77.48505009999997
12.911844 77.48501199999998
12.9115726 77.4851731
12.917883 77.51363300000003
12.9190425 77.48343939999995
12.9101826 77.48299420000001
12.922717 77.54351700000007
12.9218731 77.5086642
12.9204124 77.4839819
12.917906 77.48399900000004
12.9244629 77.5075713
12.920783 77.51244999999994
12.9203676 77.51561560000005
12.901796 77.45370400000002
12.921353 77.520486
12.9250981 77.54398560000004
12.925098 77.51658499999996
12.929183 77.51080000000002
12.9309886 77.53944290000004
12.9321761 77.5325325
12.9407123 77.54331219999995
12.9396767 77.54280270000004
12.9310376 77.54307900000003
12.9400437 77.5410412
12.934527 77.54352199999994
12.938403 77.47897690000002
12.9397345 77.54236949999995
12.9329032 77.53949450000005
12.933302 77.54184299999997
12.926384 77.51462800000002
12.9313269 77.49731450000002
12.9334574 77.5328293
12.9409387 77.53968669999995
12.9260968 77.5156829
12.940904 77.48883899999998
12.9406096 77.54456490000007
12.9589193 77.52415900000005
12.941953 77.521387
12.949783 77.52684999999997
12.957233 77.53206699999998
12.951367 77.53981699999997
12.959 77.52501699999993
12.947883 77.52641700000004
12.951583 77.52523300000007
12.957943 77.53439600000002
12.943367 77.54131699999994
12.9456009 77.49526289999994
12.948438 77.49134800000002
12.957538 77.52325270000006
12.9513788 77.49594019999995
12.956015 77.49326599999995
12.958922 77.52354509999998
12.9521809 77.52359039999999
12.9533844 77.48009750000006
12.951468 77.49214499999994
12.9513399 77.49578059999999
12.9412456 77.53972929999998
12.9511236 77.49233230000004
12.9419791 77.47989889999997
12.9513259 77.49223269999993
12.9566521 77.53336000000002
12.958647 77.52784700000007
12.9512363 77.49306720000004
12.9571334 77.53218990000005
12.947795 77.54075799999998
12.95757 77.48310300000003
12.951584 77.480005
12.9582191 77.52155960000005
12.951468 77.49214499999994
12.9429946 77.53919719999999
12.9424542 77.52570229999992
12.9513506 77.49604279999994
12.9584491 77.5163255
12.9579846 77.53542949999996
12.956802 77.53082399999994
12.9413932 77.47910760000002
12.9589507 77.52172519999999
12.974362 77.48639700000001
12.9968709 77.4898958
12.9960065 77.48932519999994
12.9995157 77.4884025
12.9996853 77.48791299999993
12.9974694 77.4972689
12.9919955 77.78376189999994
13.004187 77.75689
12.7849458 77.62632719999999
12.782171 77.67042100000003
12.8320963 77.65526180000006
12.833252 77.66204900000002
12.8230151 77.60544779999998
12.827954 77.68264899999997
12.8597947 77.78539180000007
12.9195144 77.64905999999996
12.9163223 77.64875610000001
12.8420568 77.66309649999994
12.9124011 77.59986149999997
12.857737 77.78631100000007
12.912217 77.63703299999997
12.913583 77.63713299999995
12.9135 77.60622000000001
12.9169883 77.6293402
12.870336 77.65526599999998
12.8704037 77.6544242
12.864663 77.593974
12.858425 77.588349
12.854707 77.620855
12.854458 77.65872100000001
12.902467 77.41026799999997
12.7415253 77.72854510000002
12.9596866 77.64514450000001
12.9592015 77.66175720000001
12.9394918 77.63033489999998
12.946441 77.64646100000004
12.9649195 77.63855430000001
12.9592971 77.64342520000002
12.964524 77.64671299999998
12.9561587 77.65445399999999
12.9608785 77.64394829999992
12.960317 77.637833
12.960083 77.63581699999997
12.965981 77.60921400000007
12.9604781 77.65756399999998
12.959529 77.60185019999994
12.957909 77.65952100000004
12.9580672 77.60595349999994
12.94365 77.60763299999996
12.942933 77.628333
12.9653192 77.65862349999998
12.9496602 77.62477630000001
12.9398423 77.6205943
12.9587563 77.63825650000001
12.9630627 77.59981570000002
12.9548374 77.68651440000008
12.9424677 77.63084060000006
12.9643 77.64094999999998
12.933755 77.63008100000002
12.9565069 77.60555399999998
12.93593 77.61669200000006
12.961446 77.61363899999992
12.9592607 77.66131819999998
12.963883 77.68211700000006
12.9558522 77.69178119999992
12.9364447 77.61486289999993
12.96225 77.63773300000003
12.943043 77.60766220000005
12.9400842 77.62954330000002
12.9424941 77.62815969999997
12.960249 77.63795900000002
12.947715 77.59829200000001
12.9527838 77.60067140000001
12.950046 77.62367599999993
12.9365343 77.6204467
12.9613281 77.65643120000004
12.940891 77.61830759999998
12.9386092 77.63030409999999
12.9428043 77.59950189999995
12.9672505 77.59939020000002
12.9590384 77.58272809999994
12.9660407 77.61548889999995
12.967967 77.61111200000005
12.9674579 77.59960209999997
12.9679742 77.59261560000004
12.9655305 77.58678229999998
12.9652981 77.58418119999999
12.95949 77.59345959999996
12.96055 77.58098300000006
12.957004 77.59682870000006
12.966446 77.58148800000004
12.967483 77.60826799999995
12.9657294 77.59445570000003
12.9662539 77.58154260000003
12.9579159 77.59362759999999
12.953732 77.58007799999996
12.9569409 77.5882719
12.9632538 77.61222729999997
12.9584367 77.59244939999996
12.9647943 77.59657900000002
12.9581195 77.58556279999993
12.9679107 77.60600569999997
12.956903 77.61493799999994
12.9584769 77.59171279999998
12.954964 77.61686199999997
12.9634541 77.61576450000007
12.957063 77.58629599999995
12.9533657 77.62162639999997
12.9580672 77.60595349999994
12.9591839 77.60166140000001
12.953679 77.61762499999998
12.957327 77.614689
12.9526315 77.61494800000003
12.9606491 77.59816249999994
12.9636793 77.59718780000003
12.9555866 77.61872199999993
12.962122 77.6050457
12.9557196 77.61639749999995
12.9540995 77.61688249999997
12.957423 77.61490800000001
12.9601907 77.58885050000004
12.9578074 77.61516099999994
12.9559748 77.61865390000003
12.953204 77.61699199999998
12.9674996 77.60615380000002
12.957572 77.61487299999999
12.9586178 77.60117400000001
12.9677038 77.61117489999992
12.957693 77.61481700000002
12.9649786 77.5925436
12.9610474 77.59730489999993
12.951838 77.58040099999994
12.9601397 77.58906139999999
12.9715987 77.59456269999998
12.9570573 77.56559649999997
12.9616429 77.57767899999999
12.9715987 77.59456269999998
12.9715987 77.59456269999998
12.9715987 77.59456269999998
12.9709189 77.59761520000006
12.9715987 77.59456269999998
12.971606 77.59437600000001
12.9715987 77.59456269999998
12.9715987 77.59456269999998
12.9715987 77.59456269999998
12.9603488 77.56750850000003
12.967737 77.57118000000003
12.958715 77.56919399999992
12.9715987 77.59456269999998
12.9715987 77.59456269999998
12.969851 77.58361000000002
12.956921 77.56566199999997
12.9715987 77.59456269999998
12.9710912 77.59723150000002
12.971606 77.59437600000001
12.958056 77.55913899999996
12.959907 77.56076600000006
12.9715987 77.59456269999998
12.960808 77.56191999999999
12.9709072 77.60085720000006
12.959518 77.56702399999995
12.9715987 77.59456269999998
12.9715987 77.59456269999998
12.9715987 77.59456269999998
12.9579028 77.57627539999999
12.962867 77.57164999999998
12.9584705 77.55456559999993
12.960748 77.56066299999998
12.9715987 77.59456269999998
12.971599 77.594563
12.9715987 77.59456269999998
12.9723419 77.59870619999992
12.9645319 77.55378010000004
12.970351 77.59497639999995
12.9715987 77.59456269999998
12.9702674 77.59454729999993
12.960196 77.56144799999993
12.9715987 77.59456269999998
12.9715987 77.59456269999998
12.9715987 77.59456269999998
12.9715987 77.59456269999998
12.958616 77.56538999999998
12.9660696 77.57206369999994
12.9576051 77.70117329999994
12.973226 77.75002900000004
12.9923815 77.67061739999997
12.988845 77.63356499999998
12.9962796 77.66778049999994
12.994683 77.67226699999992
12.992633 77.66378299999997
12.994963 77.67258400000003
13.0015952 77.66156360000002
12.9968379 77.67183810000006
13.0018761 77.66140050000001
12.9932776 77.67085329999998
13.0027028 77.6610852
12.998801 77.66251729999999
12.992267 77.66380000000004
12.995767 77.65723300000002
13.0010469 77.66179520000003
13.0034587 77.62942620000001
12.987758 77.61878200000001
12.99505 77.603117
12.9935316 77.6152892
12.9935459 77.60786359999997
12.9977632 77.60083129999998
12.9973306 77.60738190000006
12.9959405 77.61334179999994
12.9955139 77.60733069999992
12.9990623 77.61579840000002
12.9966621 77.60458549999998
12.9953741 77.61400400000002
12.997104 77.61465299999998
13.0358959 77.65428539999994
13.03385 77.61564999999996
13.036583 77.58941700000003
13.0247602 77.59432719999995
13.022467 77.59415000000001
13.041267 77.62173299999995
13.038567 77.62351699999999
13.029509 77.60454700000003
13.016391 77.65064800000005
13.023733 77.59873300000004
13.0347607 77.60503199999994
13.0204742 77.64379840000004
13.017 77.64133300000003
13.018 77.65291200000001
13.014633 77.63446699999997
13.036033 77.59611700000005
13.0372471 77.59177079999995
13.0223141 77.59489459999998
13.026883 77.620183
13.0239871 77.65066219999994
13.025417 77.63006700000005
13.035877 77.63133500000004
13.0268 77.60403300000007
13.0312184 77.60216880000007
13.036014 77.60960899999998
13.034421 77.62376999999992
13.026942 77.60276900000008
13.0228437 77.59427460000006
13.0263 77.60370999999998
13.0263285 77.58868989999996
13.0323878 77.6196635
13.025994 77.62749600000006
13.0295273 77.59119080000005
13.0347333 77.6058051
13.0223597 77.59187980000002
13.0322254 77.60446330000002
13.0312184 77.60216880000007
13.0263634 77.58928100000003
13.0269347 77.60637270000007
13.0317044 77.60474529999999
13.027383 77.604333
13.024367 77.60329999999999
13.034333 77.61616700000002
13.034652 77.60755870000003
13.0366851 77.60702049999998
13.0297785 77.60517479999999
13.0240599 77.5979261
13.024 77.60355000000004
13.022896 77.59715800000004
13.0284458 77.60690550000004
13.029525 77.5911552
13.032987 77.61961399999996
13.026816 77.59090500000002
13.0348107 77.60629999999992
13.0286153 77.60462329999996
13.0383887 77.59178989999998
13.039791 77.56628699999999
13.040111 77.59050849999994