12.9520133 77.59629050000001
12.9664803 77.57778639999992
12.9642763 77.58656569999994
12.96317 77.58223999999996
12.964339 77.57888300000002
12.960652 77.59490499999993
12.9570434 77.58916440000007
12.9633 77.58321000000001
12.9633274 77.58187640000006
12.963207 77.58265499999993
12.963573 77.57775199999992
12.9612052 77.58659179999995
12.963259 77.58015599999999
12.963354 77.58286900000007
12.9813585 77.56944299999998
12.961777 77.58026700000005
12.963437 77.58478400000001
12.968927 77.56931099999997
12.9632159 77.58094989999995
12.9955635 77.48962159999996
12.9855542 77.53725020000002
12.9943471 77.58054809999999
12.9453113 77.52807529999995
13.0018379 77.58056850000003
12.9645165 77.64821059999997
13.0014551 77.66126659999998
12.9862987 77.55434220000006
12.968458 77.506124
12.9778733 77.62687460000006
12.940512 77.57922800000006
12.9850332 77.54901970000003
12.9419334 77.57115610000005
13.0333043 77.56039699999997
13.0088062 77.49882690000004
13.02075 77.67818899999997
12.935494 77.51297199999999
13.0325556 77.57658049999998
12.9253769 77.58799390000001
12.9313377 77.51798659999997
13.041882 77.51424700000007
13.017387 77.63929400000006
13.043505 77.60750770000004
13.0461983 77.54555470000003
13.0284628 77.54469440000003
12.9285685 77.59469609999996
12.9285891 77.59448279999992
12.8239576 77.67669799999999
12.824595 77.68402500000002
12.824585 77.68394999999998
13.0694653 77.52936810000006
12.891146 77.60443699999996
12.9123827 77.55856970000002
12.914807 77.61208899999997
12.9081925 77.53385789999993
13.152958 77.56856199999993
13.0009408 77.93699029999993
13.2615443 77.71802579999996
13.0529456 77.69704790000003