12.982426 77.61036899999999
12.956719 77.53422320000004
12.951301 77.542598
12.9715987 77.59456269999998
12.9743637 77.60770550000007
12.9634786 77.57873870000003
12.953044 77.57417199999998
12.981221 77.61031500000001
12.9747784 77.60527849999994
12.9736212 77.60751249999998
12.982175 77.60887000000002
12.974246 77.60761400000001
12.9721093 77.57681639999998
12.973924 77.607211
12.982359 77.60797300000002
12.9822872 77.60790559999998
12.9642765 77.53500489999999
12.9796646 77.61073710000005
12.9713129 77.59755799999994
12.9714253 77.60706909999999
12.97143 77.59636079999996
12.9824899 77.60718359999998
12.9579627 77.55349539999997
12.9820783 77.60891860000004
12.974638 77.57676600000002
12.974167 77.574613
12.970989 77.60687499999995
12.9639768 77.60421789999998
12.974967 77.57478300000002
12.9819701 77.60894589999998
12.9816636 77.60987929999999
12.961167 77.53731700000003
12.9730798 77.60755999999992
12.9684981 77.53728699999999
12.982333 77.60911699999997
12.971387 77.594468
12.956466 77.60182099999997
12.9740864 77.60776520000002
12.9719702 77.58062789999997
12.973609 77.579925
12.9644356 77.58077500000002
12.9702879 77.60969090000003
12.9669224 77.53041299999995
12.9746889 77.60773369999993
12.973683 77.542867
12.972724 77.53547400000002
12.956633 77.53423299999997
12.971598 77.594562
12.98023 77.53948600000001
12.9590099 77.55369910000002
12.9565786 77.52907989999994
12.982395 77.60934900000007
12.969429 77.56742400000007
12.957133 77.56394799999998
12.9766637 77.57125559999997
12.973644 77.53646100000003
12.967183 77.5363926
12.975477 77.5757959
12.9735551 77.57953109999994
12.9603511 77.56202269999994
12.974183 77.60781700000007
12.9669224 77.53041299999995
12.9743528 77.57217880000007
12.968459 77.52322200000003
12.9755263 77.5755289
12.9702656 77.57983089999993
12.9821504 77.60834690000002
12.981825 77.609913
12.973217 77.57496700000002
12.981634 77.57456000000002
12.9821698 77.60861980000004
12.982333 77.60911699999997
12.9729979 77.5749035
12.9701386 77.53682409999999
12.968133 77.57288300000005
12.974685 77.54476
12.971949 77.58061699999996
12.9828209 77.60907769999994
12.9762345 77.52810190000002
12.9743281 77.60769640000001
12.96718 77.57380239999998
12.967205 77.53639099999998
12.966786 77.57362799999999
12.975374 77.603704
12.9721022 77.60657420000007
12.982236 77.60827900000004
12.9701471 77.60666809999998
12.9701327 77.57964219999997
12.972956 77.60910999999999
12.9623049 77.59198229999993
12.9701259 77.61040530000002
12.9702711 77.6097436
12.9708672 77.5984535
12.981179 77.57459500000004
12.9508599 77.59922400000005
12.9743836 77.60748850000004
12.97515 77.53072900000006
12.982221 77.60994099999994
12.9775162 77.57540749999998
12.9702293 77.60933350000005
12.971749 77.58051899999998
12.9698792 77.57531849999998
12.9744794 77.60775739999997
12.9795439 77.53892840000003
12.956704 77.53423799999996
12.9828654 77.60894989999997
12.964486 77.58117900000002
12.9594578 77.56738189999999
12.973356 77.58014600000001
12.981911 77.60736700000007
12.9717409 77.61013200000002
12.9816726 77.60988220000002
12.9825429 77.6071303
12.96872 77.60851600000001
12.971606 77.59437600000001
12.9737786 77.54423880000002
12.9817728 77.60815060000004
12.981266 77.60957800000006
12.9696131 77.61049409999998
12.960377 77.57680200000004
12.973811 77.54415900000004
12.9672505 77.59939020000002
12.9733019 77.61124670000004
12.982686 77.60672899999997
12.9825429 77.6071303
12.9693975 77.57288740000001
12.973893 77.60741499999995
12.9826521 77.60941639999999
12.960242 77.53030799999999
12.976233 77.57571699999994
12.967185 77.57388600000002
12.9743109 77.57293770000001
12.96757 77.53070000000002
12.982517 77.55399999999997
12.9679709 77.5723729
12.9702726 77.61046620000002
12.980105 77.60518000000002
12.9675161 77.57197199999996
12.967313 77.57385599999998
12.976308 77.57760699999994
12.977868 77.57933400000002
12.968583 77.57266700000002
12.977097 77.57683199999997
12.974287 77.57338800000002
12.974433 77.60786699999994
12.9706228 77.60666570000001
12.976216 77.57779299999993
12.968937 77.60635300000001
12.976253 77.57777599999997
12.9741483 77.53832039999998
12.9744558 77.60774070000002
12.9796561 77.5748069
12.97662 77.57775100000003
12.9808377 77.6030025
12.96458 77.54201899999998
12.9691176 77.57530109999993
12.980056 77.57705390000001
12.9819998 77.60894680000001
12.9707555 77.58056850000003
12.9764 77.52618299999995
12.9730482 77.60707249999996
12.974533 77.57746700000007
12.9688322 77.5363625
12.95678 77.53972929999998
12.9825239 77.60755749999998
12.9715987 77.59456269999998
12.9786256 77.57719739999993
12.955358 77.55732899999998
12.9696131 77.61049409999998
12.979321 77.609643
12.9669477 77.5735886
12.968267 77.57213300000001
12.9757453 77.57745599999998
12.975383 77.5749313
12.9644356 77.58077500000002
12.963617 77.53469999999993
12.977167 77.57606699999997
12.982207 77.53238399999998
12.982117 77.60828300000003
12.9713801 77.6067147
12.966984 77.53053899999998
12.982867 77.60853299999997
12.974565 77.57266099999993
12.96855 77.57261700000004
12.9755288 77.57532519999995
12.97645 77.52435000000003
12.981867 77.60764999999992
12.956733 77.54639999999995
12.9715987 77.59456269999998
12.9715987 77.59456269999998
12.976959 77.57853999999998
12.978161 77.54913199999999
12.9825429 77.6071303
12.975517 77.57484999999997
12.968702 77.57901420000007
12.975232 77.60550999999998
12.967767 77.57258300000001
12.978485 77.54914299999996
12.977607 77.57946300000003
12.950245 77.54112800000007
12.944356 77.57259499999998
12.9721671 77.65407920000007
12.9941237 77.6636863
13.0076615 77.56225640000002
12.9233989 77.57005400000003
12.9965514 77.61208469999997
12.931787 77.62210900000002
12.931329 77.57588940000005
12.9917004 77.57023230000004
12.986368 77.59592900000007
12.9084701 77.60033899999996
12.9728347 77.64827620000005
12.9724341 77.64927130000001
12.9019947 77.70673050000005
12.909667 77.550117
12.9271319 77.55090270000005
12.978356 77.64131399999997
12.929551 77.58538399999998
12.912172 77.6379561
12.9344029 77.61101180000003
12.9916063 77.5703105
12.9961192 77.57160160000001
12.8985115 77.65132700000004
12.9916742 77.57027330000005
12.9263311 77.55037670000002
12.9929265 77.66186219999997
12.9362144 77.61611570000002
12.9343228 77.61097100000006
12.896497 77.63578519999999
12.9563701 77.70074729999999
12.9931567 77.66218430000004
13.0111971 77.55477689999998
12.9972505 77.6968789
12.9681731 77.65082810000001
12.9318289 77.63199359999999
12.9793726 77.72867509999992
12.977352 77.71888899999999
12.91852 77.58350700000005
12.931794 77.58621300000004
12.9736084 77.64122010000006
12.9861934 77.58194579999997
12.929771 77.56679099999997
12.996549 77.69677000000001
12.928001 77.63433399999997
12.9443596 77.57245590000002
13.0027665 77.57053919999998
13.013383 77.61663299999998
12.9721687 77.65283380000005
12.923709 77.61848599999996
12.9669643 77.64172740000004
13.0105827 77.55475969999998
12.9331472 77.58481140000004
12.9868858 77.73638979999998
12.9735564 77.64122010000006
12.9262274 77.67526969999994
12.9344769 77.61144860000002
12.9122374 77.6809915
12.9869919 77.60194550000006
12.98471 77.60689000000002
12.9968794 77.69684669999992
12.985878 77.55408290000003
12.9967892 77.56154700000002
12.9896803 77.60386979999998
12.9345852 77.61124280000001
12.8845097 77.60355219999997
12.9283339 77.58156429999997
12.9196595 77.48349630000007
12.95565 77.72126500000002
12.933839 77.61939499999994
12.955942 77.72947999999997
12.9383157 77.55532160000007
12.9967749 77.69673409999996
13.0105208 77.55480899999998
12.998437 77.571504
12.9343872 77.61102319999998
12.993227 77.66204319999997
12.9367137 77.57553029999997
12.944902 77.57065399999999
12.9314067 77.58399039999995
13.0115203 77.67493719999993
12.9732327 77.64681819999998
12.9265154 77.5863273
13.011571 77.5550945
12.983441 77.61094100000003
12.9162269 77.59234249999997
12.9920522 77.57106720000002
12.9886182 77.53828650000003
12.9337954 77.50959770000009
12.9255403 77.54990190000001
12.9970284 77.69680919999996
12.9497352 77.59679060000008
12.8985628 77.63378230000001
12.959979 77.71601399999997
12.9401806 77.57129609999993
12.917034 77.59697400000005
12.9244223 77.59700220000002
12.9136392 77.58553529999995
12.969891 77.51275099999998
12.972272 77.65157099999999
12.9911224 77.57094419999999
12.948021 77.53425700000003
12.984554 77.55451199999993
12.979258 77.635359
12.9586482 77.65683420000005
13.010773 77.55474679999998
13.0001512 77.63356590000001
12.9135838 77.5996917
12.923383 77.65153299999997
12.9310458 77.51496210000005
12.9131446 77.48532769999997
12.9316086 77.58593470000005
12.9233061 77.65145329999996
12.9567684 77.69832559999998
12.97035 77.64143200000001
12.9875559 77.53752650000001
12.956479 77.69597399999998
12.9976112 77.69646579999994
12.996456 77.69674480000003
12.9204609 77.59202949999997
12.9248523 77.55053810000004
12.99842 77.56124499999999
12.967753 77.65308299999992
12.9737481 77.6204017
12.884321 77.59623099999999
12.91495 77.61016700000005
13.003363 77.57127500000001
12.9075981 77.64788520000002
12.9736474 77.62041669999996
13.0027665 77.57053919999998
12.9984224 77.57129439999994
12.997612 77.55066099999999
12.989517 77.60397699999999
12.9317925 77.5861956
12.9966912 77.69681719999994
12.9595297 77.71598429999995
12.973 77.62941699999999
12.9310614 77.51496780000002
13.0012996 77.57136330000003
12.9831827 77.5957515
12.9783319 77.63792169999999
12.9357886 77.58773180000003
12.999391 77.57186649999994
12.951552 77.62117599999999
13.0093853 77.69699289999994
12.978349 77.62952300000006
13.003433 77.571279
12.9288947 77.59129239999993
12.9929838 77.70502880000004
12.9918343 77.57047579999994
12.961067 77.63564999999994
12.984531 77.59702749999997
12.9794137 77.72860749999995
12.9104479 77.57310170000005
12.927356 77.616356
13.0149819 77.6359142
12.904311 77.57913580000002
12.993085 77.66173979999996
12.938383 77.55561699999998
12.9279232 77.62710779999998
12.9745934 77.64120490000005
12.9403069 77.62522749999994
12.9302916 77.58596119999993
12.926217 77.55038300000001
12.9272357 77.55097969999997
12.9400326 77.62544290000005
12.9316985 77.57579680000003
12.9217854 77.62055659999999
12.9791692 77.51044849999994
12.9375527 77.58563559999993
12.9252006 77.49916129999997
12.92983 77.58492000000001
12.973645 77.62040179999997
12.945761 77.57102559999998
12.9416203 77.56151309999996
12.941688 77.5642249
12.958987 77.66314499999999
12.9845181 77.60676939999996
12.9778165 77.63929389999998
12.9250693 77.48521030000006
12.9198242 77.61080149999998
12.9586096 77.65668060000007
12.9580946 77.66150379999999
12.974763 77.50202200000001
12.938461 77.55557199999998
12.925348 77.54980799999998
12.9276091 77.58611910000002
12.949731 77.59693279999999
12.9728735 77.64824350000004
12.983657 77.60847030000002
12.9537792 77.61719049999999
12.9274213 77.55100829999992
12.9843957 77.55481520000001
12.925713 77.5503
12.9549782 77.61448139999993
12.9848598 77.60636769999996
12.9717 77.51319999999998
12.9353007 77.6224727
12.9848 77.60773300000005
12.967305 77.64330900000004
12.9423458 77.60790120000001
12.9215986 77.48419609999996
12.9599144 77.74810000000002
13.0314265 77.57011569999997
13.0256837 77.59318170000006
12.959749 77.74868800000002
12.9599099 77.74749859999997
13.0238425 77.63703190000001
13.026961 77.51556740000001
12.9686271 77.74960349999992
13.0254746 77.59310959999993
12.9599162 77.74777610000001
13.035339 77.526479
13.0223141 77.59489459999998
13.0237343 77.63729639999997
13.0255537 77.63695899999993
13.027711 77.66231599999992
13.03055 77.57044999999994
13.0218956 77.59302780000007
13.0237378 77.63732149999998
12.871527 77.60205689999998
13.035856 77.57505600000002
13.02549 77.58551399999999
13.0493386 77.59317829999998
13.0333425 77.56922150000003
13.024063 77.63730759999999
13.0405491 77.57737650000001
13.040834 77.51745600000004
13.0939866 77.58161849999999
13.0478601 77.52313379999998
13.049195 77.55157800000006
13.0492838 77.5932851
13.0695984 77.55596639999999
13.0451823 77.6268086
13.04295 77.51343299999996
13.070008 77.63298899999995
13.0428 77.51405
13.056862 77.50830500000006
13.0472808 77.5144487
13.0629675 77.5918792
13.047863 77.52313600000002
13.0952477 77.579836
13.064078 77.64929299999994
13.057833 77.54645000000005
13.0479611 77.5145503
13.063954 77.65036099999998
13.0451395 77.62673380000001
13.062833 77.59313399999996
13.097833 77.596317
13.1001054 77.5991411
13.098038 77.58976200000006
13.097233 77.595459
13.0755826 77.55785719999994
13.056333 77.50728300000003
13.056833 77.5471
13.09637 77.57876699999997
13.059789 77.58737999999994
13.043133 77.51351699999998
13.049083 77.57590000000005
13.0550282 77.50756179999996
13.047713 77.59190390000003
13.058681 77.58384000000001
13.0955167 77.59742260000007
13.048982 77.54665399999999
13.0952754 77.59730809999996
13.0968621 77.59250659999998
13.1005168 77.59446920000005
13.0434753 77.51314990000003
13.0426107 77.57320119999997
13.040453 77.55435699999998
13.101852 77.59456899999998
13.0627674 77.59275419999994
13.099093 77.59873199999993
13.070267 77.55534999999998
13.097383 77.57796699999994
13.0506504 77.63056570000003
13.0488397 77.51481319999994
13.051014 77.51442559999998
13.057617 77.58981700000004
13.0717959 77.63331459999995
13.070469 77.54523300000005
13.0478239 77.54978949999997
13.0454311 77.54869889999998
13.0632118 77.50533259999997
13.081056 77.55963299999996
13.062763 77.59095500000001
13.059503 77.510446
13.062304 77.64915999999994
13.097833 77.596317
13.054977 77.53487730000006
13.0965073 77.54205879999995
13.0626294 77.58674369999994
13.056433 77.50658299999998
13.0562998 77.61149479999995
13.073801 77.55708500000003
13.0569453 77.50341619999995
13.042067 77.5729
13.094454 77.58601199999998
13.065018 77.53062699999998
13.0406727 77.58994480000001
13.0562998 77.61149479999995
13.071573 77.551963
13.049821 77.60052599999995
13.042683 77.57708300000002
13.10058 77.596319
13.0433492 77.5518978
13.089039 77.64158109999994
13.0731288 77.50294940000003
13.0428126 77.54995959999997
13.104245 77.57131900000002
13.103002 77.56671600000004
13.10018 77.59584500000005
13.0437261 77.51135950000003
13.059562 77.57788299999993
13.100129 77.57868600000006
13.0430137 77.55158630000005
13.06924 77.55648900000006
13.0568202 77.5327595
13.041314 77.50489100000004
13.067233 77.60123299999998
13.098275 77.57745299999999
13.0654351 77.64060889999996
13.051237 77.50969099999998
13.060017 77.55876699999999
13.068983 77.56010400000002
13.0554857 77.6054494
13.040098 77.579115
13.0633 77.59141699999998
13.0678 77.59283299999993
13.103677 77.61592100000007
13.042173 77.58194300000002
13.074878 77.63350100000002
13.094454 77.58601199999998
13.0400916 77.59066009999992
13.04735 77.51433299999997
13.043017 77.51473299999998
13.0653463 77.64040030000001
13.0519563 77.51349219999997
13.0429487 77.55066799999997
13.0452822 77.54822139999999
13.049731 77.59880599999997
13.077501 77.50293499999998
13.046883 77.51416700000004
13.1017317 77.59878609999998
13.059767 77.577317
13.0594661 77.57661540000004
13.046283 77.51393299999995
13.0495232 77.64597019999997
13.042517 77.57326699999999
13.0566004 77.50712629999998
13.046769 77.51412800000003
13.104347 77.60421599999995
13.0501011 77.51606240000001
13.073117 77.5666
13.0818 77.54811700000005
13.069767 77.55548299999998
13.098754 77.58015999999998
13.0663556 77.64034500000002
13.043137 77.51244500000007
13.0634319 77.50519650000001
13.0568414 77.50761880000005
13.062067 77.58751699999993
13.099292 77.57659899999999
13.0565079 77.50672329999998
13.0478696 77.51461640000002
13.097083 77.57818299999997
13.0688548 77.60343469999998
13.054932 77.59881199999995
13.102343 77.58507899999995
13.050393 77.51529299999993
13.0448775 77.5135153
13.081517 77.54823299999998
13.0492039 77.60353800000007
13.0416625 77.54886379999994
13.056458 77.57226300000002
13.056917 77.53269999999998
13.04975 77.50731700000006
13.070583 77.56545000000006
13.0490785 77.64541129999998
13.0489466 77.59349850000001
13.047917 77.51761699999997
13.1028512 77.58301260000007
13.0500394 77.64578069999993
13.098533 77.57740000000001
13.0400369 77.5897923
13.0568473 77.50792899999999
13.056755 77.50431800000001
13.047679 77.57582100000002
13.072544 77.55649599999992
13.042233 77.57296700000006
13.099258 77.57661699999994
13.042719 77.51458400000001
13.04028 77.64502199999993
13.0446011 77.51824910000005
13.050606 77.51184599999999
13.074883 77.55761699999994
13.042906 77.51315
13.0716143 77.63348889999997
13.100765 77.58203100000003
13.046245 77.514003
13.057363 77.59804600000007
13.083655 77.56077800000003
13.107949 77.57690300000002
13.121343 77.617975
13.121548 77.61352299999999
13.121167 77.60788100000002
13.033417 77.56899499999997
13.031422 77.57033999999999
13.032483 77.56968299999994
13.03995 77.593883
13.033817 77.61611700000003
13.036832 77.56612700000005
13.031556 77.63577800000007
13.039833 77.59424999999999
13.0318249 77.55922120000002
13.0311727 77.55956859999992
13.060462 77.46104700000001
13.0336525 77.55819930000007
13.0357691 77.56747310000003
13.034622 77.60486500000002
13.0318024 77.55908180000006
13.0315635 77.55937500000005
13.039596 77.62382600000001
13.035251 77.60460750000004
13.032656 77.55438900000001
13.0395718 77.51814450000006
13.034233 77.55851699999994
13.1349586 77.58909670000003
13.032167 77.59911699999998
13.032117 77.59910000000002
13.033317 77.60641699999996
13.0344216 77.58952249999993
13.032633 77.60708299999999
13.033001 77.55494699999997
13.03737 77.62317200000007
13.033133 77.61855000000003
13.0344216 77.58952249999993
13.054507 77.47276799999997
13.0387068 77.59103619999996
13.0392564 77.56142829999999
13.0342339 77.558493
13.038616 77.59182499999997
13.0341581 77.5590479
13.033333 77.60468300000002
13.031183 77.60480000000007
13.143053 77.62910999999997
13.039975 77.51834800000006
13.080877 77.41526899999997
13.034083 77.59938299999999
13.0347764 77.52869829999997
13.0351661 77.60461859999998
13.033467 77.61736700000006
13.1381292 77.47846490000006
13.0341215 77.55987700000003
13.032193 77.71546699999999
13.038896 77.55715699999996
13.0322032 77.55391110000005
13.095458 77.39478600000007
13.0330485 77.56612919999998
13.034211 77.55938249999997
13.058891 77.46482500000002
13.136425 77.481223
13.0372286 77.62328019999995
13.033322 77.60632699999996
13.0342528 77.55886550000002
13.039138 77.60022200000003
13.0320033 77.52425199999993
13.034662 77.55720500000007
13.0399046 77.55731820000005
13.085678 77.40331800000001
13.143053 77.62910999999997
13.0375848 77.5652897
13.0387101 77.59071970000002
13.096224 77.40286889999993
13.033644 77.55810969999993
13.1379523 77.47710299999994
13.034283 77.55775599999993
13.0354621 77.56079969999996
13.0340552 77.56094250000001
13.0337527 77.55804739999996
13.037714 77.50921199999993
13.0343159 77.55964900000004
13.129087 77.61422600000003
13.080877 77.41526899999997
13.054996 77.45946700000002
13.029249 77.57115899999997
13.030256 77.56026299999996
13.0285608 77.57142520000002
13.03055 77.57746700000007
13.028548 77.57056799999998
13.0305615 77.56030450000003
13.0308761 77.5701325
13.030485 77.57780500000001
13.0298935 77.56223339999997
13.0299249 77.50703750000002
13.0294394 77.56111009999995
13.0293316 77.55929800000001
13.02814 77.56156899999996
13.0290546 77.56071850000001
13.03042 77.570515
13.03055 77.57746700000007
13.031433 77.55354999999997
13.033324 77.56132500000001
13.039574 77.49232200000006
13.0367033 77.57482630000004
13.033869 77.55796090000001
13.0353615 77.56852049999998
13.037539 77.55336299999999
13.032283 77.55386699999997
13.032004 77.52425199999993
13.0292683 77.55918629999996
13.032666 77.52759019999996
13.031449 77.50601899999992
13.0365 77.56651299999999
13.035372 77.56857500000001
13.031601 77.558041
13.0342545 77.55900930000007
13.035372 77.56857500000001
13.030936 77.55995699999994
13.0226755 77.59267590000002
13.0106831 77.55518319999999
13.0108514 77.55481669999995
13.0112471 77.55516609999995
13.0256785 77.5932196
13.02345 77.60293300000001
13.02492 77.58776
13.0112911 77.5552103
13.0251502 77.58690260000003
13.012451 77.55372
13.015525 77.49055899999996
13.0243661 77.54878959999996
13.0108219 77.55525109999996
13.0242151 77.5978437
13.010198 77.52200859999994
13.0252075 77.58690000000001
13.0112955 77.55517299999997
13.010585 77.5547775
13.0112297 77.55473410000002
13.021946 77.60255699999993
13.0205973 77.55930169999999
13.02875 77.60453299999995
13.009016 77.61325
13.026167 77.58041700000001
13.024083 77.59761700000001
13.0224926 77.58455300000003
13.023283 77.59260300000005
13.021576 77.53562499999998
13.028464 77.59352799999999
13.0247024 77.58887600000003
13.029394 77.59894600000007
13.0230162 77.52129739999998
13.011033 77.60910000000001
13.022924 77.60259399999995
13.0206059 77.53677119999998
13.022833 77.592533
13.024565 77.54785500000003
13.02465 77.58802000000003
13.02467 77.59089999999992
13.0220743 77.5947827
13.0283344 77.60454679999998
13.0206294 77.59237229999997
13.019833 77.60686699999997
13.024333 77.59629999999993
13.0197882 77.5557662
13.0220798 77.60070670000005
13.018494 77.59223150000003
13.027883 77.60439999999994
13.02473 77.58842000000004
13.0092008 77.57672209999998
13.0251218 77.55754279999996
13.014987 77.59710989999996
13.00929 77.533817
13.0144715 77.51069340000004
13.01049 77.61499000000003
13.019167 77.55711700000006
13.009442 77.52186800000004
13.011167 77.60746700000004
13.009237 77.53747799999996
13.0198147 77.55569979999996
13.0176378 77.52026810000007
13.01165 77.54403300000001
13.0243336 77.55719879999992
13.015133 77.61326699999995
13.0100373 77.52212689999999
13.015957 77.59724499999993
13.021873 77.55640300000005
13.0138231 77.48947129999999
13.027365 77.59704299999999
13.028973 77.604512
13.024517 77.58942000000002
13.023522 77.608701
13.0270935 77.60403289999999
13.0140547 77.49549789999992
13.0286889 77.60467530000005
13.0117798 77.60618939999995
13.01385 77.54408000000001
13.009058 77.538633
13.028983 77.57883300000003
13.0241533 77.55723569999998
13.0092148 77.49736009999992
13.022903 77.60284100000001
13.027649 77.49377099999992
13.023603 77.59923500000002
13.0244652 77.58988120000004
13.011217 77.60958299999993
13.009267 77.59453299999996
13.0241 77.55726700000002
13.009197 77.53801899999996
13.0252427 77.55749590000005
13.018843 77.54628200000002
13.026669 77.53928700000006
13.0152091 77.48644250000007
13.0172396 77.52663200000006
13.0173572 77.52658640000004
13.013588 77.54180999999994
13.0197637 77.55581280000001
13.0142345 77.5329686
13.020174 77.55580199999997
13.0149824 77.48737719999997
13.0251447 77.55754720000004
13.0194067 77.55773620000002
13.017841 77.54062799999997
13.0156668 77.52037510000002
13.015055 77.531923
13.0131472 77.52104029999998
13.02765629999999 77.56113289999996
13.0143336 77.5206584
13.0279661 77.54091560000006
13.022645 77.55913599999997
13.022652 77.55543699999998
13.0252427 77.55749590000005
13.0260969 77.5578865
13.0152581 77.52045559999999
13.01436 77.53062799999998
13.0197425 77.55585500000007
13.0238701 77.55696280000006
13.0214826 77.55616850000001
13.018441 77.53228000000001
13.021278 77.55599800000005
13.012161 77.52163100000007
13.0170763 77.52662090000001
13.0128983 77.52107619999992
13.0200485 77.55641160000005
13.0197765 77.55579669999997
13.024318 77.55731700000001
13.012161 77.52163100000007
13.0279661 77.54091560000006
13.0242317 77.55509189999998
13.0154084 77.52045190000001
13.01257 77.55510800000002
13.0279661 77.54091560000006
13.0224596 77.55657150000002
13.0160584 77.52647509999997
13.020672 77.53476969999997
12.9965288 77.54044810000005
12.9847667 77.67542860000003
13.0157298 77.63606519999996
12.997556 77.54963799999996
12.9917085 77.57064420000006
12.9940085 77.53913450000005
12.988082 77.51167800000007
13.0149508 77.63595250000003
13.0306031 77.63492099999996
12.992487 77.53327960000001
12.995317 77.614146
13.005609 77.63876499999992
13.0085113 77.49959220000005
13.003833 77.62010499999997
12.9877738 77.51782270000001
12.9898262 77.57263349999994
12.985778 77.55425600000001
12.987502 77.53961000000004
13.0246515 77.63699969999993
13.022933 77.63668299999995
12.988046 77.53575599999999
12.999715 77.550657
12.9863145 77.55422899999996
13.020201 77.67809199999999
12.9959046 77.61281710000003
13.015539 77.63343399999997
12.999723 77.571458
13.0007317 77.61480059999997
12.984376 77.64169900000002
12.98539 77.52513599999997
12.9780628 77.63623009999992
12.9946539 77.53939100000002
13.003633 77.60281699999996
12.9893003 77.55450829999995
12.9762477 77.64116149999995
12.9916198 77.57033920000003
13.0251162 77.63692420000007
12.9934178 77.54787910000005
12.9916946 77.53794259999995
12.9995203 77.55078900000001
12.992785 77.53873850000002
12.9976595 77.54418750000002
12.989615 77.50543800000003
12.9896076 77.53835700000002
13.0041722 77.55089229999999
12.9975185 77.5507685
12.997214 77.54620499999999
12.990748 77.556825
12.9964596 77.56193370000005
12.9883449 77.53744940000001
12.99752 77.55105700000001
12.990341 77.50357380000003
12.9886819 77.52705779999997
13.0007302 77.55764299999998
13.001882 77.56610560000001
12.9983076 77.56767530000002
12.99738 77.54625999999996
12.99739 77.54691000000003
13.005729 77.55729700000006
12.997905 77.55147499999998
12.983169 77.55444299999999
12.995533 77.56824800000004
13.0007302 77.55764299999998
12.9891836 77.55444569999997
12.976283 77.50996699999996
12.992733 77.566417
13.002875 77.55324100000007
12.99885 77.55580499999996
12.987533 77.54986699999995
12.9967013 77.56215079999993
12.9862 77.55418299999997
12.982604 77.55694300000005
13.001369 77.56552599999998
12.996453 77.56199370000002
12.994135 77.55574100000001
13.003683 77.54986699999995
12.975783 77.55251699999997
12.987517 77.56410000000005
12.9991264 77.56859399999996
13.003983 77.55039799999997
13.000512 77.55273699999998
12.9961348 77.54029279999997
12.997521 77.54688199999998
12.986233 77.55426699999998
12.9981106 77.55862630000001
12.9858097 77.48630100000003
13.0001756 77.50470829999995
12.9758621 77.55237890000001
12.9755969 77.55744119999997
12.997867 77.55123300000002
12.989983 77.537867
13.0029661 77.52148420000003
12.988682 77.52705800000001
12.986102 77.52614500000004
13.001142 77.55236500000001
12.988682 77.52705800000001
13.0040314 77.54945090000001
12.9871 77.51438299999995
12.999761 77.53991199999996
12.975912 77.55832299999997
12.98988 77.50245399999994
12.9978643 77.55851140000004
12.9933857 77.56676049999999
12.988682 77.52705800000001
12.992521 77.56328600000006
12.987201 77.51916400000005
12.9763413 77.52629739999998
12.982378 77.52801
12.9881563 77.47395110000002
12.984095 77.52883700000007
12.98667 77.52094299999999
12.999923 77.55541100000005
12.9946 77.52951699999994
13.0028916 77.52175940000006
12.9787283 77.55549350000001
12.9858224 77.48647729999993
12.999 77.56016699999998
12.9956105 77.54006349999997
12.9882119 77.53582289999997
12.9857551 77.55427179999992
12.984923 77.48809400000005
12.9846567 77.52756909999994
12.981983 77.55391699999996
12.9925664 77.56639139999993
13.0077549 77.50544259999992
12.9966569 77.5627594
12.985498 77.56257200000005
13.0036799 77.51747699999999
13.0028439 77.52713659999995
12.9961734 77.56442700000002
12.9916183 77.53847199999996
12.9938 77.56331699999998
13.0008006 77.50073229999998
12.987549 77.53754500000002
13.0000302 77.51079060000006
12.9939311 77.53920800000003
12.975743 77.55857800000001
12.996127 77.53122189999999
12.9998493 77.55771879999998
12.9881183 77.5373386
12.989704 77.52412600000002
12.9864709 77.55411119999997
12.987371 77.47509200000002
13.0000743 77.5043177
12.986711 77.47681299999999
12.9763952 77.5283121
12.9767523 77.53566739999997
12.996787 77.55276900000001
12.994617 77.563583
12.986061 77.48786700000005
13.0033725 77.53325540000003
12.9886879 77.54720150000003
12.9969672 77.496487
12.9968697 77.56148989999997
12.980096 77.55780700000003
13.001389 77.49733100000003
13.0061522 77.52741560000004
12.993372 77.54752580000002
12.997487 77.55950989999997
12.983075 77.54918599999996
12.996239 77.49613399999998
12.9763364 77.5266236
12.98468 77.55419600000005
13.004267 77.53568999999993
12.990944 77.55451419999997
12.99545 77.56373299999996
12.984225 77.528322
12.984085 77.55413939999994
12.9911142 77.55454069999996
13.0064034 77.52717819999998
12.9900228 77.53789770000003
12.994817 77.539533
12.979112 77.54974600000003
12.9934374 77.54686590000006
12.991698 77.56648100000007
13.0004242 77.5330894
12.9934142 77.5491518
12.997347 77.55941099999995
12.9871322 77.55075220000003
12.996683 77.56235330000004
12.987787 77.56464699999992
12.9758506 77.55969230000005
12.9882638 77.47372440000004
12.9932743 77.54565019999995
12.989201 77.50785799999994
12.985592 77.533681
12.986641 77.49042899999995
13.005033 77.55835000000002
12.9831438 77.55400839999993
12.9866849 77.55413859999999
12.9914211 77.56637339999997
12.9967206 77.53001059999997
12.975629 77.56071450000002
13.0021266 77.5315948
12.99987 77.56834000000003
12.9853882 77.55547109999998
12.9880789 77.47411169999998
12.9881433 77.55443860000003
12.988884 77.54729399999997
12.978267 77.55306700000006
13.0072779 77.50534470000002
12.9961079 77.56445910000002
12.989825 77.547688
12.983788 77.60764399999994
12.989677 77.60391600000003
12.9916848 77.57071710000002
12.9915565 77.57120839999993
12.952869 77.51641999999993
12.949975 77.53041299999995
12.951083 77.527017
12.9524 77.52724999999998
12.951468 77.49214499999994
12.956699 77.51844099999994
12.957242 77.53134299999999
12.951688 77.52716199999998
12.9514222 77.49631939999995
12.9520081 77.49778590000005
12.944089 77.52686199999994
12.942497 77.48518820000004
12.955456 77.53059200000007
12.951385 77.52702499999998
12.951338 77.51978499999996
12.9516039 77.52705749999996
12.9566736 77.52892309999993
12.955456 77.53059200000007
12.956696 77.51827200000002
12.952838 77.52596900000003
12.95135 77.52703300000007
12.951383 77.52708299999995
12.9518892 77.52728920000004
12.9360899 77.5123721
12.940445 77.54795999999999
12.942611 77.54795690000003
12.960883 77.52795000000003
12.964517 77.55193299999996
12.961983 77.52248299999997
12.955839 77.54032400000006
12.963983 77.53481699999998
12.9359246 77.54794379999998
12.96088 77.52296100000001
12.9533734 77.54110209999999
12.960479 77.52900799999998
12.9678881 77.53468169999996
12.96102 77.54642999999999
12.938567 77.55423599999995
12.9489903 77.54203499999994
12.959794 77.52696330000003
12.958758 77.52355299999999
12.9429009 77.54626340000004
12.964608 77.54927900000007
12.9442511 77.54866879999997
12.959002 77.50904300000002
12.9645823 77.53128500000003
12.944485 77.54832799999997
12.9423464 77.54790760000003
12.947983 77.54212899999993
12.9612712 77.50449779999997
12.9421719 77.54957030000003
12.96385 77.54886699999997
12.960683 77.54841699999997
12.9480087 77.53875760000005
12.9589974 77.52353140000002
12.959083 77.52395000000001
12.9409482 77.53946470000005
12.9568244 77.53298810000001
12.957596 77.55456079999999
12.961072 77.51227319999998
12.9570501 77.5325004
12.9588955 77.5236625
12.9423 77.54886699999997
12.964608 77.54927900000007
12.9648163 77.5535658
12.9453996 77.54888559999995
12.9441818 77.55399090000003
12.942051 77.55034369999998
12.9359304 77.51764559999992
12.9622801 77.50474919999999
12.962003 77.53343900000004
12.962647 77.55155300000001
12.964936 77.538363
12.946776 77.55191100000002
12.959835 77.54666700000007
12.9431336 77.54187939999997
12.9455067 77.54876530000001
12.960083 77.54623300000003
12.94295 77.54565000000002
12.964517 77.55226700000003
12.94423 77.54866600000003
12.9443876 77.54875449999997
12.9584042 77.53574430000003
12.9566949 77.55216900000005
12.951317 77.539717
12.959896 77.53727900000001
12.964894 77.53951299999994
12.9546201 77.549351
12.9383308 77.55439320000005
12.955865 77.545435
12.9643441 77.55446180000001
12.965455 77.53015300000004
12.965374 77.52930300000003
12.958064 77.51965500000006
12.889133 77.602533
12.894059 77.63703299999997
12.8756012 77.59549620000007
12.884338 77.59609499999999
12.8761492 77.59586519999993
12.8612823 77.78587590000006
12.8758006 77.59571400000004
12.8761274 77.59594070000003
12.8921 77.58186699999999
12.8840632 77.75050220000003
12.776788 77.76949100000002
12.888947 77.58204799999999
12.8836999 77.582853
12.855366 77.58889899999997
12.888088 77.59737500000006
12.8912191 77.57193519999998
12.872388 77.63463000000002
12.8826655 77.6246592
12.8923476 77.63814100000002
12.8547744 77.67074209999998
12.8885786 77.57109200000002
12.8552281 77.66765759999998
12.8551627 77.66865540000003
12.891131 77.595235
12.8956067 77.58161760000007
12.890032 77.56344000000001
12.88674 77.58140500000002
12.775489 77.77009099999998
12.8772364 77.58384990000002
12.8838862 77.59627980000005
12.8705615 77.65784299999996
12.894906 77.63496009999994
12.882083 77.596
12.782759 77.64126299999998
12.895794 77.63602300000002
12.871327 77.766615
12.8806497 77.60114279999993
12.8773564 77.58401750000007
12.882459 77.56604800000002
12.8440322 77.58476659999997
12.861691 77.56161399999996
12.842875 77.68975899999998
12.8708534 77.65489690000004
12.892883 77.57159999999999
12.8697993 77.53732730000002
12.799529 77.50991399999998
12.856215 77.58875
12.895668 77.63420599999995
12.8857392 77.55679120000002
12.8709802 77.65412279999998
12.794307 77.70641599999999
12.882471 77.60433599999999
12.8551484 77.58813680000003
12.868266 77.56337499999995
12.893679 77.55688499999997
12.890496 77.56383699999992
12.889917 77.59998300000007
12.879419 77.654586
12.890454 77.59529799999996
12.850695 77.65375600000004
12.889666 77.60082999999997
12.883396 77.54859399999998
12.826496 77.67504199999996
12.813628 77.578123
12.8657224 77.65505080000003
12.8679902 77.53583300000003
12.87237 77.65377139999998
12.873991 77.54144700000006
12.8894405 77.6011823
12.893012 77.57237899999996
12.887971 77.63991399999998
12.884844 77.57035700000006
12.881111 77.569572
12.8743181 77.54177749999997
12.883093 77.58301299999994
12.8766419 77.64804819999995
12.8947471 77.62576749999994
12.8892477 77.61723180000001
12.88635 77.57066699999996
12.776757 77.76947900000005
12.8708789 77.65503409999997
12.862014 77.56380100000001
12.8656316 77.57971659999998
12.854953 77.66616799999997
12.7811178 77.77163740000003
12.88583 77.625404
12.826267 77.678313
12.8726642 77.56639139999993
12.8914787 77.59839169999998
12.8817207 77.59578510000006
12.8767383 77.64796879999994
12.8790069 77.60251199999993
12.841102 77.64403600000003
12.879959 77.60173499999996
12.882533 77.56598299999996
12.8724909 77.56643830000007
12.8701735 77.65840460000004
12.878438 77.56892199999993
12.7810341 77.77115460000005
12.8883109 77.61893940000004
12.802923 77.50802599999997
12.893912 77.63284699999997
12.89061 77.5953409
12.894358 77.62587299999996
12.8442332 77.68400700000007
12.890425 77.64569800000004
12.8940537 77.63610270000004
12.8806876 77.60019199999999
12.862008 77.56272200000001
12.778167 77.77121799999998
12.82611 77.68134800000007
12.8914266 77.58163239999999
12.848246 77.67204429999992
12.890107 77.59703200000001
12.8621384 77.56318820000001
12.782419 77.64119200000005
12.89112 77.56221699999992
12.895236 77.633194
12.8697993 77.53732730000002
12.883278 77.75235999999995
12.835002 77.78523599999994
12.855238 77.58689099999992
12.860087 77.72584000000006
12.8259347 77.6808648
12.8551484 77.58813680000003
12.88375 77.58293300000003
12.870638 77.65738599999997
12.8707361 77.65658810000002
12.8955119 77.62590390000003
12.894203 77.63543000000004
12.837941 77.65833799999996
12.8679902 77.53583300000003
12.857977 77.58914700000003
12.8552833 77.5885025
12.8546799 77.66492360000007
12.891117 77.57178299999998
12.890241 77.562904
12.8899647 77.61364049999997
12.8914505 77.57199919999994
12.856215 77.58872079999992
12.8805544 77.6009838
12.8931463 77.61995809999996
12.868924 77.53642000000002
12.857756 77.58932500000003
12.778117 77.77308900000003
12.874524 77.76585999999998
12.848549 77.680251
12.8821191 77.58334230000003
12.826267 77.678313
12.8551124 77.66648629999997
12.8871769 77.59683910000001
12.861157 77.78177600000004
12.88451 77.60355200000004
12.8488315 77.67051549999996
12.8932143 77.63709410000001
12.814293 77.68395299999997
12.89816 77.63403489999996
12.8984451 77.63375169999995
12.8975108 77.63466760000006
12.897717 77.60648300000003
12.8993141 77.58591920000003
12.897862 77.58450800000003
12.8986984 77.55765680000002
12.8998932 77.62678800000003
12.896273 77.65109899999993
12.897017 77.60715800000003
12.8963044 77.63183529999992
12.899783 77.57288300000005
12.8990304 77.62656479999998
12.899912 77.57317799999998
12.89946 77.582311
12.8987287 77.57216019999998
12.899142 77.65078399999993
12.8994608 77.62667069999998
12.8981033 77.62674340000001
12.897884 77.62156779999998
12.898874 77.62987399999997
12.7362458 77.8295584
12.7391821 77.83221249999997
12.763304 77.80505440000002
12.7383938 77.82357980000006
12.759219 77.73376299999995
12.740913 77.82529199999999
12.740913 77.82529199999999
12.752781 77.80186000000003
12.750019 77.80424900000003
12.746838 77.80098699999996
12.935045 77.6228423
12.9366878 77.6323003
12.954271 77.61570499999993
12.9646976 77.67409550000002
12.9481329 77.59866710000006
12.9617225 77.63790659999995
12.9558384 77.65350710000007
12.9458162 77.59602339999992
12.956435 77.61615499999994
12.936919 77.62003200000004
12.935345 77.60767899999996
12.9481429 77.68134129999999
12.944724 77.59745499999997
12.9544692 77.61596589999999
12.9464967 77.59473509999998
12.9463815 77.61877619999996
12.9352379 77.62254110000003
12.9644238 77.63915500000007
12.9548 77.61496699999998
12.9486409 77.59808950000001
12.9565436 77.61896739999997
12.9404913 77.60867540000004
12.9366519 77.62782809999999
12.936317 77.61488299999996
12.943939 77.60687000000007
12.9451192 77.59493250000003
12.967058 77.68077500000004
12.9542476 77.61643609999999
12.964983 77.657333
12.943967 77.60738300000003
12.9430345 77.59803979999992
12.953638 77.65278139999998
12.936847 77.59448099999997
12.9629303 77.64704440000003
12.9358297 77.61595829999999
12.9623213 77.59218429999999
12.957409 77.61494300000004
12.950359 77.62502700000005
12.9646935 77.64168710000001
12.964692 77.64931999999999
12.9498108 77.59709759999998
12.9585799 77.66579360000003
12.9592144 77.6549238
12.9585142 77.6145593
12.964986 77.67605800000001
12.96216 77.672325
12.9560206 77.59189719999995
12.9524237 77.59536830000002
12.961703 77.63498200000004
12.9602488 77.63770829999999
12.936276 77.61981400000002
12.9512174 77.59545379999997
12.950853 77.62358999999992
12.9506642 77.62431070000002
12.9645261 77.65727670000001
12.959219 77.65622499999995
12.9428835 77.59815879999996
12.9500021 77.5964907
12.9495186 77.62671699999999
12.955029 77.61420999999996
12.964267 77.65783299999998
12.9431035 77.59780380000007
12.9505178 77.60026029999995
12.952276 77.61205900000004
12.9669126 77.60929940000005
12.9355203 77.61430169999994
12.9366097 77.61384909999992
12.9640298 77.60647029999996
12.942333 77.60821599999997
12.9636217 77.64183490000005
12.946042 77.61850500000003
12.9556046 77.61413970000001
12.944989 77.59486199999992
12.9664603 77.59105909999994
12.9548508 77.61431919999995
12.9407001 77.62919099999999
12.952601 77.62280599999997
12.939795 77.61811699999998
12.9456227 77.59523690000003
12.955524 77.61870499999998
12.9365035 77.62008489999994
12.9354582 77.62255149999999
12.9439173 77.60809990000007
12.9436596 77.61681659999999
12.9561541 77.6188568
12.9642366 77.67189170000006
12.962683 77.61246400000005
12.9410256 77.61748109999996
12.9608448 77.64616969999997
12.955029 77.61420999999996
12.953679 77.61762499999998
12.9509677 77.60076320000007
12.950929 77.66792899999996
12.954419 77.61603000000002
12.9620684 77.6373714
12.9369358 77.62012779999998
12.94265 77.59986700000002
12.9442749 77.59452340000007
12.966495 77.59444600000006
12.9657111 77.59257849999995
12.960918 77.61301400000002
12.943776 77.60232599999995
12.965999 77.59251399999994
12.9650345 77.65733610000007
12.96092 77.614689
12.9266731 77.67538230000002
12.9716088 77.68142969999997
12.956315 77.69564700000001
12.9566782 77.69881020000003
12.956917 77.69868300000007
12.957303 77.701862
12.9562597 77.69566120000002
12.9507208 77.69989369999996
12.9563404 77.70069969999997
12.992608 77.66089399999998
13.0015939 77.66172299999994
12.9927199 77.66379979999999
12.998321 77.620454
12.99866 77.61854900000003
12.9970292 77.62100190000001
12.988683 77.66415000000006
12.992752 77.6614214
12.9906906 77.66362890000005
12.9896282 77.66405669999995
12.990067 77.66375599999992
12.9964439 77.67198359999998
12.978347 77.63868300000001
12.979567 77.62951699999996
13.0055169 77.63849260000006
13.005499 77.63842299999999
12.9830149 77.60840239999993
12.9911399 77.60713299999998
12.984083 77.60744999999997
12.987333 77.60611700000004
12.9840497 77.6070492
13.00685 77.63996700000007
12.9840275 77.60721969999997
12.989317 77.60558300000002
12.978183 77.63351699999998
12.9785296 77.62931500000002
13.0060628 77.63909579999995
12.98345 77.60632369999996
12.9972643 77.61208820000002
12.982017 77.63741700000003
13.003345 77.63493100000005
13.0042317 77.63651819999995
12.9866408 77.60702659999993
12.9852595 77.60609150000005
12.9872 77.60493300000007
12.9831127 77.60623699999996
12.984083 77.607483
12.984017 77.60771699999998
12.9983994 77.67306129999997
13.0011686 77.6753688
12.9841792 77.60744929999998
12.983089 77.60845700000004
12.9833701 77.60666809999998
12.996132 77.612529
12.984033 77.60776699999997
12.982517 77.68041700000003
12.9841317 77.6081249
12.9819701 77.60894589999998
12.9846749 77.6069612
13.008967 77.59441700000002
12.9815077 77.61028399999998
12.9907153 77.61024329999998
12.981733 77.60518300000001
12.987833 77.60611700000004
12.982817 77.60886699999992
12.982133 77.60823299999993
12.9845064 77.6069536
12.982 77.60915
12.981883 77.60815000000002
12.983806 77.60583050000002
12.9862894 77.60716130000003
12.9822068 77.60578039999996
12.986517 77.60596699999996
12.981667 77.61026700000002
12.982896 77.60866899999996
12.987567 77.606133
12.9962377 77.67205469999999
12.9788064 77.6261356
12.981521 77.60957600000006
12.981461 77.61038299999996
12.9841 77.607033
12.9822382 77.6058018
13.008274 77.59413399999994
12.984133 77.60739999999998
12.996702 77.67197149999993
12.985044 77.60778499999992
12.9875121 77.61163910000005
12.997233 77.67169999999999
12.984981 77.60786000000007
12.984267 77.60766699999999
12.9836355 77.60744169999998
12.984216 77.60744999999997
12.983754 77.607484
13.008138 77.61272199999996
13.0009358 77.6161548
12.984839 77.60784999999998
13.007511 77.61263699999995
12.981619 77.61037599999997
12.9782915 77.63328109999998
12.9844326 77.60775369999999
12.994583 77.67274999999995
12.994535 77.67278859999999
12.984622 77.60548399999993
12.9835819 77.60751600000003
12.98474 77.60314799999992
12.9823355 77.60910420000005
12.986985 77.60625200000004
12.981709 77.60801100000003
12.9822988 77.60789599999998
12.9846479 77.6068861
12.9783847 77.63147700000002
12.993592 77.60842200000002
12.984817 77.67496699999992
12.981517 77.61029699999995
12.983902 77.60831299999995
12.9928053 77.6803486
12.983329 77.60645099999999
12.9838783 77.60632199999998
12.9830847 77.60622490000003
12.985067 77.60316699999998
12.985454 77.66392500000006
12.98545 77.60483299999999
12.9843088 77.6076071
12.9833742 77.60665519999998
12.992589 77.605997
12.9771689 77.64066789999993
12.9766684 77.63213440000004
12.981528 77.60872399999994
12.984209 77.60721949999993
12.9841712 77.60751099999993
12.9833296 77.6064513
12.982091 77.610679
12.9948402 77.67257970000003
12.9815036 77.60955009999998
12.9854843 77.60507329999996
12.9825127 77.60596190000001
12.9851513 77.60670559999994
12.9842227 77.60711409999999
12.9844493 77.67681459999994
12.984103 77.60689500000001
12.9855428 77.60703690000003
12.9876862 77.60452069999997
13.011619 77.67861500000004
13.01145 77.67683299999999
13.014353 77.66775000000007
13.012931 77.64867400000003
13.011666 77.67714899999999
13.015199 77.65542299999993
13.0116919 77.6792428
13.012189 77.66820099999995
13.011175 77.66776099999993
13.011283 77.67616699999996
13.009529 77.67229599999996
13.011967 77.66853300000002
13.01497 77.65451200000007
13.012398 77.66656999999998
13.011433 77.67521699999998
13.0091 77.65055400000006
13.0034196 77.67222390000006
13.003895 77.6606243
13.011317 77.68033300000002
13.014891 77.65441899999996
13.0146299 77.6652537
13.014567 77.65248299999996
13.014567 77.651117
13.0113681 77.67559519999998
13.0165426 77.65622740000003
13.0121117 77.64761509999994
13.0141 77.67842100000007
13.011533 77.674667
13.018236 77.6549238
13.0204768 77.67839430000004
13.020426 77.67816800000003
13.025621 77.66026099999999
13.0194673 77.67829359999996
13.0194289 77.65573619999998
13.018444 77.67812200000003
13.019962 77.67438000000004
13.0210103 77.67827620000003
13.020988 77.68401500000004
13.018108 77.67171699999994
13.021172 77.678944
13.021004 77.685205
13.024162 77.65886599999999
13.017713 77.66910200000007
13.006706 77.69864899999993
13.0147224 77.63601689999996
13.016117 77.64293299999997
13.0080347 77.69632849999994
13.006021 77.69655699999998
13.00944 77.62852499999997
13.011321 77.63529500000004
13.024567 77.630267
13.014633 77.63923299999999
13.025203 77.63156200000003
13.015487 77.63584909999997
13.024074 77.63125100000002
13.008333 77.69568300000003
13.010014 77.628558
13.0192549 77.63668610000002
13.01012 77.62417000000005
13.015967 77.63608299999999
13.022833 77.64844100000005
13.0075 77.69743300000005
13.014981 77.63585599999999
13.010328 77.70338199999992
13.013958 77.64185599999996
13.0143 77.635851
13.023967 77.63705000000004
13.0205492 77.63684680000006
13.023231 77.62855400000001
13.0256223 77.6297204
13.016889 77.63280499999996
13.024074 77.63731800000005
13.025633 77.62958300000003
13.015834 77.63943100000006
13.008917 77.69298400000002
13.008102 77.69598799999994
13.017383 77.63354700000002
13.0253815 77.62763500000005
13.008385 77.696008
13.015142 77.63587200000006
13.0131 77.63543299999992
13.0132997 77.62618659999998
13.015333 77.63591700000006
13.0246 77.63028299999996
13.0074821 77.64030579999996
13.0130336 77.63548149999997
13.0120248 77.62538769999992
13.0109503 77.62458530000004
13.012372 77.63523499999997
13.017864 77.63639799999999
13.0332459 77.63782349999997
13.014677 77.63338599999997
13.014603 77.62714699999992
13.0135171 77.63560789999997
13.0129124 77.6349404
13.014363 77.63590299999998
13.033903 77.67443600000001
13.0168 77.64302399999997
13.0179122 77.63636610000003
13.0098263 77.62594390000004
13.0185221 77.63649149999992
13.0191658 77.61867410000002
13.013903 77.61673500000006
13.025611 77.61973899999998
13.02859 77.62003900000002
13.026854 77.62178800000004
13.018692 77.61861999999996
13.0214843 77.61758480000003
13.0199779 77.60531400000002
13.0195918 77.58863129999997
13.018271 77.59014400000001
13.027387 77.59674599999994
13.024596 77.59570800000006
13.0149811 77.60987879999993
13.0245692 77.59083780000003
13.025036 77.59225900000001
13.0241922 77.59774479999999
13.0156371 77.6174949
13.0304188 77.60483219999992
13.0161898 77.61307869999996
13.017941 77.61288200000001
13.024767 77.59135100000003
13.028104 77.59738399999992
13.0245675 77.59051750000003
13.027533 77.60428300000001
13.032617 77.62028299999997
13.039269 77.59617600000001
13.0294247 77.60475300000007
13.0246635 77.59041730000001
13.0348637 77.73670029999994
13.0271565 77.60662660000003
13.0246782 77.58877689999997
13.01565 77.617617
13.024317 77.61288300000001
13.013817 77.61688300000003
13.032683 77.60058300000003
13.026938 77.60427800000002
13.0302855 77.60485629999994
13.0247691 77.5914292
13.024083 77.61275
13.0365046 77.5941378
13.032867 77.61931700000002
13.028467 77.60453299999995
13.032373 77.62061799999992
13.0364577 77.60498370000005
13.034717 77.60466700000006
13.035842 77.60947999999996
13.0316953 77.62155039999993
13.025317 77.61333300000001
13.034767 77.60495000000003
13.0375404 77.60704229999999
13.035827 77.60947699999997
13.038863 77.59988599999997
13.027383 77.604333
13.030358 77.62246700000003
13.0389064 77.60724879999998
12.9964482 77.6964256
12.9970127 77.69684400000006
12.9971904 77.69685479999998
12.9966285 77.69635319999998
12.9969343 77.69647659999998
12.9969851 77.6967171
12.996741 77.69620699999996
12.986984 77.73630550000007
12.996066 77.69332499999996
12.9667406 77.58066269999995
12.9637019 77.57756080000001
12.9653091 77.5775109
12.9653142 77.57752470000003
12.9661865 77.57806890000006
12.9654535 77.57754490000002
12.9581928 77.58634940000002
12.9696296 77.6120836
12.96223 77.57764999999995
12.954029 77.57983300000001
12.966006 77.58235400000001
12.9636421 77.57778529999996
12.957266 77.58936900000003
12.9696131 77.61049409999998
12.96275 77.57762000000002
12.969912 77.579387
12.966105 77.58293900000001
12.969437 77.57985000000008
12.9632755 77.57746320000001
12.96223 77.57764999999995
12.9696296 77.6120836
12.967368 77.581639
12.9419023 77.57125359999998
12.9433717 77.55888589999995
12.9428421 77.5643536
12.944128 77.57097599999997
12.9459224 77.5768213
12.942033 77.571233
12.940974 77.57123999999999
12.9484308 77.58629919999998
12.9427048 77.5643288
12.9431097 77.57111359999999
12.9444381 77.572858
12.9449863 77.5710186
12.9693 77.54573299999993
12.9726508 77.57227119999993
12.941717 77.55708299999992
12.968633 77.57259999999997
12.943198 77.57106199999998
12.967192 77.57387900000003
12.959321 77.576233
12.9704819 77.57171219999998
12.968683 77.57266700000002
12.9719702 77.58062789999997
12.968024 77.57250099999999
12.9719702 77.58062789999997
12.967563 77.57256699999994
12.969901 77.57191999999998
12.972306 77.57444099999998
12.968335 77.53779899999995
12.967252 77.57389999999998
12.969441 77.57273599999996
12.948268 77.57884000000001
12.971622 77.57424800000001
12.9595188 77.56953420000002
12.968257 77.57268799999997
12.9515507 77.57746700000007
12.967084 77.57385499999998
12.967417 77.573083
12.970817 77.52496700000006
12.9411064 77.5710967
12.9706692 77.52512630000001
12.9701429 77.57088909999993
12.968867 77.572767
12.958761 77.56738500000006
12.9715987 77.59456269999998
12.9715987 77.59456269999998
12.9593487 77.56213439999999
12.96796 77.57288399999993
12.9692113 77.52465689999997
12.9721339 77.57256069999994
12.959311 77.56718699999999
12.959473 77.562412
12.944053 77.57113200000003
12.972064 77.53815699999996
12.969978 77.54418799999996
12.9585717 77.57087279999996
12.967817 77.57233300000007
12.943467 77.56140000000005
12.966912 77.57370000000003
12.967967 77.57316700000001
12.9715933 77.5551322
12.970866 77.52337999999997
12.969233 77.57296700000006
12.9715194 77.59594470000002
12.9703761 77.53692699999999
12.971471 77.58134999999993
12.9716366 77.57421640000007
12.9416268 77.55730010000002
12.966992 77.57260099999996
12.9715987 77.59456269999998
12.9701621 77.57975050000005
12.9416602 77.56257260000007
12.944298 77.555613
12.967467 77.57313299999998
12.967533 77.57286699999997
12.9458003 77.59066989999997
12.9717572 77.57342619999997
12.96688 77.57589000000007
12.9165657 77.55086359999996
12.91555 77.51346999999998
12.9250683 77.55008780000003
12.9251537 77.55013389999999
12.922831 77.56028500000002
12.9257 77.55005000000006
12.92951 77.54855299999997
12.9253116 77.5496766
12.914692 77.55299400000001
12.922671 77.55214699999999
12.914417 77.560383
12.925714 77.553316
12.927387 77.55756500000007
12.9247245 77.55585180000003
12.9199837 77.52017230000001
12.923617 77.54358300000001
12.926453 77.55102399999998
12.9220875 77.5434143
12.924055 77.51821500000005
12.9136873 77.55977840000003
12.9249318 77.54406640000002
12.927952 77.55206999999996
12.9289143 77.55180519999999
12.9140784 77.5266421
12.92965 77.53848300000004
12.9215926 77.54321949999996
12.929697 77.55376799999999
12.929923 77.557908
12.928607 77.54913799999997
12.926926 77.55080199999998
12.917489 77.52430500000003
12.9228698 77.54854799999998
12.9192588 77.54207150000002
12.9168438 77.54204470000002
12.9254439 77.5440734
12.9134827 77.55937540000002
12.9181677 77.55713850000006
12.91955 77.52043300000003
12.92422 77.51911999999993
12.9236792 77.55325900000003
12.9299933 77.55284660000007
12.92236 77.549264
12.9096674 77.55006550000007
12.9365829 77.57567389999997
12.9300198 77.56999440000004
12.9264331 77.48569520000001
12.9152465 77.56304069999999
12.931669 77.5673835
12.935711 77.56109500000002
12.9322 77.56404999999995
12.9093899 77.5652384
12.911545 77.55184699999995
12.90938 77.54951800000003
12.9366655 77.5757241
12.9093582 77.56516629999999
12.9163262 77.57930429999999
12.934017 77.57168300000001
12.9094566 77.57789000000002
12.9302782 77.5528865
12.924888 77.56545299999993
12.9243307 77.57023609999999
12.9125347 77.56464329999994
12.915433 77.56118300000003
12.933193 77.55770000000007
12.9249491 77.56446359999995
12.9077422 77.57054349999999
12.9299037 77.56354269999997
12.935486 77.56080840000004
12.906351 77.55908399999998
12.925529 77.56440999999995
12.9070719 77.57023670000001
12.9316494 77.48771750000003
12.929217 77.51101700000004
12.9096141 77.56538460000002
12.907952 77.56096400000001
12.9088284 77.57278680000002
12.906983 77.56003399999997
12.907675 77.52118599999994
12.9250066 77.56448
12.9194183 77.57398809999995
12.9361748 77.56891640000003
12.9369685 77.55633510000007
12.9305004 77.55335049999996
12.911576 77.55329499999993
12.910031 77.57232199999999
12.9149004 77.56367799999998
12.9154279 77.56119939999996
12.9304436 77.51503079999998
12.92681 77.57332399999996
12.9323689 77.5677882
12.9245475 77.56406560000005
12.914818 77.5608681
12.9362754 77.55603510000003
12.909343 77.56476499999997
12.9108429 77.55562170000007
12.934271 77.56822799999998
12.911503 77.55370300000004
12.9084628 77.55847719999997
12.909837 77.57381800000007
12.9117763 77.57843520000006
12.9058643 77.55039540000007
12.9313053 77.57583210000007
12.9086373 77.54873509999993
12.931083 77.54295000000002
12.9282748 77.57656840000004
12.9151755 77.5628395
12.922504 77.48618299999998
12.9061333 77.54347630000007
12.912414 77.55891299999996
12.925462 77.564392
12.907979 77.57080599999995
12.909133 77.572856
12.9147066 77.56451489999995
12.9124271 77.54009870000004
12.9066199 77.56986719999998
12.9317516 77.56740760000002
12.9248334 77.5646352
12.929232 77.56800699999997
12.9179801 77.57350799999995
12.912899 77.57688800000005
12.90589 77.54183999999998
12.9191183 77.57388089999995
12.9160602 77.5617317
12.9068771 77.56347319999998
12.933281 77.54311200000006
12.9339201 77.57163049999997
12.930749 77.48732300000006
12.915411 77.56119799999999
12.928917 77.51096699999994
12.9250534 77.56418459999998
12.9074382 77.57031080000002
12.909003 77.56415300000003
12.9139197 77.56690979999996
12.933389 77.55766199999994
12.905324 77.57693199999994
12.913469 77.56201799999997
12.9246321 77.56506839999997
12.9165654 77.56178610000006
12.927024 77.56745999999998
12.915001 77.48167799999999
12.9103389 77.48411299999998
12.903333 77.51700000000005
12.910176 77.48419999999999
12.9102481 77.48296200000004
12.923821 77.48492499999998
12.9033482 77.56164390000004
12.9032979 77.51582099999996
12.914945 77.48164099999997
12.913384 77.48104799999999
12.903759 77.56184400000006
12.917526 77.48316
12.90395 77.54420400000004
12.9032679 77.51710379999997
12.917906 77.48399900000004
12.9027665 77.520355
12.9 77.48333300000002
12.920618 77.47089800000003
12.9029162 77.521165
12.902959 77.51926000000003
12.9027149 77.51964020000003
12.9 77.48333300000002
12.9029894 77.52148690000001
12.91276 77.61008709999999
12.915121 77.60994240000002
12.9132 77.58780000000002
12.9040332 77.60182299999997
12.914022 77.59956799999998
12.9173668 77.65180329999998
12.9059644 77.59637420000001
12.9158925 77.62319049999996
12.9171399 77.59672049999995
12.931274 77.58387900000002
12.9282388 77.59842230000004
12.913101 77.63831499999992
12.9263364 77.67539450000004
12.9271638 77.59295270000007
12.92241 77.58600939999997
12.9380841 77.55688439999994
12.9168956 77.67136879999998
12.9066085 77.63029310000002
12.9309067 77.58598089999998
12.9696964 77.64150540000003
12.9289548 77.58498789999999
12.9144403 77.5859987
12.9345445 77.58929309999996
12.930946 77.58233199999995
12.9040045 77.58105039999998
12.928725 77.59254829999998
12.9342046 77.61119259999998
12.9321743 77.58620029999997
12.923717 77.58926900000006
12.909955 77.63956499999995
12.931228 77.58357799999999
12.931283 77.58590700000002
12.911883 77.59993299999996
12.9217229 77.58367880000003
12.9327734 77.58467999999993
12.9175645 77.65180510000005
12.9178651 77.65148369999997
12.932542 77.58336699999995
12.9098645 77.60007969999992
12.9168 77.65179999999998
12.917534 77.65045699999996
12.910374 77.58853290000002
12.9382167 77.55533839999998
12.9294 77.58456999999999
12.9164439 77.61086399999999
12.929811 77.58434899999997
12.9169 77.597533
12.9271932 77.58635030000005
12.9210976 77.60027630000002
12.9318811 77.58347739999999
12.9361395 77.58381439999994
12.929427 77.58470720000003
12.916867 77.59276699999998
12.9236861 77.63401160000001
12.9312223 77.58371110000007
12.9218 77.613833
12.9248507 77.60031559999993
12.90017 77.60079199999996
12.922337 77.58836700000006
12.932483 77.58603300000004
12.915653 77.60988980000002
12.9314154 77.58404339999993
12.9332221 77.58475920000001
12.9148458 77.60992999999996
12.9298871 77.58440339999993
12.93024 77.58335999999997
12.9196722 77.61381549999999
12.93185 77.58386700000005
12.920099 77.666516
12.9130367 77.63650059999998
12.929467 77.58611700000006
12.9107759 77.60652759999994
12.9165275 77.59515639999995
12.922452 77.59103900000002
12.9198782 77.58590189999995
12.916334 77.60600599999998
12.924763 77.596049
12.92963 77.58373230000007
12.9190702 77.59239879999996
12.9221771 77.61933620000002
12.9225014 77.6340351
12.92615 77.61551699999995
12.914999 77.65164430000004
12.9298073 77.58362420000003
12.926017 77.58809900000006
12.92916 77.58523000000002
12.9208738 77.62032060000001
12.901013 77.58603399999993
12.921755 77.64970859999994
12.916033 77.59498299999996
12.916354 77.61018009999998
12.9125332 77.61507940000001
12.917082 77.596767
12.9040856 77.62728360000006
12.906149 77.63759970000001
12.919615 77.64930129999993
12.9027427 77.6239898
12.9102934 77.6065132
12.908522 77.61047899999994
12.919164 77.59271999999999
12.906762 77.63110400000005
12.918167 77.58668899999998
12.900932 77.58782199999996
12.905969 77.65080599999999
12.9058166 77.62763259999997
12.9087292 77.6109854
12.9170626 77.59038340000006
12.9209588 77.6018583
12.920789 77.58415000000002
12.907799 77.58538899999996
12.905035 77.62744900000007
12.9124883 77.58797179999999
12.9137167 77.60667000000001
12.9060765 77.62518479999994
12.9048006 77.62742639999999
12.9212288 77.63338410000006
12.907306 77.63525800000002
12.9028183 77.58408399999996
12.9136197 77.60727729999996
12.91715 77.59680000000003
12.921245 77.61933599999998
12.90596 77.62765100000001
12.9192751 77.59292979999998
12.904322 77.62723800000003
12.905947 77.62767380000003
12.920834 77.61562200000003
12.914776 77.588259
12.9156623 77.62321199999997
12.9194921 77.61343599999998
12.9055614 77.62777449999999
12.920883 77.61336699999993
12.9196647 77.59290369999997
12.9102628 77.60652800000003
12.9063182 77.62775149999993
12.9064823 77.63674070000002
12.9058164 77.62780799999996
12.9057143 77.62760909999997
12.9218126 77.60343039999998
12.9162762 77.61452970000005
12.908136 77.64760799999999
12.902667 77.63693599999999
12.9005056 77.60116219999998
12.9211414 77.61955680000005
12.9164609 77.59515750000003
12.920196 77.616535
12.9190379 77.59368859999995
12.906387 77.62966299999994
12.9143444 77.60602610000001
12.911058 77.59531400000003
12.9568913 77.69904680000002
12.956234 77.70077800000001
12.9568648 77.69923589999996
12.9570224 77.69767649999994
12.956383 77.69536700000003
12.9562414 77.69536749999997
12.95646 77.6962757
12.9568123 77.6985512
12.9575993 77.70126479999999
12.9595004 77.7477179
12.9744304 77.73384069999997
12.9796743 77.72852929999999
12.979154 77.72811189999993
12.9793531 77.72861130000001
12.9795968 77.72876180000003
12.9603763 77.74853410000003
12.9595388 77.74788280000007
12.959503 77.70089899999994
12.9661977 77.71787789999996
12.968223 77.65077900000006
12.972617 77.67843300000004
12.954448 77.70742500000006
12.972383 77.65151700000001
12.9729752 77.64712929999996
12.9717662 77.64957860000004
12.9722558 77.65313590000005
12.9568 77.69801699999994
12.9722293 77.65313839999999
12.972383 77.65194999999994
12.9723023 77.65149070000007
12.9569105 77.698981
12.9661715 77.71771160000003
12.972343 77.65128370000002
12.9567449 77.69794439999998
12.9559748 77.71494359999997
12.9488604 77.70357469999999
12.957333 77.70101699999998
12.9680639 77.65237639999998
12.9738387 77.62783379999996
12.956328 77.6979437
12.9730974 77.62907029999997
12.9544878 77.70022629999994
12.972133 77.65407800000003
12.957022 77.697677
12.9722544 77.65250979999996
12.9730314 77.62945009999999
12.9565665 77.6964997
12.951106 77.69975699999998
12.95887 77.70157399999994
12.9719971 77.64121769999997
12.968183 77.67006700000002
12.971887 77.65509500000007
12.960092 77.71298999999999
12.954197 77.70733999999993
12.9728719 77.62980349999998
12.9590481 77.70170110000004
12.9686469 77.6487654
12.9571043 77.7028444
12.971892 77.64115500000003
12.9568321 77.69953020000003
12.959172 77.69741899999997
12.9724374 77.64927609999995
12.9566001 77.69713430000002
12.9723131 77.68006270000001
12.959172 77.69741899999997
12.958557 77.70083799999998
12.9487892 77.70379200000002
12.973721 77.67401300000006
12.9560409 77.69375130000003
12.9553546 77.69795479999993
12.953486 77.70029599999998
12.957033 77.70204999999999
12.9722544 77.65250979999996
12.9545845 77.7002675
12.957291 77.700873
12.9551422 77.69786290000002
12.9525647 77.70599489999995
12.972367 77.65331700000002
12.9726011 77.64865239999995
12.972467 77.652017
12.956629 77.70468200000005
12.960092 77.71298999999999
12.97373 77.6739877
12.9907923 77.68716040000004
13.0098211 77.6146933
13.0101635 77.60983850000002
13.0004285 77.57127109999999
12.9988146 77.57150769999998
12.998733 77.56941699999993
12.996989 77.57297199999994
12.9942865 77.57139210000003
12.992107 77.57296099999996
13.002133 77.571233
13.0044584 77.56923400000005
13.003368 77.57127500000001
13.0007231 77.57143459999998
13.003368 77.57127500000001
12.999817 77.57236699999999
12.998504 77.57144800000003
12.998468 77.57143700000006
13.00575 77.57119999999998
12.999393 77.57177100000001
13.0010542 77.57132530000001
13.003368 77.57127500000001
12.999496 77.57595700000002
12.9953 77.57148299999994
12.999283 77.57181700000001
12.999083 77.57161700000006
12.9940934 77.57151309999995
13.0012226 77.57541830000002
12.9984481 77.57149700000002
13.0011982 77.57860819999996
12.9992978 77.57162270000003
13.0017345 77.57783330000007
12.9991113 77.57912050000004
13.011067 77.60860000000002
13.008536 77.56903699999998
12.9928539 77.57423349999999
13.0116501 77.60682529999997
12.9991884 77.57912190000002
13.0102314 77.61349040000005
13.0098734 77.59432459999994
13.005636 77.61238400000002
12.9987366 77.57153859999994
12.9993269 77.5714279
13.003368 77.57127500000001
13.008676 77.56346600000006
13.019487 77.59489400000007
13.0213359 77.5923689
13.019568 77.596813
13.015957 77.59724499999993
13.028309 77.58612100000005
13.027124 77.57827499999996
13.030033 77.57804999999996
13.027041 77.57937800000002
13.0267 77.57918300000006
13.023425 77.59988299999998
13.024639 77.59021710000002
13.026661 77.59079099999997
13.023849 77.59880799999996
13.024737 77.58893749999993
13.024759 77.58791599999995