12.9679078 77.60148549999997
12.974637 77.60415899999998
12.9728288 77.56585840000002
12.9687181 77.59660069999995
12.9714806 77.60700729999996
12.971032 77.59603199999992
12.9733689 77.60731020000003
12.955462 77.59177899999997
12.9715987 77.59456269999998
12.972201 77.59845199999995
12.982722 77.53091100000006
12.9698987 77.60999349999997
12.9705496 77.59941279999998
12.9609465 77.52807400000006
12.971383 77.59590000000003
12.9728615 77.60744360000001
12.9761582 77.57761010000002
12.960455 77.53041000000007
12.9511572 77.57742380000002
12.970463 77.61274400000002
12.966851 77.59932900000001
12.98272 77.53090599999996
12.961818 77.61260600000003
12.9743696 77.60754120000001
12.957343 77.54909999999995
12.967878 77.54042299999992
12.9592188 77.64858600000002
12.9714 77.64152660000002
12.9898385 77.59129110000003
12.9623615 77.64270050000005
12.9607007 77.64862049999999
12.9883418 77.59357060000002
12.9352156 77.61996079999994
12.9702151 77.63955209999995
12.993583 77.58536700000002
12.9901694 77.5994442
12.936671 77.62030600000003
12.9703278 77.63213689999998
12.98551 77.58152700000005
12.9401347 77.62344970000004
12.988417 77.59367500000008
12.961335 77.63707599999998
12.9945557 77.59096449999993
12.935198 77.63031699999999
12.9917081 77.57125500000006
12.9996549 77.59893799999998
12.9737276 77.64245319999998
12.978494 77.64160199999992
12.978352 77.63432999999998
12.982278 77.63910699999997
12.971386 77.64185399999997
12.973975 77.64656739999998
12.987609 77.61718900000005
12.9396438 77.57108730000004
12.970025 77.63796200000002
12.9394618 77.62576719999993
12.9355089 77.61412949999999
12.9564703 77.6476927
12.996883 77.65888300000006
12.986994 77.59490099999994
12.968186 77.64472599999999
12.9758752 77.61656289999996
12.995889 77.65883800000006
12.9612024 77.64504609999994
12.989807 77.55511999999999
12.989789 77.53778260000001
12.998798 77.57561099999998
12.9839656 77.60410660000002
12.936517 77.61484999999993
12.991094 77.57593900000006
12.984037 77.55447400000003
12.957644 77.65551600000003
12.943483 77.54063300000007
12.945061 77.57194379999999
12.9990041 77.57845929999996
12.979547 77.638013
12.9439089 77.60675930000002
12.9804339 77.63492910000002
12.9913528 77.57105750000005
12.9663336 77.63721579999992
12.9739036 77.64085160000002
12.978603 77.64112899999998
12.9385994 77.6308186
12.995868 77.61313500000006
12.9365721 77.61493840000003
12.9676957 77.65005969999993
12.9711287 77.64285510000002
12.9702928 77.65464650000001
12.935048 77.61100899999997
12.970488 77.64635599999997
12.9989146 77.61587780000002
12.9404008 77.56435090000002
12.936901 77.57692900000006
12.988554 77.61737700000003
12.9759016 77.63932980000004
12.9997117 77.55095729999994
12.935956 77.62146499999994
12.961092 77.50929700000006
12.9987097 77.60018049999996
12.9602918 77.64856829999997
12.990047 77.72314200000005
12.933303 77.62358300000005
13.0092304 77.64314059999992
13.039581 77.63048140000001
13.0276515 77.57608570000002
12.9349862 77.62279860000001
12.9168 77.65179999999998
12.9232028 77.5852208
12.921397 77.66212900000005
12.918597 77.61208399999998
12.950433 77.69852000000003
12.9260179 77.62541799999997
12.9563295 77.71086309999998
12.953795 77.71973100000002
12.9290257 77.63532220000002
13.0421358 77.55463600000007
12.9250394 77.66966179999997
12.914767 77.60619399999996
12.9263234 77.66981570000007
12.9645719 77.71633299999996
13.008168 77.56476299999997
13.0196861 77.64743240000007
13.0342884 77.62870580000003
13.012717 77.57639210000002
12.9250279 77.55094370000006
13.015701 77.64708599999994
13.019861 77.60625400000004
13.0237572 77.63383320000003
13.0104821 77.55516579999994
12.9209925 77.58461069999998
13.019932 77.6564568
13.0141737 77.6405274
13.0075932 77.57931080000003
12.9167346 77.60527780000007
13.0081324 77.55624739999996
12.91994 77.61065099999996
13.013411 77.66185700000005
12.9168623 77.58644670000001
12.930088 77.68330600000002
12.952087 77.71255900000006
12.912555 77.63878999999997
13.001914 77.57133599999997
12.920789 77.58415000000002
12.933901 77.58365900000001
12.919264 77.66885400000001
13.0099992 77.55458620000002
12.934154 77.6292148
13.020073 77.60160700000006
12.9283535 77.6328972
12.9290251 77.62781740000003
13.022394 77.63974800000005
12.928939 77.627163
12.9043915 77.58018140000001
12.850287 77.66016400000001
12.8813222 77.5498182
12.855255 77.66462200000001
12.8919574 77.61085969999999
12.9042924 77.59490570000003
12.906114 77.59241299999996
12.9034424 77.6024142
12.9071 77.59500589999993
12.8498482 77.65448570000001
12.8565569 77.58898539999996
12.8916374 77.57512799999995
12.8822747 77.55045180000002
12.89351 77.58056799999997
12.879918 77.60218699999996
12.897212 77.58221070000002
12.889522 77.57985200000007
12.883396 77.54859399999998
12.8899461 77.63981220000005
12.8965387 77.58622100000002
12.906383 77.59671300000002
12.906977 77.59854500000006
12.841996 77.64567599999998
12.83967 77.64993500000003
12.841586 77.59084489999998
12.8733427 77.52798559999997
12.911071 77.63515800000005
12.909412 77.56458099999998
12.909421 77.63781600000004
12.9209318 77.55556739999997
12.9245642 77.55345109999996
12.926203 77.63167499999997
12.932946 77.58386900000005
12.9226708 77.60220090000007
12.9096317 77.606538
12.91642 77.55479000000003
12.9184814 77.63204280000002
12.9103536 77.54533700000002
12.914036 77.60976499999992
12.9157308 77.59491230000003
12.9117949 77.64319890000002
12.92224 77.58941800000002
12.921658 77.52042099999994
12.9157543 77.6344153
12.930846 77.63277800000003
12.925127 77.60625200000004
12.925446 77.560699
12.922386 77.56674900000007
12.924094 77.61469399999999
12.925762 77.67530999999997
12.9242649 77.56508489999999
12.915671 77.59486909999998
12.913084 77.60617500000001
12.9236674 77.55388459999995
12.9184882 77.59319170000003
12.921481 77.58386199999995
12.916167 77.60541799999999
12.925848 77.58358900000007
12.9279232 77.62710779999998
12.988048 77.55971
12.9872041 77.55537090000007
13.0081157 77.53929300000004
13.0042607 77.53552519999994
13.0088329 77.5434894
13.0095831 77.59626720000006
13.0057625 77.54235010000002
13.0056854 77.58057429999997
13.0023598 77.5423293
13.027227 77.57178299999998
13.063681 77.58973100000003
13.0607739 77.64870150000002
12.9919912 77.67022709999992
13.041007 77.55830530000003
13.0086739 77.6514611
13.0253788 77.64298170000006
13.0274855 77.63368070000001
13.0165 77.634233
13.031576 77.57003099999997
13.019986 77.605954
13.062289 77.63321999999994
13.02104 77.64220399999999
13.0454805 77.62674450000009
13.0207624 77.61000749999994
13.010044 77.65723600000001
13.0509219 77.62155039999993
13.019397 77.67814999999996
13.025848 77.636843
13.0718336 77.5057554
13.029664 77.57082600000001
13.0135189 77.66165290000004
13.1140618 77.57892609999999
13.059888 77.58955500000002
13.0477292 77.54976809999994
13.0307846 77.57064479999997
12.9859639 77.73639860000003
13.0274855 77.63368070000001
13.0092566 77.64199150000002
12.995062 77.69484899999998
12.976251 77.72515650000003
12.9764619 77.73993369999994
12.9526917 77.702812
12.955688 77.72001599999999
12.955931 77.69790450000005
12.9551452 77.69786420000003
12.963978 77.71159599999999
12.956329 77.69793900000002
12.964671 77.71745299999998
12.9814337 77.75177359999998
12.9277846 77.73907009999994
12.969149 77.74332800000002
12.983539 77.75214600000004
12.9278739 77.68253340000001
12.910953 77.68415700000003
12.9189003 77.63228559999993
12.9216831 77.6205536
12.9095458 77.60638210000002
12.931861 77.58338400000002
12.9471212 77.5965837
