12.968866 77.61158499999999
12.9622024 77.60098259999995
12.975196 77.59445129999995
12.9627709 77.60063679999996
12.9676969 77.54004280000004
12.9739724 77.57394249999993
12.9702876 77.59412550000002
12.96176 77.54089580000004
12.968866 77.61158499999999
12.9622024 77.60098259999995
12.9434908 77.62271839999994
12.975196 77.59445129999995
12.9628664 77.60589359999994
12.9452881 77.51343959999997
12.9888329 77.6292082
12.9485852 77.5345337
12.9756218 77.64878010000007
12.9739724 77.57394249999993
12.9702876 77.59412550000002
12.968284 77.59333489999995
12.9934392 77.5946702
12.968866 77.61158499999999
12.9622024 77.60098259999995
12.9434908 77.62271839999994
12.975196 77.59445129999995
12.9466617 77.59617070000002
12.9764044 77.48374519999993
12.9452881 77.51343959999997
13.0097622 77.6534335
13.0093028 77.68785479999997
13.0196942 77.55983949999995
12.940674 77.56595160000006
12.9372278 77.55964849999998
12.9485852 77.5345337
13.011563 77.67319329999998
12.9340378 77.58511420000002
12.9756218 77.64878010000007
13.0394173 77.57380460000002
12.9688128 77.59125489999997
12.9761449 77.60904189999997
12.9892259 77.61638089999997
12.9383145 77.49950050000007
12.96176 77.54089580000004
12.9934392 77.5946702
13.070414 77.65131799999995
13.0196942 77.55983949999995
13.0725756 77.55553829999997
13.031971 77.58602859999996
13.1012021 77.57997520000004
13.0856335 77.48295659999997
13.1012021 77.57997520000004
13.0725756 77.55553829999997
13.0856335 77.48295659999997
13.0851489 77.48315209999998
13.1012021 77.57997520000004
13.0725756 77.55553829999997
12.9788389 77.59975310000004
12.9695931 77.59310389999996
12.961496 77.60098300000004
12.943666 77.62287760000004
13.0704593 77.65134569999998
13.0856335 77.48295659999997
12.9628664 77.60589359999994
12.939998 77.56867999999997
12.9339373 77.58594100000005
13.0097622 77.6534335
13.0093028 77.68785479999997
13.0196942 77.55983949999995
12.940674 77.56595160000006
12.9372278 77.55964849999998
12.9300236 77.61015880000002
12.9676969 77.54004280000004
12.9344939 77.5851662
12.9340378 77.58511420000002
12.9756218 77.64878010000007
13.0394173 77.57380460000002
12.9688128 77.59125489999997
12.9761449 77.60904189999997
12.9892259 77.61638089999997
13.0416655 77.67861679999999
12.968284 77.59333489999995
12.971353 77.74875650000001
12.968866 77.61158499999999
12.961496 77.60098300000004
12.943666 77.62287760000004
12.9466617 77.59617070000002
12.939998 77.56867999999997
12.9339373 77.58594100000005
12.8377921 77.65984300000002
12.940674 77.56595160000006
12.9372278 77.55964849999998
12.9485852 77.5345337
12.9344939 77.5851662
12.9235391 77.5020379
12.9688128 77.59125489999997
12.968284 77.59333489999995
12.8377921 77.65984300000002
12.8377921 77.65984300000002
12.8377921 77.65984300000002
12.8377921 77.65984300000002
12.9279232 77.62710779999998
12.9300236 77.61015880000002
12.968866 77.61158499999999
12.9622024 77.60098259999995
12.9434908 77.62271839999994
12.975196 77.59445129999995
12.9466617 77.59617070000002
12.939998 77.56867999999997
12.9339373 77.58594100000005
12.940674 77.56595160000006
12.9372278 77.55964849999998
12.9485852 77.5345337
12.9344939 77.5851662
12.9235391 77.5020379
12.9372558 77.55897449999998
12.9739724 77.57394249999993
12.9383145 77.49950050000007
12.96176 77.54089580000004
12.968866 77.61158499999999
12.9622024 77.60098259999995
12.9434908 77.62271839999994
12.975196 77.59445129999995
12.9466617 77.59617070000002
12.9764044 77.48374519999993
12.9452881 77.51343959999997
13.0097622 77.6534335
13.0093028 77.68785479999997
12.9888329 77.6292082
12.9510522 77.55493580000007
12.9300236 77.61015880000002
12.9676969 77.54004280000004
12.9344939 77.5851662
12.9235391 77.5020379
12.9372558 77.55897449999998
12.9739724 77.57394249999993
12.9702876 77.59412550000002
12.9383145 77.49950050000007
12.96176 77.54089580000004
12.9934392 77.5946702
12.968866 77.61158499999999
12.975196 77.59445129999995
13.0856335 77.48295659999997
12.9764044 77.48374519999993
13.0093028 77.68785479999997
13.0196942 77.55983949999995
13.075131 77.58356100000003
13.011563 77.67319329999998
12.9756218 77.64878010000007
13.031971 77.58602859999996
12.9739724 77.57394249999993
12.9702876 77.59412550000002
13.0851489 77.48315209999998
12.968284 77.59333489999995
13.0196942 77.55983949999995
12.9788389 77.59975310000004
12.9695931 77.59310389999996
12.961496 77.60098300000004
12.943666 77.62287760000004
13.0704593 77.65134569999998
12.9466617 77.59617070000002
13.070414 77.65131799999995
12.9764044 77.48374519999993
12.9452881 77.51343959999997
13.0097622 77.6534335
13.0093028 77.68785479999997
13.0196942 77.55983949999995
12.940674 77.56595160000006
12.9372278 77.55964849999998
12.9485852 77.5345337
13.011563 77.67319329999998
12.9756218 77.64878010000007
13.0394173 77.57380460000002
12.9688128 77.59125489999997
12.9761449 77.60904189999997
12.9892259 77.61638089999997
13.0416655 77.67861679999999
12.968284 77.59333489999995
12.971353 77.74875650000001
12.9788389 77.59975310000004
12.9695931 77.59310389999996
12.961496 77.60098300000004
12.943666 77.62287760000004
13.0704593 77.65134569999998
13.0856335 77.48295659999997
12.9628664 77.60589359999994
12.939998 77.56867999999997
12.9339373 77.58594100000005
13.0097622 77.6534335
13.0093028 77.68785479999997
13.0196942 77.55983949999995
12.940674 77.56595160000006
12.9372278 77.55964849999998
12.9300236 77.61015880000002
12.9676969 77.54004280000004
12.9344939 77.5851662
12.9340378 77.58511420000002
12.9756218 77.64878010000007
13.0394173 77.57380460000002
12.9688128 77.59125489999997
12.9761449 77.60904189999997
12.9892259 77.61638089999997
13.0416655 77.67861679999999
12.968284 77.59333489999995
12.971353 77.74875650000001
12.9888329 77.6292082
12.9788389 77.59975310000004
12.9695931 77.59310389999996
12.961496 77.60098300000004
12.9628664 77.60589359999994
12.9627709 77.60063679999996
12.9888329 77.6292082
12.9756218 77.64878010000007
12.9739724 77.57394249999993
12.9702876 77.59412550000002
12.968284 77.59333489999995
12.9934392 77.5946702
12.968866 77.61158499999999
12.975196 77.59445129999995
13.0093028 77.68785479999997
12.9888329 77.6292082
12.9756218 77.64878010000007
12.9688128 77.59125489999997
12.9761449 77.60904189999997
12.9892259 77.61638089999997
12.9934392 77.5946702
13.011563 77.67319329999998
12.968866 77.61158499999999
12.9622024 77.60098259999995
12.975196 77.59445129999995
13.070414 77.65131799999995
12.9764044 77.48374519999993
12.9627709 77.60063679999996
13.0499763 77.52573840000002
12.9888329 77.6292082
13.075131 77.58356100000003
13.011563 77.67319329999998
12.9756218 77.64878010000007
13.031971 77.58602859999996
12.9739724 77.57394249999993
12.9702876 77.59412550000002
13.0416655 77.67861679999999
12.96176 77.54089580000004
12.9934392 77.5946702