12.950011 77.53746899999999
12.9828977 77.59653609999998
12.9644018 77.58813209999994
12.9695696 77.57743089999997
12.9654632 77.60147540000003
12.9624219 77.59352939999997
12.976676 77.57973100000004
12.957571 77.58184600000004
12.957239 77.570697
12.951212 77.59540300000003
12.959085 77.58373299999994
12.964321 77.58053199999995
12.9581928 77.58634940000002
12.958526 77.58645769999998
12.96092 77.57990199999995
12.9683035 77.5289133
12.95765 77.58133999999995
12.9800556 77.61281770000005
12.9715987 77.59456269999998
12.952012 77.564299
12.9715987 77.59456269999998
12.9715987 77.59456269999998
12.960311 77.58206500000006
12.9715987 77.59456269999998
12.9641618 77.54207199999996
12.96106 77.52919900000006
12.978998 77.57952499999999
12.9698858 77.53327960000001
12.9512169 77.59531730000003
12.958688 77.55847900000003
12.9571768 77.53259520000006
12.955884 77.54974199999992
12.9715987 77.59456269999998
12.9591239 77.59103920000007
12.9701158 77.61251270000002
12.96923 77.57309099999998
12.965034 77.53793100000007
12.9584975 77.58566040000005
12.9697654 77.59152300000005
12.9703684 77.58077990000004
12.969612 77.57567900000004
12.958384 77.59247499999992
12.9722232 77.57975770000007
12.9590428 77.59101310000005
12.958835 77.59039400000006
12.9715987 77.59456269999998
12.9599163 77.58322099999998
12.9661501 77.606267
12.9760588 77.54912200000001
12.9715987 77.59456269999998
12.9715987 77.59456269999998
12.9550488 77.54464209999992
12.95693 77.58151999999995
12.958292 77.58638500000006
12.9807696 77.60290080000004
12.9715987 77.59456269999998
12.958083 77.580017
12.9596604 77.58917580000002
12.9644018 77.58813209999994
12.9715987 77.59456269999998
12.976594 77.59927100000004
12.961986 77.58396800000003
12.9715987 77.59456269999998
12.956582 77.58139559999995
12.959283 77.58218299999999
12.9723897 77.60870399999999
12.968817 77.57304999999997
12.9715987 77.59456269999998
12.956 77.588167
12.9630188 77.5812479
12.9714806 77.60700729999996
12.975227 77.60506800000007
12.956006 77.58411699999999
12.969617 77.58164999999997
12.9596027 77.58713549999993
12.9750503 77.60468000000003
12.968613 77.57728299999997
12.9578533 77.56210039999996
12.9715987 77.59456269999998
12.968702 77.57901420000007
12.966806 77.577045
12.9715987 77.59456269999998
12.9626067 77.57268840000006
12.9636444 77.57057459999999
12.9512169 77.59531730000003
12.9556929 77.59080620000009
12.965733 77.57932900000003
12.9583959 77.58593969999993
12.9583668 77.58562589999997
12.9511364 77.59268180000004
12.9592487 77.59069520000003
12.9601524 77.58900410000001
12.9602629 77.58229899999992
12.958567 77.51914899999997
12.9590608 77.57651740000006
12.957582 77.58807569999999
12.9504003 77.59656270000005
12.9574297 77.59116059999997
12.942117 77.57536099999993
12.9671016 77.63905
12.962124 77.61469290000002
12.944735 77.55971599999998
12.934306 77.62215400000002
12.9750644 77.6354781
12.993694 77.56497000000002
12.959945 77.508283
12.994935 77.61058679999996
12.988618 77.53828599999997
12.971892 77.64115500000003
12.9592607 77.66131819999998
12.934126 77.62717599999996
12.9910869 77.59202949999997
12.9447059 77.55939650000005
12.9465159 77.59477760000004
12.9568188 77.66483459999995
12.9417055 77.55620620000002
12.935307 77.55853100000002
12.973483 77.615767
12.983231 77.60761400000001
12.934796 77.62347299999999
12.993106 77.54572000000007
12.960724 77.666202
12.945589 77.57125599999995
12.98639 77.56791599999997
12.939449 77.54672349999998
12.9741007 77.63574089999997
12.9638844 77.63962850000007
12.938232 77.57857000000001
12.9889574 77.56076710000002
12.942871 77.59823800000004
12.9461962 77.60023260000003
12.938437 77.622883
12.9894914 77.49972660000003
12.932107 77.62280199999998
12.932245 77.55603300000007
12.977988 77.63299099999995
12.971647 77.65691400000003
12.9301041 77.63360290000003
12.9814722 77.61921389999998
12.98565 77.60569299999997
12.9548316 77.6229677
13.0305805 77.63490560000002
12.914402 77.63860299999999
12.99715 77.61425600000007
12.997989 77.62265100000002
13.039301 77.573982
12.956402 77.69785999999999
12.95152 77.69933500000002
12.906181 77.59145000000001
13.0054118 77.59972919999996
13.0968223 77.5837692
13.044633 77.74589800000001
13.0161687 77.71525099999997
13.024746 77.59391299999993
13.059631 77.589695
13.028436 77.54617800000005
12.924823 77.60906999999997
13.0380756 77.52183909999997
12.999984 77.55726200000004
13.045808 77.51106099999993
12.984113 77.71071000000006
12.975291 77.67508699999996
12.9697999 77.74994670000001
12.910491 77.58571699999993
13.00488 77.543004
12.969799 77.74994600000002
12.878946 77.64656000000002
12.987877 77.73366299999998
12.905179 77.63234399999999
13.060541 77.60918100000004
12.990936 77.78105699999992
12.95705 77.70029999999997
12.9964952 77.6770788
13.0243336 77.55405050000002
13.016883 77.59670000000006
12.864188 77.58982600000002
12.891601 77.62312900000006
13.030952 77.62738999999999
12.8896 77.60106700000006
13.021993 77.53721999999993
13.008385 77.696008
12.8789 77.60898700000007
13.024066 77.59705800000006
13.005519 77.56250999999997
13.013888 77.53757940000003
12.924812 77.63371099999995
13.0245231 77.64072579999993
13.022401 77.51742200000001
13.017867 77.531833
13.015904 77.63786200000004
12.959172 77.69741899999997
13.0577247 77.57553410000003
12.883396 77.54859399999998
13.020476 77.594518
12.9976149 77.54805329999999
12.9185973 77.61208349999993
13.0088649 77.75665230000004
12.910491 77.5857168
13.0085113 77.49959220000005
12.997969 77.61502900000005
12.9036398 77.62739069999998
12.8161919 77.68510689999994
12.8085372 77.7213997
12.839939 77.67700300000001
12.770567 77.79767800000002
12.8319757 77.60631680000006
12.8156826 77.67941240000005
12.8391005 77.68597410000007
12.7454263 77.73684109999999
12.8431859 77.6815259
12.805246 77.57878000000005
12.7833366 77.6448987
12.8191306 77.68709910000007
12.835351 77.68229700000006
12.908237 77.53435000000002
12.8999936 77.62939789999996
12.8728851 77.65048839999997
12.889537 77.64083099999993
12.882698 77.60344699999996
12.8799346 77.64302279999993
12.8654583 77.5798873
12.906007 77.69074899999998
12.904308 77.59846500000003
12.896682 77.62611070000003
12.8801665 77.64604580000002
12.8478685 77.58827050000002
12.906417 77.62971700000003
12.88451 77.60355200000004
12.882333 77.58341700000005
12.8724967 77.56397579999998
12.8778689 77.56701840000005
12.8797045 77.59644630000003
12.8869263 77.7397138
12.898718 77.63588819999995
12.908708 77.54674049999994
12.9064394 77.69876380000005
12.848549 77.680251
12.902037 77.62717429999998
12.903515 77.62723499999993
12.908493 77.627613
12.901649 77.63470000000007
12.857446 77.66319299999998
12.8977067 77.46221659999992
12.9060396 77.63605239999993
12.8873634 77.59988279999993
12.889811 77.649586
12.8943497 77.63707499999998
12.854922 77.78811799999994
12.90079 77.57794200000001
12.8919187 77.64458630000001
12.8927372 77.56856340000002
12.8660931 77.6628541
12.898268 77.61818199999993
12.8795057 77.63678670000002
12.9090556 77.63802050000004
12.899266 77.64081099999999
12.9112047 77.63529540000002
12.9163654 77.63239709999993
12.9137352 77.61345119999999
12.9191039 77.56885169999998
12.9245848 77.4912875
12.917442 77.62271390000001
12.9148979 77.61267069999997
12.9288786 77.6071925
12.926513 77.63615500000003
12.9316556 77.62269590000005
12.927262 77.63234499999999
12.934269 77.58356100000003
12.9225787 77.61941589999992
12.9250031 77.63358210000001
12.92375 77.61471899999992
12.9225787 77.61941589999992
12.927745 77.63395700000001
12.9122362 77.58818429999997
12.91493 77.56349
12.916364 77.53614600000003
12.9336 77.56813299999999
12.922643 77.58603100000005
12.935307 77.55853100000002
12.9127968 77.6051152
12.939678 77.55876699999999
12.933179 77.54383770000004
12.9163889 77.6102502
12.913699 77.60834799999998
12.925767 77.57361700000001
12.9202778 77.63573389999999
12.9320978 77.56189489999997
12.9223153 77.58576440000002
12.9244462 77.50177370000006
12.9409158 77.5397825
12.926974 77.57662600000003
12.928075 77.627789
12.917534 77.65045699999996
12.9237629 77.61840649999999
12.971925 77.51280900000006
12.9477943 77.53975539999999
12.9469454 77.53874250000001
12.959547 77.55613870000002
12.955223 77.54638999999997
12.9594179 77.56990580000002
12.957008 77.51851699999997
12.9574989 77.55017880000003
12.9547567 77.5562463
12.923861 77.54362600000002
12.9180157 77.51152049999996
12.9481656 77.53638890000002
12.952808 77.54553399999998
12.940611 77.52505930000007
12.9410044 77.55035650000002
12.956062 77.54689400000007
12.952957 77.564619
12.911565 77.55323099999998
12.9383052 77.52608340000006
12.970967 77.5702
12.9592775 77.56078359999992
12.9316707 77.5573114
12.94523 77.54402900000002
12.9579961 77.54777100000001
12.9603533 77.5619739
12.9378413 77.51699659999997
12.940384 77.53203400000007
12.9477868 77.53958669999997
12.956989 77.56373299999996
12.950063 77.54341099999999
12.94569 77.54402900000002
12.984752 77.53399630000001
12.984685 77.546514
12.9809679 77.43807790000005
12.9854343 77.56084390000001
12.9864474 77.56130559999997
12.9867659 77.56242480000003
12.9813632 77.53377739999996
12.9845038 77.56151380000006
12.9772095 77.55181160000006
12.9757323 77.55426319999992
12.975338 77.52416640000001
12.9795958 77.55239460000007
12.9868834 77.56376049999994
12.986576 77.55022199999996
12.9864101 77.56122210000001
12.9881326 77.50174279999999
12.9955961 77.48924239999997
13.0059889 77.5210912
13.0040987 77.53570630000002
12.988618 77.53828599999997
12.991534 77.53843710000001
13.0009656 77.53014480000002
13.0085113 77.49959220000005
13.0085113 77.49959220000005
13.0085113 77.49959220000005
13.0079113 77.48629830000004
13.015931 77.54888499999993
13.0219743 77.5324875
13.022021 77.53338800000006
13.0347464 77.55683299999998
13.027884 77.540978
13.0220383 77.55013929999996
13.028878 77.54003999999998
13.0326108 77.52753759999996
13.0326549 77.52810390000002
13.028878 77.54003999999998
13.0009706 77.57120429999998
13.0085761 77.54461390000006
13.0279661 77.54091560000006
13.0279661 77.54091560000006
13.0230883 77.56130159999998
13.0279661 77.54091560000006
13.0284511 77.53692539999997
13.0161812 77.54116249999993
13.028805 77.52467899999999
13.0199101 77.55979249999996
12.9911182 77.54964530000007
12.9983076 77.56767530000002
12.997135 77.57128899999998
13.0253482 77.51950269999998
13.0275286 77.58610899999996
12.989415 77.55231400000002
13.031535 77.55939599999999
13.0329969 77.49528480000004
13.012822 77.52110199999993
13.027707 77.52613500000007
13.0257934 77.51679639999998
13.011559 77.54849910000007
13.0242363 77.54737180000006
12.9958062 77.54870890000007
13.0294156 77.52978489999998
13.028359 77.49435199999994
13.021771 77.50925329999995
13.028878 77.54003999999998
13.0164305 77.49097200000006
13.0268792 77.54189819999999
12.9877339 77.56718569999998
13.0250078 77.53018799999995
12.99806 77.55222900000001
13.0333311 77.52289739999992
13.0185783 77.54740820000006
13.0017695 77.57329090000007
13.0220134 77.55634320000001
13.0223006 77.53706629999999
13.019124 77.55137100000002
13.021478 77.55192999999997
13.0254169 77.51959599999998
13.038076 77.521839
13.0419238 77.51636459999997
13.0264828 77.52860199999998
13.0228846 77.53476150000006
13.0299457 77.52952649999997
13.044557 77.5186602
13.0327927 77.52865509999992
13.053033 77.51241700000003
13.0455552 77.52160789999994
13.0502928 77.51580860000001
13.061523 77.46119799999997
13.0622442 77.5335139
13.062491 77.53082100000006
13.0643037 77.47253890000002
13.0746876 77.45184410000002
13.0961343 77.49959220000005
13.073322 77.55687
13.0657883 77.58773180000003
13.0584731 77.58729870000002
13.058712 77.55931399999997
13.082783 77.54835000000003
13.0910872 77.43969560000005
13.104245 77.57131900000002
13.0832875 77.59409670000002
13.037024 77.65695600000004
13.033005 77.63878299999999
13.0288143 77.63077049999993
13.029783 77.62949000000003
13.0186541 77.64296220000006
13.043505 77.60750770000004
13.019626 77.59776
13.036732 77.57475299999999
13.009314 77.66433800000004
13.0410666 77.57261749999998
13.0223141 77.59489459999998
13.0018842 77.6614174
13.0197 77.60884999999996
13.03755 77.62347599999998
13.001777 77.63209800000004
13.004983 77.63716699999998
13.0281857 77.61794039999995
13.0621452 77.591408
13.019714 77.61423200000002
12.994935 77.61058679999996
13.0223141 77.59489459999998
13.0019992 77.59564899999998
13.028621 77.66371600000002
13.042517 77.57371699999999
13.047713 77.59190390000003
13.039012 77.59898099999998
13.016883 77.635583
13.0454835 77.60635409999998
13.039146 77.59047599999997
13.0192 77.60781700000007
13.069164 77.79274699999996
13.02741 77.67957430000001
13.0546401 77.76493690000007
13.0436056 77.74961110000004
13.071158 77.71981699999992
13.0464002 77.75025219999998
12.998828 77.714382
12.9745141 77.70680149999998
12.9698 77.74994700000002
12.9930663 77.70123490000003
12.996492 77.75849700000003
12.955078 77.71299899999997
12.962443 77.71452499999998
12.963115 77.71733799999993
12.9721132 77.75020510000002
12.9584916 77.65654259999997
12.9590269 77.66290230000004
12.942433 77.63086699999997
12.949135 77.62730699999997
12.9426849 77.61432079999997
12.943107 77.612663
12.9432074 77.61757769999997
12.976522 77.59954419999997
12.9843969 77.60830349999992
12.983111 77.60926799999993
12.9715987 77.59456269999998
12.97216 77.594605
12.9715987 77.59456269999998
12.9715987 77.59456269999998
12.9715987 77.59456269999998
12.9715987 77.59456269999998
12.9715987 77.59456269999998
12.9821098 77.60817350000002
12.9715987 77.59456269999998
12.9715987 77.59456269999998
13.006967 77.59568300000001
13.0100642 77.61411670000007
13.0303391 77.60562349999998
13.0181302 77.63503119999996
13.0261949 77.60612700000001
13.028553 77.59466099999997
13.018314 77.63493700000004
13.0266512 77.56072459999996
13.0282146 77.59613650000006
13.031741 77.60828820000006
13.0297775 77.56262689999994
13.028789 77.58834309999997
13.0223459 77.63156690000005
13.01563 77.65117499999997
13.0004795 77.61276750000002
13.002943 77.60348899999997
13.0169986 77.54949179999994
12.9973211 77.56267460000004
12.987267 77.61893299999997
12.9815102 77.63677059999998
12.9814722 77.61921389999998
12.9960133 77.5502626
12.9957289 77.54187909999996
12.9951966 77.54758709999999