12.9824198 77.55575449999992
12.9609271 77.54874410000002
12.9503985 77.59606540000004
12.9645029 77.55498590000002
12.959179 77.57715299999995
12.980572 77.55749119999996
12.97396 77.612438
12.933376 77.61242100000004
12.991087 77.59203000000002
12.9817664 77.62419909999994
12.990542 77.59915939999996
12.984363 77.55390910000006
12.9350449 77.61198420000005
12.9362037 77.51826119999998
12.9592814 77.65422769999998
12.9837554 77.64025879999997
13.0139342 77.53331860000003
12.9195144 77.61296730000004
12.9703053 77.74990750000006
12.9315844 77.59210380000002
12.9285215 77.58490649999999
13.0177801 77.55405270000006
13.0118909 77.66790300000002
12.9247134 77.49890640000001
12.9199314 77.51374299999998
12.9552647 77.68960340000001
13.066886 77.591003
13.058847 77.55945299999996
13.040553 77.59064880000005
13.0577571 77.55136909999999
13.0427595 77.56658140000002
13.0571799 77.59302619999994
13.0330084 77.6201704
13.0842241 77.4864526
13.0370049 77.56624409999995