12.9781504 77.56965639999999
12.9783484 77.56839830000001
12.9936898 77.59814219999998
12.9357234 77.51167639999994
12.9908537 77.65159270000004
12.9412028 77.52055840000003
12.9987926 77.64314969999998
13.0001798 77.56403239999997
13.0008727 77.56333010000003
13.0103846 77.50644599999998
12.9175592 77.48395920000007
13.0282133 77.6253216
13.0005672 77.67464560000008
12.9971156 77.73937649999993
13.0053952 77.6287327
12.9075038 77.70574800000009
13.00127 77.61826010000004
12.9918922 77.7416316
12.9087837 77.70561220000002
13.0237563 77.55073790000006
13.0112861 77.66309750000005
12.9964483 77.76141299999995
12.9372438 77.7071082
12.8959824 77.57013619999998
12.9929095 77.93898079999997
13.0699943 77.25895459999992
13.042654 77.58620959999996
13.0913811 77.48977479999996
12.8484984 77.41836369999999
13.0433307 77.56279270000005
13.0747598 77.50555689999999
12.9854589 77.83145710000008
12.8930653 77.70721209999999
13.0630609 77.57581989999994
13.1021823 77.59283529999993
13.2428175 77.29478029999996
13.2447234 77.27308449999998
13.2166655 77.35158209999997
13.1747649 77.5655802
13.1660219 77.60435210000003
13.1724711 77.56517919999999
13.1123363 77.39246129999992
13.2473776 77.70545730000003
13.1455636 77.41729620000001
13.2327602 77.24877300000003
13.1941144 77.38280299999997