12.9804303 77.57596000000001
12.9794762 77.6058375
12.975417 77.60308299999997
12.9815315 77.60322799999994
12.9764567 77.5790012
12.9594989 77.57647829999996
12.9702818 77.60006450000003
12.9590438 77.5766046
12.959136 77.57605899999999
12.968615 77.58021299999996
12.979433 77.60640000000001
12.9598165 77.57746359999999
12.9800805 77.57491359999995
12.980717 77.57526699999994
12.956231 77.56755199999998
12.972882 77.57025899999996
12.9590085 77.57677319999993
12.978438 77.57366000000002
12.9797 77.60566700000004
12.9586038 77.59361869999998
12.9829507 77.59650609999994
12.980153 77.602304
12.9647 77.59698300000002
12.958824 77.57722000000001
12.980717 77.57511699999998
12.9592112 77.57624120000003
12.959286 77.57642199999998
12.9592283 77.5761824
12.95896 77.57684999999992
12.9595893 77.5755236
12.958667 77.57528300000001
12.961244 77.57691999999997
12.9590743 77.57674810000003
12.9592282 77.57618279999997
12.966106 77.57637299999999
12.9580977 77.57519049999996
12.977029 77.57730500000002
12.963638 77.59837700000003
12.952778 77.58009900000002
12.965477 77.59795899999995
12.9750643 77.60712690000003
12.9547131 77.59261049999998
12.9596528 77.57550100000003
12.9640042 77.58630560000006
12.97666 77.57955700000002
12.9652748 77.57358590000001
12.973027 77.607572
12.966326 77.60653930000001
12.9720408 77.57678080000005
12.9715987 77.59456269999998
12.9715987 77.59456269999998
12.9787579 77.57531029999996
12.958729 77.57727999999997
12.960533 77.57679099999996
12.956786 77.57636300000001
12.967678 77.60016270000006
12.97968 77.57478749999996
12.96969 77.58383500000002
12.972348 77.53754500000002
12.9677737 77.60000830000001
12.975198 77.60512799999992
12.973525 77.61244099999999
12.9586803 77.57735969999999
12.968339 77.60179319999997
12.9749499 77.60759359999997
12.9690832 77.60040589999994
12.962322 77.60418419999996
12.982364 77.59994000000006
12.970917 77.60058300000003
12.963521 77.58210600000007
12.9661882 77.58659220000004
12.9704329 77.54481759999999
12.9635207 77.5821062
12.959676 77.575289
12.9794412 77.57502550000004
12.9712245 77.60661440000001
12.977713 77.57427299999995
12.981227 77.55611299999998
12.980038 77.57275000000004
12.9530659 77.59335369999997
12.978537 77.58046000000002
12.9579108 77.59768699999995
12.9802884 77.57414840000001
12.980607 77.57356200000004
12.959257 77.57608240000002
12.975759 77.57948399999998
12.961684 77.600642
12.9649962 77.59370020000006
12.9623424 77.6032821
12.967003 77.58017300000006
12.9591874 77.57586579999997
12.9671881 77.58172880000006
12.976686 77.579296
12.954218 77.59124199999997
12.976409 77.57948299999998
12.979485 77.60531900000001
12.967628 77.61118899999997
12.951233 77.59526699999992
12.9765944 77.5992708
12.9674923 77.59995720000006
12.97485 77.57437970000001
12.9590235 77.57642050000004
12.971606 77.59437600000001
12.960483 77.56619999999998
12.9611895 77.56199100000003
12.9745148 77.60539949999998
12.979632 77.60596499999997
12.9698858 77.53327960000001
12.9585207 77.52115660000004
12.9804833 77.57512900000006
12.965536 77.60332599999992
12.9819996 77.60894680000001
12.967875 77.60988900000007
12.9690832 77.60040589999994
12.9801348 77.5750706
12.971606 77.59437600000001
12.9653942 77.57006969999998
12.9774241 77.58853899999997
12.9800224 77.60522360000004
12.961684 77.600642
12.977967 77.57394999999997
12.972892 77.57040699999993
12.959583 77.57539999999995
12.97758 77.57539599999996
12.9591471 77.57628239999997
12.951776 77.58009800000002
12.9596039 77.57546070000001
12.959583 77.57614999999998
12.9715987 77.59456269999998
12.9645124 77.57774599999993
12.9709072 77.60085720000006
12.9605695 77.57168419999994
12.9742046 77.57461940000007
12.9803847 77.57485459999998
12.972505 77.57806800000003
12.971532 77.572135
12.97722 77.57604000000003
12.959135 77.57612599999993
12.9562258 77.58085729999993
12.967117 77.60778299999993
12.980217 77.60461699999996
12.959015 77.576461
12.978103 77.57398999999998
12.958405 77.57624499999997
12.9766867 77.55262570000002
12.9653942 77.57006969999998
12.9764063 77.58056850000003
12.9673823 77.58188819999998
12.959198 77.57585199999994
12.9801748 77.57703820000006
12.959772 77.57514700000002
12.973982 77.60959300000002
12.9632591 77.58023700000001
12.975432 77.603339
12.9672143 77.59942509999996
12.975861 77.576458
12.965058 77.53555740000002
12.9538683 77.57667670000001
12.980433 77.57433300000002
12.9674579 77.59960209999997
12.9680682 77.58343390000005
12.9715987 77.59456269999998
12.962018 77.59394599999996
12.9767808 77.57955240000001
12.9809119 77.60569529999998
12.957329 77.59251999999992
12.955707 77.5675248
12.9804819 77.57515250000006
12.9805966 77.57478070000002
12.952683 77.54378299999996
12.968228 77.57593199999997
12.962553 77.61116300000003
12.956817 77.58266700000001
12.9571867 77.56361070000003
12.9715987 77.59456269999998
12.968772 77.58636100000001
12.972818 77.57739200000003
12.971606 77.59437600000001
12.9712482 77.57656529999997
12.980654 77.605639
12.976783 77.57473299999992
12.97978 77.5749846
12.975684 77.57652000000007
12.9719494 77.53845999999999
12.971606 77.59437600000001
12.95845 77.52666699999997
12.9810943 77.57452599999999
12.979011 77.53200700000002
12.9649346 77.59897030000002
12.9745637 77.60538010000005
12.9804835 77.57512500000007
12.9745957 77.60541560000001
12.9779824 77.57389139999998
12.977126 77.57595400000002
12.9805127 77.57482389999996
12.9778965 77.57396779999999
12.954459 77.54401000000007
12.9539016 77.59156009999992
12.957617 77.55921699999999
12.9836704 77.57735830000001
12.9754125 77.63595899999996
12.986767 77.574567
12.9697283 77.63648450000005
12.992661 77.59483599999999
12.9576417 77.6380441
12.988639 77.59398669999996
12.987067 77.57899999999995
12.963697 77.61436200000003
12.944314 77.571011
12.9841445 77.5985025
12.9421782 77.57116329999997
12.9344416 77.58481140000004
12.9740861 77.63494600000001
12.9843434 77.5826035
12.9956275 77.57734359999995
12.938667 77.56344999999999
12.9466557 77.57673980000004
12.936298 77.55968600000006
12.997166 77.57125399999995
12.9618233 77.61591850000002
12.9900779 77.54187909999996
12.9742831 77.61565089999999
12.9448625 77.57090370000003
12.942152 77.60826410000004
12.988321 77.59882800000003
12.9852158 77.58015820000003
12.9688726 77.64430560000005
12.9765198 77.64083149999999
12.938108 77.62588699999992
12.9350556 77.62448359999996
12.9367807 77.61958470000002
12.938944 77.57094099999995
12.987583 77.53748300000007
12.9858825 77.59582969999997
12.996358 77.57143099999996
12.96556 77.64927699999998
12.9748031 77.6184958
12.983837 77.57779600000003
12.984157 77.57921299999998
12.943533 77.55823800000007
12.9891 77.57208300000002
12.957004 77.650845
12.9965814 77.65360959999998
12.9376808 77.5709812
12.9345006 77.61338720000003
12.989066 77.533187
12.946585 77.59502999999995
12.956276 77.65368089999993
12.975317 77.636167
12.978339 77.61514699999998
12.95452 77.65091800000005
12.946867 77.569527
12.9858613 77.59581189999994
12.975996 77.64158199999997
12.972267 77.62716699999999
12.936858 77.61987799999997
12.961861 77.63477499999999
12.949117 77.57961699999998
12.954709 77.51781400000004
12.9938573 77.59394769999994
12.9374665 77.57186660000002
12.985522 77.55284299999994
12.959195 77.65296000000001
12.9920366 77.5711933
12.970361 77.63305300000002
12.9340293 77.61865039999998
12.9993518 77.54741549999994
12.98436 77.55922699999996
12.937508 77.62208510000005
12.942973 77.57353039999998
12.969796 77.63058000000001
12.9851968 77.56022570000005
12.9864055 77.54925579999997
12.9984225 77.55508199999997
12.9449863 77.5710186
12.9823 77.637967
12.984433 77.59699999999998
12.95312 77.61852599999997
12.964167 77.63971700000002
12.934723 77.56075399999997
12.935174 77.58389499999998
12.9343251 77.62993019999999
12.971271 77.649092
12.948771 77.56758630000002
12.947265 77.56894799999998
12.9839708 77.57844039999998
13.018983 77.55751699999996
13.015881 77.56066199999998
13.0286728 77.55887400000006
13.0279661 77.54091560000006
13.029383 77.56118300000003
13.0284 77.56166699999994
13.0273469 77.53829599999995
13.017875 77.53134299999999
13.022717 77.55276700000002
13.0279882 77.56188429999997
13.0284749 77.56212499999992
13.0262186 77.54486059999999
13.0292121 77.56128409999997
13.016985 77.55654299999992
13.0256993 77.56020420000004
13.0296884 77.5707132
13.0284056 77.56148830000006
13.0283399 77.56183229999999
13.019463 77.55663400000003
13.02195 77.532916
13.022117 77.55321700000002
13.0295606 77.55955649999999
13.01895 77.55761699999994
13.0218806 77.53276729999993
13.0265817 77.56624060000001
13.021967 77.55323299999998
13.0285333 77.55975190000004
13.018733 77.543542
13.027833 77.55885
13.0279661 77.54091560000006
13.0227082 77.55279500000006
13.029259 77.553402
13.0146741 77.56833400000005
13.028966 77.56124499999999
13.02445 77.54795200000001
13.0160265 77.56534609999994
13.0279661 77.54091560000006
13.019383 77.55673300000001
13.029583 77.57093299999997
13.028451 77.56190049999998
13.017406 77.53383099999996
13.0253328 77.56076819999998
13.0295394 77.56072999999992
13.024296 77.55719879999992
13.0279661 77.54091560000006
13.0189347 77.55755620000002
13.0237251 77.55965579999997
13.0279661 77.54091560000006
13.019101 77.5316176
13.022146 77.55016799999999
13.0191111 77.55134049999992
13.013606 77.54680800000006
13.029069 77.56083149999995
13.0191852 77.55631470000003
13.0223332 77.55298300000004
13.016005 77.53379799999993
13.0295613 77.5610236
13.014217 77.53395499999999
13.0203527 77.55825189999996
13.0260169 77.55946930000005
13.0246194 77.55752940000002
13.028882 77.55114500000002
13.0224635 77.55289119999998
13.0213004 77.55179859999998
13.0195259 77.55217470000002
13.014534 77.53424799999993
13.0190523 77.55975890000002
13.0273234 77.5582177
13.0224459 77.55284419999998
13.0277539 77.55621280000003
13.02085 77.55851699999994
13.028558 77.55976699999997
13.013602 77.54684499999996
13.022645 77.54506800000001
13.0284745 77.55893719999995
13.0278418 77.55564549999997
13.0285467 77.55801079999992
13.0288041 77.55346179999992
13.029285 77.5711212
13.0295165 77.56083519999993
13.01357 77.54393100000004
13.015085 77.54197099999999
13.022766 77.55920100000003
13.0222355 77.55301689999999
13.023311 77.53636499999993
13.0293522 77.5619064
13.029046 77.56079
13.019866 77.53072980000002
13.022117 77.55318299999999
13.0229947 77.55270109999992
13.023221 77.55281000000002
13.0224867 77.55282339999997
13.013956 77.54419699999994
13.0199295 77.53471850000005
13.020941 77.55203119999999
13.012735 77.53701999999998
13.0335284 77.52985779999995
13.024712 77.59434299999998
13.005719 77.56229899999994
13.02367 77.59749499999998
13.0060281 77.57127379999997
13.005564 77.57102429999998
13.0367586 77.58945799999992
13.006857 77.579205
13.005449 77.57043899999996
13.031189 77.59093699999994
13.02537 77.59123199999999
13.034417 77.57596699999999
13.0352811 77.56854840000005
13.0055522 77.5936031
13.0088921 77.56667319999997
13.0262563 77.58814610000002
13.0068443 77.57107719999999
13.024283 77.59468300000003
13.025087 77.59134749999998
13.0065758 77.56397579999998
13.009638 77.57669399999997
13.006804 77.56454200000007
13.0351277 77.52744380000001
13.024204 77.59670600000004
13.0088373 77.55728479999993
13.028015 77.579205
13.023333 77.50986599999999
13.0327176 77.5587964
13.031516 77.55973300000005
13.0346477 77.52079159999994
13.0189883 77.59651110000004
13.005226 77.56115899999998
13.0247249 77.59181139999998
13.036767 77.589517
13.0270263 77.57840910000004
13.02676 77.586725
13.023551 77.58653200000003
13.007157 77.57120099999997
13.036347 77.59434399999998
13.0097689 77.54029360000004
13.0079129 77.58304350000003
13.023039 77.59969699999999
13.0229623 77.58445319999998
13.025533 77.58096699999999
13.031933 77.5575
13.0346607 77.56808580000006
13.032567 77.55893300000002
13.007592 77.54793300000006
13.029872 77.57900599999994
13.034394 77.57600000000002
13.027533 77.58601699999997
13.010207 77.54384800000003
13.0212126 77.60022879999997
13.005191 77.56911300000002
13.0347273 77.5683153
13.0298886 77.55832829999997
13.0298443 77.56055509999999
13.0270113 77.57812680000006
13.0216022 77.5929198
13.034647 77.55665299999998
13.019791 77.59081400000002
13.0258139 77.60374409999997
13.031384 77.55983330000004
13.006363 77.57891900000004
13.031637 77.56747100000007
13.024489 77.59431800000004
13.034055 77.57306500000004
13.034208 77.53035699999998
13.019007 77.59269199999994
13.0324899 77.56676719999996
13.034228 77.56863299999998
13.029753 77.56261719999998
13.033109 77.55845899999997
13.0242464 77.59787449999999
13.005411 77.55871100000002
13.0093512 77.52646260000006
13.005484 77.570427
13.009225 77.54198799999995
13.00778 77.54754700000001
13.029864 77.57932900000003
13.0347718 77.56821869999999
13.0250421 77.5914057
13.035332 77.56565
13.013049 77.53873499999997
13.0104401 77.52436890000001
13.022424 77.58452999999997
13.0307408 77.55994099999998
13.007513 77.57830999999999
13.007646 77.5651272
13.0094699 77.54580579999993
13.036766 77.589516
13.027433 77.579566
13.0102624 77.5475662
13.020548 77.59243400000003
13.0073387 77.56882619999999
13.022991 77.59253799999999
13.032412 77.55435599999998
13.031054 77.56910100000005
13.008875 77.56202200000007
13.0074099 77.54850639999995
13.0121936 77.55617870000003
13.0081415 77.56480770000007
13.0102717 77.57960619999994
13.0081415 77.56480770000007
13.0103164 77.58056850000003
13.0245474 77.58897920000004
13.02875 77.578933
13.031171 77.57029999999997
13.035833 77.55549399999995
13.0192976 77.59252070000002
13.035733 77.59498299999996
13.0081415 77.56480770000007
13.03715 77.57449999999994
13.0205548 77.58773180000003
13.032977 77.56934999999999
13.026893 77.59107100000006
13.02628 77.59467599999994
13.0253514 77.58554170000002
13.02415 77.59445000000005
13.0166087 77.59352549999994
13.00732 77.56885999999997
13.0087714 77.56892289999996
13.0074213 77.54807140000003
13.016987 77.59220800000003
13.029783 77.56091700000002
13.0344216 77.58952249999993
13.027433 77.579567
13.0097889 77.54602499999999
13.0103164 77.58056850000003
13.0288 77.51908000000003
13.0223141 77.59489459999998
13.0340171 77.56407200000001
13.0058017 77.5788
13.035167 77.567633
13.0362299 77.59508570000003
13.0068532 77.57789260000004
13.0205548 77.58773180000003
13.0074064 77.5484616
13.0113611 77.54669439999998
13.032617 77.60178300000007
13.036053 77.55769399999997
13.036889 77.57468799999992
13.0371184 77.59123539999996
13.0084034 77.57071399999995
13.01236 77.54393000000005
13.00873 77.54312000000004
13.021837 77.58808899999997
13.024183 77.59550000000002
13.02953 77.60452499999997
13.026917 77.59344199999998
13.020887 77.59411899999998
13.0053597 77.57051999999999
13.0054494 77.57121230000007
13.01061 77.54329600000005
13.005617 77.59334999999999
13.0124055 77.53614619999996
13.033483 77.557817
13.00508 77.55282299999999
13.0363762 77.59125629999994
13.00249 77.55342700000006
13.04521 77.50700099999995
13.01038 77.661699
12.990862 77.70670599999994
12.9572714 77.70082179999997
13.026426 77.63173299999994
13.0594739 77.55921490000003
12.969769 77.74982899999998
13.037733 77.60511700000006
13.027523 77.60664099999997
13.002131 77.55339200000003
13.025635 77.63689799999997
13.0246084 77.63700110000002
13.0630995 77.590597
13.0039808 77.55353360000004
13.026583 77.62209899999993
13.0004456 77.55267219999996
13.023885 77.63523099999998
13.040967 77.57561699999997
13.082937 77.49536899999998
13.0007 77.53301699999997
12.985083 77.66317900000001
13.0648569 77.76971900000001
13.045532 77.523007
13.0320139 77.63027650000004
13.016098 77.63617499999998
13.001783 77.56981700000006
13.0052 77.70218299999999
12.9615562 77.71625879999999
13.0041704 77.57100519999995
12.9571343 77.70088179999993
12.9242059 77.6180865
12.899952 77.63361600000007
12.910491 77.5857168
12.9256049 77.61769389999995
12.933165 77.623516
12.923063 77.48452900000007
13.10197 77.58635909999998
12.919045 77.67088000000001
12.916567 77.59506699999997
12.927255 77.61628910000002
12.9262283 77.61667669999997
12.891802 77.59425799999997
12.949217 77.70254939999995
12.9083036 77.58708030000003
12.9276844 77.61591920000001
12.922178 77.48435399999994
12.9282081 77.58692980000001
12.921866 77.6196635
12.9057 77.55806699999994
12.950077 77.70954899999992
12.922233 77.61971700000004
12.917526 77.57792799999993
13.0977548 77.57779219999998
12.92319 77.58356520000007
12.9297327 77.58427140000003
12.9278189 77.61423100000002
12.9292735 77.5822038
12.9288421 77.58290009999996
12.922075 77.61980300000005
12.9258449 77.61764649999998
12.902001 77.60074699999996
12.9211172 77.60029179999992
12.891643 77.59471800000006
12.91945 77.62120800000002
12.931319 77.62370799999997
12.915758 77.59556599999996
12.931798 77.58335299999999
12.916483 77.59686599999998
12.930984 77.58211699999993
12.925638 77.61768400000005
12.90236 77.58593500000006
12.954991 77.700376
12.787863 77.66758900000002
12.80951 77.69533999999999
12.802132 77.70412599999997
12.792969 77.70089099999996
12.8066504 77.69851389999997
12.811613 77.68291799999997
12.7870477 77.6708132
12.806006 77.69981600000006
12.801932 77.70573100000001
12.82691 77.50976800000001
12.8256823 77.5094153
12.91259 77.48043499999994
12.9105 77.48201700000004
12.915393 77.481809
12.899637 77.47776599999997
12.901674 77.46844499999997
12.911137 77.47997399999997
12.9 77.48333300000002
12.910605 77.48190299999999
12.914799 77.47449899999992
12.909786 77.48097810000002
12.9105 77.48201599999993
12.901796 77.45370400000002
12.9126612 77.48055399999998
12.910018 77.48139600000002
12.900066 77.48765800000001
12.9119862 77.47561969999992
12.904342 77.485818
12.907467 77.48594200000002
12.9254428 77.50120509999999
12.9273805 77.48607590000006
12.9252348 77.49912059999997
12.923821 77.48492499999998
12.932006 77.487886
12.921824 77.484148
12.925693 77.486626
12.9204124 77.4839819
12.9230523 77.48465199999998
12.931933 77.48798299999999
12.92485 77.48534399999994
12.923052 77.48465199999998
12.939341 77.49328500000001
12.93937 77.49309199999993
12.940899 77.49544200000003
12.9427438 77.74708829999997
12.9697999 77.74994670000001
12.966766 77.74870199999998
12.956944 77.74517500000002
12.969397 77.75002700000005
12.9690119 77.75093029999994
12.9470699 77.76791349999996
12.942533 77.74781699999994
12.9710345 77.76798289999999
12.9697422 77.75092180000001
12.969938 77.76638230000003
12.954166 77.50099999999998
12.950029 77.490724
12.9666286 77.5049692
12.951468 77.49214499999994
12.966688 77.50494600000002
12.9614911 77.5045179
12.9614392 77.50444110000001
12.956238 77.50416399999995
12.9437 77.49446699999999
12.95136 77.49585300000001
12.951858 77.497388
12.9493416 77.50565200000005
12.959945 77.508283
12.9506 77.49750700000004
12.945026 77.49820699999998
12.9528432 77.51588590000006
12.96021 77.49385699999993
12.957003 77.51592000000005
12.9666521 77.51573759999997
12.9618188 77.50427809999996
12.956015 77.49326599999995
12.9514678 77.49214499999994
12.95715 77.51577399999996
12.951339 77.49607500000002
12.947709 77.49815899999999
12.958444 77.47150299999998
12.9504953 77.48867710000002
12.9632548 77.50494400000002
12.951247 77.49373800000001
12.959205 77.51559099999997
12.9717394 77.51321170000006
12.973116 77.51061099999993
12.9723147 77.50975740000001
12.970983 77.50926000000004
12.9809679 77.43807790000005
12.9856431 77.48624840000002
12.979883 77.510717
12.9809679 77.43807790000005
12.9857113 77.51660849999996
12.979035 77.516793
12.977088 77.48251200000004
12.9794898 77.51047240000003
12.98434 77.486311
12.979907 77.51087299999995
12.980074 77.51204299999995
12.9798463 77.51067349999994
12.981176 77.48638600000004
12.9805232 77.5076477
12.9851288 77.4837354
12.984228 77.48205000000007
12.9826213 77.4790054
12.983064 77.50298699999996
12.9863196 77.48853729999996
12.974081 77.50984799999992
12.982991 77.478974
12.981558 77.47848999999997
12.98023 77.50845500000003
12.9842139 77.48785699999996
12.983644 77.51157599999999
12.986641 77.49042899999995
12.985823 77.48648500000002
12.979625 77.51052400000003
12.986061 77.48786700000005
12.979305 77.48464200000001
12.974362 77.48639700000001
12.979517 77.51048600000001
12.9861857 77.51427109999997
12.978514 77.57363299999997
12.968489 77.57919400000003
12.9540157 77.54431720000002
12.9622575 77.59118990000002
12.9573343 77.58290439999996
12.966574 77.57874199999992
12.969044 77.53643399999999
12.976045 77.58212600000002
12.979856 77.57497799999999
12.9772251 77.57067559999996
12.974282 77.57394799999997
12.953509 77.58659399999999
12.971522 77.53716899999995
12.959752 77.57530799999995
12.98045 77.57553299999995
12.980738 77.55847799999992
12.9778998 77.57396489999996
12.967622 77.59294799999998
12.974288 77.57461999999998
12.9729356 77.5286423
12.975467 77.5788
12.96128 77.57526000000007
12.977251 77.57740000000001
12.968977 77.57020519999992
12.959411 77.57624199999998
12.965615 77.58451600000001
12.9592687 77.57604040000001
12.9764063 77.58056850000003
12.966687 77.57734900000003
12.9804852 77.57464040000002
12.9623849 77.59067170000003
12.9572974 77.57978750000007
12.967117 77.58991700000001
12.9715987 77.59456269999998
12.9709857 77.59318570000005
12.9743698 77.5711695
12.967083 77.54288300000007
12.955889 77.55097599999999
12.9809118 77.57547410000006
12.9571409 77.52743370000007
12.9707555 77.58056850000003
12.961745 77.57159200000001
12.9767667 77.57920709999996
12.9590704 77.57642239999996
12.972327 77.52766299999996
12.980481 77.57517299999995
12.971836 77.53356499999995
12.968845 77.57833600000004
12.971606 77.59437600000001
12.958712 77.57624899999996
12.958787 77.577132
12.9605977 77.52904420000004
12.9676348 77.53591129999995
12.969456 77.57020399999999
12.960439 77.56967699999996
12.9728678 77.57076970000003
12.96075 77.52942000000007
12.9743282 77.57159810000007
12.9721816 77.5701626
12.973566 77.54221600000005
12.966567 77.53600000000006
12.9639951 77.5347246
12.9757774 77.56025590000002
12.970363 77.57495700000004
12.9605871 77.57012429999997
12.95961 77.57617200000004
12.975798 77.53302800000006
12.967867 77.57079999999996
12.96065 77.52943299999993
12.974333 77.54926699999999
12.973237 77.575107
12.9729294 77.54281830000002
12.959527 77.57598699999994
12.9605871 77.57012429999997
12.970351 77.57172200000002
12.963738 77.57113700000002
12.974596 77.57337899999993
12.974463 77.572678
12.974123 77.57454499999994
12.974256 77.57541200000003
12.974282 77.57394799999997
12.960054 77.57355299999995
12.962199 77.53417000000002
12.9730968 77.55734910000001
12.960432 77.56266499999992
12.974133 77.54949999999997
12.9743503 77.57194240000001
12.9643466 77.54118440000002
12.974288 77.57461999999998
12.974982 77.57486599999993
12.969625 77.54587100000003
12.9602384 77.5293997
12.965667 77.57020399999999
12.9743 77.54865199999995
12.9711152 77.57619449999993
12.959883 77.55923299999995
12.9722478 77.57606009999995
12.9757964 77.56094480000002
12.96366 77.56711599999994
12.961386 77.57158500000003
12.964303 77.55544600000007
12.9692009 77.53805460000001
12.973936 77.574522
12.9742572 77.57360949999998
12.968312 77.56775700000003
12.974397 77.54932499999995
12.9708424 77.56538090000004
12.960598 77.56541800000002
12.9699228 77.5326374
12.9742844 77.57326510000007
12.968917 77.53598299999999
12.975343 77.55695300000002
12.967505 77.53581199999996
12.973233 77.57036700000003
12.968598 77.53318000000002
12.9743444 77.57256699999994
12.96792 77.53597400000001
12.969316 77.57029999999997
12.9679346 77.52871200000004
12.9605887 77.57057379999992
12.960598 77.56541800000002
12.960773 77.54885300000001
12.9716366 77.57421640000007
12.9730797 77.56968870000003
12.959607 77.57548299999996
12.9604102 77.56835539999997
12.961652 77.57545000000005
12.960587 77.57012399999996
12.974266 77.57350199999996
12.9711795 77.53670869999996
12.9700547 77.53265880000004
12.974217 77.57043299999998
12.9743503 77.57194240000001
12.974188 77.57534299999998
12.9753598 77.54215199999999
12.968032 77.53047300000003
12.975589 77.57615799999996
12.9669824 77.57555400000001
12.9744199 77.5703767
12.973038 77.53813500000001
12.966765 77.57508499999994
12.9603488 77.56750850000003
12.9729 77.570513
12.96042 77.56344000000001
12.971533 77.56143299999997
12.9725454 77.57582990000003
12.968133 77.53911700000003
12.9604685 77.56562650000001
12.975683 77.537283
12.9755358 77.55625729999997
12.974721 77.55349899999999
12.967058 77.57424800000001
12.969533 77.53403300000002
12.9698858 77.53327960000001
12.972682 77.57454899999993
12.974178 77.57529999999997
12.9745703 77.57242240000005
12.9638069 77.55746440000007
12.9706923 77.57436970000003
12.9713747 77.54050819999998
12.960983 77.53718300000003
12.9605871 77.57012429999997
12.969159 77.567092
12.9605871 77.57012429999997
12.975526 77.53487300000006
12.969583 77.53328299999998
12.972633 77.54719999999998
12.9757774 77.56025590000002
12.970867 77.57376699999998
12.9698858 77.53327960000001
12.9605887 77.57057379999992
12.973968 77.536386
12.959967 77.56950000000006
12.959517 77.57611700000007
12.959883 77.55923299999995
12.968307 77.5388279
12.972774 77.57024200000001
12.960533 77.57071700000006
12.9626067 77.57268840000006
12.973633 77.57036700000003
12.9705045 77.5680317
12.974606 77.53252399999997
12.959875 77.53164400000003
12.9607579 77.52940680000006
12.972033 77.54691700000001
12.970347 77.57462839999994
12.9744079 77.57107529999996
12.960092 77.53226700000005
12.9748123 77.53049140000007
12.97377 77.57138399999997
12.973867 77.57046700000001
12.960282 77.53083400000003
12.967141 77.57584700000007
12.975129 77.57486599999993
12.962165 77.57607200000007
12.967167 77.532017
12.9605871 77.57012429999997
12.9605687 77.56955790000006
12.959501 77.57602399999996
12.973067 77.57055000000003
12.95947 77.56639599999994
12.9612915 77.57032830000003
12.959988 77.565741
12.974637 77.53076099999998
12.9741262 77.57438479999996
12.9685914 77.56029769999998
12.967879 77.57053300000007
12.9728696 77.53818460000002
12.967615 77.53659399999992
12.972199 77.57035399999995
12.9754314 77.54165179999995
12.970345 77.57183499999996
12.959618 77.575287
12.96418 77.57081599999992
12.9590004 77.5191082
12.9659755 77.51846909999995
12.9586302 77.51922779999995
12.9564554 77.51860650000003
12.957034 77.51843600000007
12.96966 77.51901599999997
12.976217 77.53008299999999
12.970481 77.52654699999994
12.968879 77.524768
12.976133 77.53161699999998
12.9579762 77.53712569999993
12.961425 77.52644499999997
12.9753981 77.52644959999998
12.9763 77.52930300000003
12.9588475 77.52408029999992
12.9582966 77.53359799999998
12.9686821 77.52038549999997
12.9582155 77.53363259999992
12.9489237 77.52601129999994
12.9761532 77.54242750000003
12.97096 77.52492699999993
12.970783 77.52483299999994
12.976985 77.53143299999999
12.97595 77.53276600000004
12.9687159 77.524813
12.967147 77.52163100000007
12.9567122 77.52864
12.953406 77.53965199999993
12.9709373 77.52482970000005
12.9589193 77.52415900000005
12.9677131 77.52368530000001
12.958003 77.52739500000007
12.9684795 77.52423380000005
12.958463 77.52901599999996
12.9685 77.52546699999994
12.9679035 77.52411440000003
12.9575905 77.53257810000002
12.976147 77.533097
12.976283 77.52784999999994
12.9514231 77.53961649999997
12.975254 77.521838
12.9582818 77.53878880000002
12.952347 77.52648399999998
12.956433 77.53068299999995
12.9611 77.52706699999999
12.967497 77.52115100000003
12.958638 77.52463699999998
12.970033 77.52453300000002
12.976508 77.53157799999997
12.9588138 77.5357328
12.9463004 77.54194469999993
12.968167 77.524183
12.952267 77.53668300000004
12.9554752 77.52357899999993
12.9559762 77.54260490000001
12.952841 77.54249900000002
12.9526142 77.52174839999998
12.965594 77.53645299999994
12.968032 77.53047300000003
12.961485 77.52982199999997
12.973467 77.54235399999993
12.968353 77.53087499999992
12.9525672 77.52195089999998
12.9707741 77.53697190000003
12.9707567 77.52669400000002
12.962391 77.52308900000003
12.968032 77.53047300000003
12.9748339 77.52568889999998
12.9771729 77.53887940000004
12.976224 77.52867279999998
12.9694917 77.53405300000009
12.947928 77.53705379999997
12.966788 77.52357499999994
12.9678 77.5233816
12.970586 77.52654699999994
12.972818 77.53915899999993
12.96088 77.52296100000001
12.9673085 77.53875730000004
12.968434 77.52694700000006
12.9452655 77.53907789999994
12.9761897 77.53547060000005
12.971228 77.54058599999996
12.9704372 77.52622229999997
12.968291 77.53751599999998
12.968032 77.53047300000003
12.973935 77.53591299999994
12.96935 77.53460599999994
12.950215 77.52635480000004
12.971087 77.52062000000001
12.9571334 77.53218990000005
12.964763 77.53525300000001
12.9695325 77.53344919999995
12.967353 77.54250400000001
12.9654573 77.53678760000003
12.964594 77.53350899999998
12.9605213 77.52907679999998
12.9744939 77.52582919999998
12.9693371 77.53486099999998
12.975418 77.53594900000007
12.959248 77.5214446
12.975859 77.53285600000004
12.977947 77.542595
12.971859 77.54225109999993
12.962558 77.53901500000006
12.9674875 77.53584839999996
12.952767 77.52176699999995
12.9566028 77.53061070000001
12.9710802 77.53654649999999
12.9681907 77.53335800000002
12.9680293 77.53413209999997
12.9539586 77.54350509999995
12.953397 77.54407300000003
12.9457306 77.5486426
12.9762306 77.54772930000001
12.956522 77.54835300000002
12.9577974 77.5461785
12.95855 77.54608299999995
12.97742 77.54589199999998
12.954417 77.549486
12.948275 77.55165399999998
12.952053 77.55167000000006
12.952976 77.54459700000007
12.946797 77.55191200000002
12.975868 77.54466400000001
12.960611 77.54646000000002
12.972417 77.54415999999992
12.953987 77.54357600000003
12.9713885 77.5497613
12.9484315 77.54976609999994
12.9420998 77.55785209999999
12.9415317 77.55839560000004
12.940009 77.57284000000004
12.947991 77.59743800000001
12.941159 77.571101
12.937179 77.58540360000006
12.964517 77.6149428
12.9370276 77.5732054
12.9378544 77.55728599999998
12.9447585 77.59694890000003
12.938393 77.57561899999996
12.945973 77.61925999999994
12.967154 77.60797100000002
12.9482113 77.59465590000002
12.965101 77.61577799999998
12.9383952 77.55371459999992
12.937455 77.58272740000007
12.943283 77.54230000000007
12.942386 77.54852600000004
12.9648638 77.60492180000006
12.9449863 77.5710186
12.967262 77.60767599999997
12.9686323 77.60145969999996
12.968774 77.60593999999992
12.938856 77.57071300000007
12.938033 77.57896699999992
12.9491861 77.59936829999992
12.9457585 77.57145330000003
12.9646176 77.59707789999993
12.9424486 77.56432139999993
12.9412498 77.55924800000003
12.944222 77.57273800000007
12.967276 77.59967800000004
12.9433101 77.62171209999997
12.942662 77.60810300000003
12.9651992 77.59737829999995
12.938465 77.55346399999996
12.945849 77.57347400000003
12.9472987 77.5740303
12.9414333 77.55400229999998
12.9655305 77.58678229999998
12.9656649 77.57784579999998
12.969483 77.57761699999992
12.9581835 77.57627720000005
12.95904 77.57783300000006
12.956111 77.57750600000008
12.968883 77.57928300000003
12.957233 77.56956100000002
12.9636785 77.57992660000002
12.944912 77.59908599999994
12.9367342 77.57490099999995
12.936967 77.57318299999997
12.9369685 77.56086719999996
12.9367409 77.57473389999996
12.940167 77.571233
12.963745 77.57831799999997
12.9590732 77.5767515
12.965983 77.59816699999999
12.939444 77.55383099999995
12.955717 77.58491700000002
12.9669826 77.58022970000002
12.939807 77.57406400000002
12.957313 77.59247800000003
12.95804 77.56076000000007
12.9591381 77.5761824
12.9654182 77.58400080000001
12.9594549 77.58056850000003
12.9672505 77.59939020000002
12.9525299 77.56981359999997
12.9490922 77.56911020000007
12.960081 77.57660499999997
12.9482 77.56968299999994
12.953803 77.57661899999994
12.959056 77.57648100000006
12.953079 77.57476299999996
12.960166 77.57782700000007
12.9549371 77.58046609999997
12.956759 77.56976699999996
12.9483 77.57113300000003
12.959233 77.57611700000007
12.9559301 77.55792589999999
12.9483487 77.56976350000002
12.9557238 77.56756989999997
12.9576909 77.57041279999999
12.9553729 77.56755249999992
12.956989 77.56373299999996
12.9472154 77.56844939999996
12.959399 77.5760947
12.9558152 77.57663209999998
12.9590605 77.57650999999998
12.9484701 77.57917020000002
12.9591193 77.57621700000004
12.9589079 77.57709780000005
12.9591546 77.5757208
12.958273 77.57517800000005
12.9592133 77.57623390000003
12.9588968 77.57710250000002
12.960488 77.58102919999999
12.960102 77.57772899999998
12.9592876 77.57732579999993
12.947683 77.57142199999998
12.958406 77.56217700000002
12.95535 77.56754980000005
12.955962 77.56760400000007
12.9581065 77.57637410000007
12.9587161 77.57550900000001
12.96044 77.57767000000001
12.9588628 77.57725230000005
12.955013 77.58125300000006
12.9593285 77.57778350000001
12.9553223 77.56755679999992
12.9567433 77.56900999999993
12.9489184 77.57695330000001
12.9518461 77.58030740000004
12.948124 77.55914860000007
12.960152 77.57784059999994
12.959317 77.57586700000002
12.9534482 77.57211810000001
12.961474 77.57762300000002
12.947378 77.569842
12.960081 77.57773599999996
12.959683 77.57658300000003
12.960669 77.57683399999996
12.9591682 77.5764302
12.9533818 77.58011699999997
12.9579028 77.57627539999999
12.952194 77.57671499999992
12.948237 77.57228499999997
12.9547 77.58286699999996
12.9484885 77.56977849999998
12.958783 77.576367
12.9570573 77.56559649999997
12.953037 77.57518200000004
12.9599163 77.58322099999998
12.957752 77.58130800000004
12.9533 77.57241699999997
12.9576635 77.58205989999999
12.9480739 77.56980229999999
12.9482612 77.56974100000002
12.949492 77.57406600000002
12.96054 77.57770000000005
12.958783 77.576367
12.958694 77.57462039999996
12.9571229 77.5666655
12.9467383 77.55262429999993
12.959067 77.576817
12.95804 77.56076000000007
12.9559502 77.55205509999996
12.957589 77.55778699999996
12.947536 77.57664499999998
12.9559854 77.55792910000002
12.961297 77.57697299999995
12.955254 77.5676856
12.9548148 77.58277739999994
12.948183 77.56970000000001
12.9579028 77.57627539999999
12.9589066 77.57713000000001
12.958867 77.577267
12.954615 77.55621300000007
12.953167 77.57136700000001
12.9532494 77.56474790000004
12.956921 77.56566199999997
12.9581595 77.57388890000004
12.951792 77.56416300000001
12.954736 77.55640599999992
12.9525629 77.55477700000006
12.955074 77.56729700000005
12.9581045 77.57037379999997
12.954578 77.55620479999993
12.9552527 77.56769329999997
12.958015 77.56578400000001
12.957703 77.56257400000004
12.9561973 77.56752929999993
12.955253 77.56772610000007
12.9537974 77.55986499999995
12.957551 77.56741
12.956798 77.55503299999998
12.957969 77.55603300000007
12.951968 77.57083599999999
12.956353 77.55848700000001
12.953258 77.57125799999994
12.9544917 77.55340409999997
12.9551076 77.56732950000003
12.955117 77.56811700000003
12.962612 77.57763999999997
12.959117 77.57661699999994
12.958902 77.57710250000002
12.9592606 77.57606959999998
12.9681683 77.60293360000003
12.9644356 77.58077500000002
12.965695 77.59529399999997
12.969233 77.58098300000006
12.9633823 77.60348939999994
12.965668 77.58492100000001
12.966971 77.59927850000008
12.9661885 77.59826640000006
12.9565959 77.59060640000007
12.9663506 77.58504149999999
12.9614888 77.58953819999999
12.964777 77.59651499999995
12.969706 77.58423300000004
12.962035 77.5986537
12.967942 77.585239
12.9648937 77.59607979999998
12.9553693 77.59173759999999
12.964981 77.57996000000003
12.9649117 77.59296749999999
12.9674579 77.59960209999997
12.965547 77.59425799999997
12.9634383 77.57719989999998
12.9583813 77.60563079999997
12.9614888 77.58953819999999
12.956093 77.59214500000007
12.966139 77.58086200000002
12.9675908 77.57941959999994
12.9642909 77.59380829999998
12.9594277 77.59640300000001
12.964266 77.586457
12.9632177 77.57728840000004
12.956633 77.59241700000007
12.9647522 77.59676279999996
12.9613438 77.5945097
12.9589622 77.5867829
12.9582918 77.58638470000005
12.9640609 77.58683719999999
12.964485 77.57898999999998
12.962917 77.57749899999999
12.964235 77.57715600000006
12.963053 77.58918199999994
12.9624879 77.59912170000007
12.9642931 77.57833989999995
12.959578 77.58744330000002
12.956783 77.58601699999997
12.963117 77.59394999999995
12.9613438 77.5945097
12.956832 77.58955800000001
12.964683 77.58384999999998
12.964767 77.59648300000003
12.96223 77.57764999999995
12.9605394 77.5898244
12.960239 77.57766560000005
12.959117 77.57661699999994
12.960128 77.57775800000002
12.9588 77.57743299999993
12.958217 77.58143300000006
12.962383 77.59926700000005
12.9571721 77.59268850000001
12.958867 77.577267
12.9640609 77.58683719999999
12.9600269 77.58754239999996
12.961167 77.58096699999999
12.9589815 77.57641880000006
12.963521 77.58210600000007
12.964654 77.59714099999997
12.9607256 77.58070440000006
12.963521 77.58210600000007
12.95944 77.577632
12.9592429 77.57634280000002
12.963521 77.58210600000007
12.9584709 77.59441530000004
12.957854 77.57630100000006
12.9569519 77.57639080000001
12.9571 77.57637299999999
12.959248 77.576416
12.9589389 77.57694590000006
12.9582398 77.57594879999999
12.963521 77.58210600000007
12.9589161 77.57707329999994
12.963521 77.58210600000007
12.9610706 77.58126500000003
12.961613 77.58373259999996
12.9589131 77.57707630000004
12.963145 77.58150699999999
12.9608955 77.58105840000007
12.959397 77.57594999999992
12.959326 77.57617900000002
12.959833 77.57750299999998
12.959618 77.57653800000003
12.9595058 77.57600419999994
12.963521 77.58210600000007
12.9589 77.57706699999994
12.9590047 77.57698749999997
12.9589115 77.57709509999995
12.9589144 77.5770642
12.9590915 77.57639369999993
12.959053 77.57637899999997
12.958867 77.577267
12.963521 77.58210600000007
12.9594317 77.58259799999996
12.9610641 77.58316000000002
12.962419 77.59143700000004
12.959427 77.57625299999995
12.9611961 77.5812449
12.9590615 77.57651039999996
12.960756 77.57714199999998
12.963521 77.58210600000007
12.959459 77.57595800000001
12.9613621 77.58103030000007
12.9634991 77.5782044
12.9606491 77.59816249999994
12.958172 77.589515
12.9602771 77.61468650000006
12.961575 77.613923
12.9598413 77.61448539999992
12.961559 77.615725
12.961559 77.615725
12.961636 77.61330499999997
12.957382 77.61490100000003
12.9651091 77.60991939999997
12.957458 77.61519499999997
12.9578987 77.61486769999999
12.957351 77.61484399999995
12.957692 77.61485100000004
12.965111 77.61577299999999
12.957518 77.61497800000006
12.9640235 77.63893589999998
12.9613159 77.63689899999997
12.9614889 77.64257380000004
12.9640618 77.63907110000002
12.9610365 77.63559550000002
12.964778 77.63422200000002
12.9633933 77.64273809999997
12.961937 77.63484700000004
12.961511 77.6372275
12.963107 77.63527399999998
12.961683 77.63656700000001
12.9619097 77.63783139999998
12.962351 77.63745849999998
12.961083 77.63530000000003
12.961383 77.63636700000006
12.961967 77.63741700000003
12.96345 77.642695
12.962934 77.64121699999998
12.962354 77.6374528
12.9620769 77.63733449999995
12.961907 77.6378082
12.9624275 77.64287259999992
12.9642255 77.63991680000004
12.9622756 77.63747330000001
12.9623033 77.63738309999997
12.9620691 77.63526350000006
12.962213 77.63737800000001
12.9617842 77.63468519999992
12.9603847 77.63566220000007
12.9605648 77.6371944
12.959367 77.64585999999997
12.960564 77.635402
12.960104 77.64531599999998
12.958908 77.63827500000002
12.959367 77.64585999999997
12.965112 77.644361
12.9600306 77.64511390000007
12.959961 77.64530300000001
12.966994 77.640623
12.9595964 77.63685910000004
12.960835 77.64627500000006
12.960317 77.637833
12.9659862 77.64166030000001
12.9658791 77.64222319999999
12.960314 77.63670100000002
12.961714 77.646614
12.9666511 77.64232679999998
12.9625723 77.64587000000006
12.966731 77.63811399999997
12.9630734 77.6471775
12.9598771 77.64826340000002
12.966608 77.64070300000003
12.9604789 77.64609870000004
12.9603354 77.63835840000002
12.9605936 77.63847510000005
12.961123 77.647247
12.9598574 77.63836449999997
12.9603684 77.63824439999996
12.9656462 77.6417917
12.96725 77.64537100000007
12.965688 77.658684
12.9649169 77.65843210000003
12.963415 77.657779
12.9633276 77.65770889999999
12.959159 77.65556200000003
12.966717 77.6594
12.9592607 77.66131819999998
12.9592607 77.66131819999998
12.966717 77.6594
12.9592607 77.66131819999998
12.9642794 77.65770079999993
12.9646346 77.6573022
12.9648701 77.65725320000001
12.9592607 77.66131819999998
12.964297 77.66164500000002
12.964057 77.66292199999998
12.967833 77.65273300000001
12.96785 77.65231700000004
12.9678185 77.65261809999993
12.968254 77.69363599999997
12.958567 77.65987100000007
12.9587194 77.70050119999996
12.971793 77.65529700000002
12.9594255 77.70085960000006
12.9577059 77.7008922
12.972868 77.70146999999997
12.958264 77.65991800000006
12.97286 77.69196499999998
12.9590745 77.66309269999999
12.974087 77.66426899999999
12.9593731 77.70100419999994
12.959081 77.66158199999995
12.958562 77.70095700000002
12.971688 77.66257399999995
12.9589919 77.66146500000002
12.971757 77.65519300000005
12.9691779 77.67022350000002
12.958609 77.65990299999999
12.9737581 77.67384160000006
12.970224 77.65481799999998
12.9590269 77.66290230000004
12.9713788 77.6574319
12.9584916 77.65654259999997
12.9694613 77.65476850000005
12.97166 77.66271000000006
12.9715062 77.65504420000002
12.958785 77.69990400000006
12.971892 77.65514699999994
12.959172 77.69741899999997
12.9592735 77.70162909999999
12.960061 77.701101
12.957739 77.65950799999996
12.9583849 77.70088620000001
12.9594892 77.70074499999998
12.961881 77.70139719999997
12.9725151 77.67849969999997
12.959381 77.70272709999995
12.9726297 77.679888
12.9569667 77.70244129999992
12.9571784 77.70095850000007
12.9566143 77.70101720000002
12.9628714 77.71705470000006
12.957137 77.70080499999995
12.956629 77.70468200000005
12.956534 77.70123899999999
12.9566143 77.70101720000002
12.956767 77.70076199999994
12.957595 77.70126240000002
12.961247 77.71366899999998
12.956983 77.70065
12.957498 77.71438790000002
12.960092 77.71298999999999
12.95712 77.70153700000003
12.95754 77.70093199999997
12.957149 77.70198700000003
12.956629 77.70468200000005
12.9566294 77.70468240000002
12.956614 77.70101699999998
12.9570231 77.70291099999997
12.9567658 77.6983262
12.9555824 77.69173039999998
12.9559976 77.6942563
12.956183 77.69428300000004
12.955201 77.69158500000003
12.9559676 77.69439280000006
12.9543959 77.69806100000005
12.955877 77.69694000000004
12.9564329 77.69795269999997
12.9513765 77.69933449999996
12.950929 77.6679292
12.954824 77.70032200000003
12.9566374 77.65493990000004
12.955874 77.65594099999998
12.9541514 77.70209520000003
12.9531086 77.69982789999995
12.9547086 77.7100034
12.9559775 77.71477400000003
12.9560854 77.70498299999997
12.955034 77.70743100000004
12.9548308 77.7114623
12.9513559 77.70654149999996
12.9571641 77.73862080000004
12.9555138 77.73964209999997
12.956933 77.74053300000003
12.965447 77.71869300000003
12.977146 77.71400700000004
12.94785 77.70905599999992
12.96609 77.71848299999999
12.948603 77.70819699999993
12.9776276 77.71320590000005
12.973696 77.71661799999993
12.9662 77.71377600000005
12.978025 77.71016099999997
12.9693107 77.7355215
12.9659128 77.71792349999998
12.9498292 77.7121105
12.9692637 77.73536319999994
12.94814 77.70904399999995
12.964945 77.717397
12.998735 77.67607029999999
12.9793247 77.72907439999994
13.0032387 77.66236370000001
13.003533 77.67237399999999
12.993463 77.67287699999997
12.988584 77.66394100000002
12.9901267 77.66672130000006
12.9961539 77.6941223
12.9747104 77.67085840000004
12.996069 77.66727800000001
12.979415 77.70619099999999
12.974386 77.673811
12.97505 77.67186700000002
12.98515 77.674083
12.97995 77.67973299999994
12.99958 77.72213399999998
12.9782195 77.6791445
12.9850674 77.67488479999997
12.9848904 77.6750849
12.985588 77.66407000000004
12.989154 77.73013900000001
12.990454 77.72812899999997
12.9788091 77.69646039999998
12.988735 77.68223699999999
12.996316 77.66868999999997
12.990601 77.72259800000006
12.997619 77.75798199999997
12.9925789 77.67792609999992
12.9844525 77.67486759999997
12.9856203 77.73570130000007
12.978401 77.67931499999997
12.9843066 77.67663289999996
12.984397 77.6762271
12.990617 77.70656699999995
12.980805 77.67533000000003
12.986033 77.67051700000002
12.9752479 77.66630889999999
12.9753344 77.666069
12.9920431 77.66821600000003
12.9845666 77.66220269999997
12.975067 77.66488300000003
12.994963 77.67258400000003
12.995517 77.66314999999997
12.9907349 77.6799585
12.9938552 77.68279959999995
12.9968379 77.67183810000006
12.9850782 77.67392790000008
13.0033153 77.69975520000003
12.995083 77.69724999999994
12.999962 77.67545310000003
12.9920535 77.71668840000007
12.9958183 77.67217670000002
12.998946 77.75794300000007
12.978967 77.69391599999994
12.9931393 77.66735749999998
12.9829718 77.74833139999998
12.9837766 77.67911219999996
12.9998536 77.69031289999998
12.9840207 77.6743993
12.9920483 77.71712019999995
12.992852 77.66371609999999
12.9927701 77.66772200000003
12.99308 77.74837000000002
12.9973782 77.67162280000002
12.9897236 77.70241780000003
12.998198 77.757341
12.998681 77.75449430000003
13.0009303 77.67704400000002
12.9759947 77.66593699999999
12.9952743 77.67260190000002
12.9842846 77.67681560000005
13.0005521 77.67544020000003
12.9920405 77.66384619999997
12.9923015 77.7216148
12.998136 77.75793999999996
12.999294 77.757296
12.997651 77.75777500000004
12.9957967 77.67218409999998
12.9974374 77.67004210000005
12.9974374 77.67004210000005
12.985454 77.66392500000006
12.9917909 77.71585819999996
12.9950241 77.6774302
12.99536 77.67123500000002
12.992215 77.71589999999992
12.9843301 77.67653229999996
12.9853143 77.66485139999998
12.9884978 77.72735269999998
12.9838027 77.67914109999992
12.985317 77.67328299999997
12.9958497 77.67211139999995
12.986117 77.66993300000001
12.997028 77.70188770000004
12.9943759 77.67280770000002
12.993638 77.66366500000004
12.996236 77.66775200000006
12.987613 77.73741599999994
12.9816159 77.76811369999996
12.982781 77.76840700000002
12.979952 77.76899200000003
12.9831804 77.76814519999994
12.9795172 77.76380419999998
12.9502882 77.70689140000002
12.976267 77.65268800000001
12.972122 77.65405799999996
12.9486821 77.6845409
12.9696427 77.65246150000007
12.967933 77.65301699999998
12.955 77.65308299999992
12.9758545 77.65470819999996
12.968217 77.652783
12.9723962 77.65372379999997
12.9762665 77.65268839999999
12.9683289 77.65271129999996
12.948921 77.70300509999993
12.955706 77.654001
12.9691997 77.63582459999998
12.9782549 77.64364539999997
12.968843 77.64792039999998
12.974005 77.63586940000005
12.9718915 77.64115449999997
12.9794257 77.63501880000001
12.9762841 77.64071760000002
12.975751 77.64394279999999
12.9712205 77.63677869999992
12.968675 77.64012000000002
12.977505 77.63898100000006
12.956842 77.64306299999998
12.9566963 77.6434064
12.9719349 77.64038619999997
12.9577973 77.64142059999995
12.9791811 77.6446181
12.9584472 77.64537910000001
12.978147 77.64064099999996
12.973061 77.64748499999996
12.9773163 77.64074359999995
12.977883 77.63294999999994
12.9691525 77.64554049999992
12.973163 77.64731200000006
12.968218 77.65078599999993
12.9725257 77.64001209999992
12.970433 77.643374
12.978035 77.63801999999998
12.948969 77.62719900000002
12.9761653 77.62680350000005
12.9710877 77.63351669999997
12.9476389 77.6452491
12.9578863 77.63626160000001
12.972013 77.64033799999993
12.9725112 77.64886869999998
12.979812 77.64089949999993
12.954688 77.641076
12.9701975 77.64058130000001
12.9688572 77.64866819999997
12.970483 77.63331059999996
12.972947 77.63581699999997
12.9722 77.62721599999998
12.9798362 77.63936119999994
12.978346 77.64078700000005
12.9792049 77.64239520000001
12.9718915 77.64115449999997
12.97104 77.64878499999998
12.958014 77.63761299999999
12.9692087 77.65165679999996
12.978183 77.62921699999993
12.9726295 77.64847689999999
12.958192 77.6381341
12.973933 77.63586699999996
12.978285 77.63538900000003
12.9730505 77.65098899999998
12.968667 77.6363
12.9708133 77.63057129999993
12.9786 77.64515000000006
12.97332 77.63223800000003
12.972275 77.637066
12.958547 77.64870599999995
12.9739256 77.63570270000002
12.9730124 77.6166839
12.983053 77.64046200000007
12.9748635 77.61851330000002
12.973767 77.61568299999999
12.973048 77.62201299999992
12.9832453 77.59573279999995
12.982245 77.63821069999995
12.981316 77.636033
12.977073 77.61442699999998
12.973767 77.61568299999999
12.975425 77.60500100000002
12.9754962 77.60661670000002
12.982993 77.61298399999998
12.9723611 77.6193336
12.981378 77.60398899999996
12.972702 77.60895000000005
12.9804732 77.60635409999998
12.975757 77.60222699999997
12.9735725 77.60314949999997
12.982866 77.64039500000001
12.9822629 77.6033883
12.972967 77.59926700000005
12.977073 77.61442699999998
12.982938 77.60639100000003
12.981983 77.62476700000002
12.973767 77.61568299999999
12.9807777 77.60557829999993
12.993362 77.56636300000002
12.9839815 77.56037590000005
12.9910869 77.59202949999997
12.985817 77.58016700000007
12.984367 77.59698300000002
12.9904138 77.55828900000006
12.9846574 77.55918509999992
12.993488 77.57843649999995
12.9901576 77.59334059999992
12.98509 77.55501600000002
12.985617 77.59608300000002
12.9926743 77.59167809999997
12.995483 77.60836700000004
12.9875105 77.53751260000001
12.9896463 77.59275530000002
12.980211 77.57338500000003
12.9804278 77.57425650000005
12.9803682 77.57425590000003
12.980706 77.55756999999994
12.9804314 77.57427989999996
12.978022 77.57238400000006
12.977704 77.56667900000002
12.9834367 77.55375389999995
12.9778122 77.56953039999996
12.9779811 77.57402869999999
12.97847 77.573665
12.9771273 77.57045319999997
12.9773663 77.56969930000002
12.982155 77.55410000000006
12.978833 77.55338299999994
12.9834507 77.56552420000003
12.9825802 77.55676140000003
12.980188 77.57419559999994
12.9771 77.55256699999995
12.9778293 77.57402750000006
12.9778911 77.57397259999993
12.9825802 77.55676140000003
12.976915 77.57032099999992
12.9779267 77.57396369999992
12.981233 77.55953299999999
12.978728 77.55549399999995
12.9766343 77.56110100000001
12.9829957 77.55469459999995
12.9776998 77.57425739999996
12.9783222 77.573444
12.980733 77.5539
12.9816083 77.55773929999998
12.976654 77.57378530000005
12.976664 77.57125599999995
12.9807082 77.55383470000004
12.9836077 77.55562940000004
12.9837155 77.55445659999998
12.982721 77.56274499999995
12.976918 77.57286750000003
12.976918 77.57286799999997
12.977907 77.57414100000005
12.979401 77.55360199999996
12.9766343 77.56110100000001
12.9837501 77.56037250000008
12.9778945 77.57396960000005
12.9778921 77.57395389999999
12.978268 77.57328499999994
12.9770602 77.57053759999997
12.9756239 77.55673550000006
12.996884 77.55235600000003
12.9886819 77.52705779999997
12.996232 77.57077430000004
12.9963588 77.57143129999997
12.989481 77.59309499999995
12.9948011 77.57118709999997
12.989497 77.59306300000003
12.9896463 77.59275530000002
12.9959488 77.54788630000007
12.9844 77.59861699999999
12.979502 77.54371800000001
12.986369 77.54124330000002
12.982971 77.53267600000004
12.9786931 77.54198040000006
12.9798577 77.53782990000002
12.97962 77.53886699999998
12.984738 77.55331839999997
12.9791148 77.54080520000002
12.979394 77.53925099999992
12.984879 77.55379100000005
12.9850332 77.54901970000003
12.9867 77.55091700000003
12.984085 77.55413939999994
12.97884 77.54200200000002
12.985643 77.54535950000002
12.9863794 77.55635089999998
12.984981 77.55334399999992
12.985953 77.53708800000004
12.985386 77.53523500000006
12.9790494 77.54020530000003
12.98104 77.54289500000004
12.984533 77.55306700000006
12.9860775 77.54541719999997
12.9786104 77.53721910000002
12.9864663 77.55100790000006
12.981029 77.54276279999999
12.984982 77.55334399999992
12.98658 77.55627179999999
12.9842219 77.55577519999997
12.9791 77.54082599999992
12.9844146 77.55462050000006
12.979667 77.53433300000006
12.9844777 77.55568599999992
12.984176 77.54264699999999
12.985364 77.55035099999998
12.985802 77.55649700000004
12.984752 77.53399630000001
12.9844045 77.53653650000001
12.9846717 77.55418399999996
12.984885 77.55373399999996
12.9861155 77.54168359999994
12.979884 77.54762099999994
12.989026 77.555926
12.9867475 77.55379270000003
12.9860462 77.52212229999998
12.9883612 77.5593533
12.987916 77.56645000000003
12.9889421 77.55000380000001
12.985997 77.52565500000003
12.9871748 77.56702339999993
12.988861 77.54476
12.9886819 77.52705779999997
12.9898203 77.55412369999999
12.9899832 77.55594080000003
12.9875281 77.55289790000006
12.990115 77.56792700000005
12.987448 77.53881899999999
12.9881408 77.55973180000001
12.9893834 77.55599430000007
12.989 77.53331700000001
12.989933 77.56511699999999
12.9893184 77.55601869999998
12.978067 77.54478300000005
12.9895693 77.53807529999995
12.9870217 77.54557550000004
12.987233 77.55079999999998
12.9877738 77.55973700000004
12.9845237 77.55722059999994
12.988567 77.55600660000005
12.9889914 77.54247780000003
12.9892472 77.56181960000004
12.9884667 77.54564219999997
12.9890283 77.53317249999998
12.989044 77.53333499999997
12.9888476 77.56515730000001
12.9901054 77.5379825
12.989437 77.55019889999994
12.984563 77.52881400000001
12.9868917 77.55456619999995
12.988787 77.54712100000006
12.987589 77.567991
12.9882606 77.54815880000001
12.987612 77.55273499999998
12.9784581 77.54180529999996
12.9889705 77.52713960000005
12.989028 77.53317300000003
12.9892423 77.5650594
12.984919 77.52788499999997
12.987775 77.53757700000006
12.988682 77.52705800000001
12.9883161 77.5482882
12.9889816 77.54703589999997
12.985197 77.56022600000006
12.989028 77.53317300000003
12.987885 77.55489499999999
12.984196 77.55803100000003
12.980649 77.53124700000001
12.982846 77.52895899999999
12.9846766 77.55806580000001
12.9861073 77.52513469999997
12.9857486 77.55815069999994
12.983571 77.531971
12.976933 77.54628300000002
12.9877738 77.55973700000004
12.988523 77.53447200000005
12.989143 77.54248800000005
12.9774201 77.54589229999999
12.990058 77.55249300000003
12.989064 77.55603199999996
12.9876751 77.56643600000007
12.974352 77.54932699999995
12.9892769 77.55605079999998
12.9894425 77.55017640000005
12.9900613 77.55858420000004
12.9881746 77.52699380000001
12.987251 77.55444399999999
12.989513 77.55598499999996
12.986267 77.51880000000006
12.9871812 77.51954899999998
12.9903024 77.53814069999999
12.9907738 77.55064779999998
12.9906791 77.54272019999996
12.9911242 77.53808979999997
12.991116 77.54190500000004
12.991058 77.55116499999997
12.990364 77.550745
12.989462 77.505851
12.991116 77.54190500000004
12.990364 77.550745
12.9902675 77.5457156
12.989042 77.50752999999997
12.9910565 77.55069579999997
12.9900734 77.50550020000003
12.9891521 77.50562760000003
12.9904383 77.5052521
13.004108 77.54073100000005
12.9998745 77.5043392
12.9993884 77.54102109999997
13.001729 77.54072139999994
12.9921333 77.53589540000007
12.9968245 77.54072199999996
13.00387 77.54345
12.999545 77.54048599999999
12.992541 77.53627699999993
13.0005176 77.53647139999998
13.00017 77.54105000000004
12.9958131 77.53991070000006
12.99847 77.54261999999994
12.995901 77.54001700000003
12.9931833 77.52631109999993
13.0002556 77.51080430000002
12.9957289 77.54187909999996
12.9938155 77.5275196
12.99259 77.530753
13.001141 77.53622399999995
12.992363 77.533459
13.0024973 77.52350190000004
13.0000211 77.50427409999998
12.995763 77.50325299999997
13.0027033 77.53404690000002
12.996435 77.52921400000002
12.999274 77.54096070000003
13.0021942 77.52436590000002
13.0055927 77.54084409999996
12.991604 77.49429800000007
13.00058 77.54049499999996
13.0061846 77.537329
12.9996222 77.53127259999997
13.0032771 77.52375269999993
13.0005176 77.53647139999998
12.9988735 77.52786149999997
13.001346 77.52523399999995
13.0042607 77.53552519999994
12.9980594 77.52257009999994
13.0012344 77.51915199999996
13.0007264 77.53580549999992
13.00096 77.54093
12.9983434 77.54146579999997
13.0012105 77.52486479999993
13.0002785 77.53646200000003
12.9992119 77.50314300000002
13.0012922 77.49607560000004
12.992766 77.52795300000002
13.0003314 77.53517179999994
13.000041 77.53825000000006
12.9947108 77.53943649999997
12.9985549 77.48912740000003
13.0022758 77.52406350000001
12.99465 77.539583
13.0007316 77.5357596
12.9957289 77.54187909999996
13.0005568 77.5356104
13.00229 77.53371500000003
12.9974305 77.5367506
12.9919555 77.53549399999997
12.994798 77.52568799999995
13.0001841 77.53536059999999
13.00064 77.54291999999998
13.0059902 77.52157639999996
13.006889 77.52648999999997
12.9969035 77.53425719999996
13.002549 77.52787999999998
13.0048811 77.52863060000004
13.0041501 77.54937480000001
13.008833 77.53935000000001
13.0106545 77.53317330000004
13.0098727 77.54378309999993
13.00867 77.53934400000003
13.01039 77.53829599999995
13.010424 77.53309200000001
13.006604 77.550927
13.0102268 77.54386590000001
13.0079649 77.54576889999998
13.008461 77.54236100000003
13.010555 77.533324
13.0079143 77.54303909999999
13.010537 77.545977
13.007599 77.54906499999993
13.0075216 77.548497
13.008127 77.5458549
13.008717 77.53939700000001
13.00763 77.54840999999999
13.006662 77.544984
13.009849 77.54460599999993
13.009958 77.53673200000003
13.009294 77.53914600000007
13.002432 77.57796899999994
13.000648 77.55285900000001
13.000205 77.55261799999994
13.0018848 77.57146710000006
13.0005874 77.55272160000004
13.001957 77.56920000000002
13.000477 77.552816
13.001783 77.57748300000003
12.999213 77.57824600000004
13.0029973 77.55315339999993
12.99726 77.58087999999998
12.9970257 77.55386479999993
12.9961529 77.57073650000007
12.993895 77.55968899999993
13.0011795 77.55290680000007
12.992076 77.58333600000003
13.0030625 77.56191710000007
13.000203 77.55291199999999
12.998546 77.58228899999995
13.0046163 77.58705350000002
12.9966468 77.57293400000003
12.996878 77.56723399999998
12.9923565 77.57946560000005
12.99821 77.54904999999997
12.9975837 77.54529079999998
13.001828 77.57241899999997
13.0018593 77.55325530000005
12.9960426 77.57327320000002
13.002712 77.55025899999998
12.9947716 77.57800339999994
12.9938447 77.55603339999993
12.9969743 77.55396589999998
13.002192 77.55338600000005
13.0012987 77.55303900000001
12.997408 77.55353660000003
13.004319 77.58098300000006
13.0011334 77.55297829999995
13.0017656 77.5491773
12.9979146 77.55230729999994
13.002495 77.55303400000003
13.0017719 77.55174999999997
12.9963749 77.5717952
12.9985155 77.55257610000001
12.9934528 77.55581089999998
12.9975907 77.55997679999996
13.0037629 77.5613257
13.002495 77.55303400000003
13.0016339 77.5493007
12.99299 77.55432999999994
12.996622 77.55417799999998
12.99241 77.594469
12.99356 77.55590899999993
13.00013 77.54878699999995
13.000327 77.54970900000001
12.9935547 77.55591279999999
13.0011308 77.55297999999993
12.992549 77.57841899999994
12.9987964 77.55702240000005
12.995283 77.566417
12.9991946 77.56762060000005
13.0025607 77.54613199999994
12.994041 77.55992500000002
13.0011844 77.5529924
12.9938573 77.59394769999994
12.9938777 77.55074909999996
12.9984383 77.55239789999996
12.9983076 77.56767530000002
12.9943471 77.58054809999999
12.992985 77.58398999999997
13.0002971 77.5527237
13.003795 77.56853000000001
12.998808 77.55210799999998
12.9992891 77.56741910000005
12.9927392 77.55678390000003
12.992433 77.592533
13.001783 77.57259999999997
12.994337 77.56720999999993
13.002179 77.57861700000001
12.993748 77.56428099999994
12.9992932 77.56929790000004
13.027124 77.57827499999996
13.0298824 77.55350440000007
13.030047 77.56317709999996
13.024795 77.58188100000007
13.025157 77.58645999999999
13.019919 77.58718499999998
13.0208696 77.58795439999994
13.0298909 77.5590039
13.0251391 77.58634329999995
13.026336 77.58913499999994
13.025485 77.58543199999997
13.024075 77.584565
13.0299826 77.55350309999994
13.027688 77.58613319999995
13.0268096 77.5868858
13.023064 77.58482800000002
13.00792 77.56385999999998
13.008017 77.55608299999994
13.0081014 77.5798178
13.005711 77.56875500000001
13.0189 77.59303299999999
13.0088973 77.56455099999994
13.0063515 77.5712972
13.0060199 77.55545269999993
13.008224 77.592309
13.0072133 77.57483760000002
13.0084164 77.57026780000001
13.0173226 77.59199680000006
13.0103164 77.58056850000003
13.009002 77.5634
13.0146034 77.59317680000004
13.002078 77.59866299999999
13.0187 77.60540000000003
13.0024693 77.60098259999995
13.024366 77.61213099999998
13.020162 77.61266699999999
13.0223141 77.59489459999998
13.024199 77.59653200000002
13.0226504 77.59213290000002
13.0228497 77.58940819999998
13.0227416 77.59267739999996
13.0205539 77.60005920000003
13.019568 77.596813
13.008038 77.59675800000002
13.008182 77.59489499999995
13.018926 77.60818100000006
13.024201 77.59772499999997
13.024005 77.59809599999994
13.020476 77.594518
13.0233661 77.5920668
13.02444 77.595373
13.009467 77.59456699999998
13.0199009 77.60473890000003
13.019568 77.596813
13.0240178 77.59326120000003
13.0239295 77.59805489999997
13.0157016 77.61576839999998
13.014033 77.61693300000002
13.0151 77.63098300000001
13.0174609 77.63106360000006
13.020384 77.61889099999996
13.015233 77.63069999999993
13.0160019 77.62908879999998
13.013088 77.63008100000002
13.015063 77.63076699999999
13.0185025 77.63325959999997
13.0184664 77.62992559999998
13.014886 77.63232399999993
13.0203096 77.6169357
13.01978 77.63013999999998
13.0101971 77.64298170000006
13.0119571 77.64713069999993
13.0209146 77.63468650000004
13.024098 77.63458600000001
13.013601 77.65611799999999
13.0156124 77.64253589999998
13.010801 77.649317
13.015941 77.65997700000003
13.015674 77.63602400000002
13.0219971 77.63909289999992
13.020812 77.63610500000004
13.022785 77.6374432
13.021147 77.64623800000004
13.022611 77.63705499999992
13.021625 77.64092800000003
13.014183 77.633917
13.014452 77.63575500000002
13.0206 77.65268300000002
13.016328 77.63477
13.013025 77.64939300000003
13.016307 77.65445699999998
13.0205497 77.6376381
13.01835 77.63456700000006
13.0083649 77.63063829999999
13.0129467 77.63302879999992
13.0100273 77.61852859999999
13.011958 77.64732200000003
13.024272 77.65870199999995
13.0204478 77.65092559999994
13.0230029 77.6309215
13.011209 77.62519399999996
13.011957 77.64713099999994
13.018544 77.63390000000004
13.015345 77.65798599999994
13.0202848 77.64581229999999
13.0090311 77.6480934
13.0177528 77.65926630000001
13.0214585 77.63702910000006
13.0216165 77.64100439999993
13.022217 77.65017699999999
13.013391 77.64949999999999
13.014783 77.63573300000007
13.0127164 77.66444260000003
13.013705 77.66100200000005
13.0204563 77.63678299999992
13.022217 77.63869999999997
13.013333 77.64834999999994
13.0164573 77.63727570000003
13.019604 77.63978799999995
13.013533 77.639367
13.016383 77.63501700000006
13.0101475 77.65744259999997
13.017729 77.64293399999997
13.017896 77.64298800000006
13.022537 77.61925599999995
13.022893 77.61929899999996
13.022234 77.61916999999994
13.012833 77.65025000000003
13.015617 77.65020000000004
13.009783 77.64321700000005
13.019283 77.63681700000006
13.0086 77.64223300000003
13.010931 77.65913599999999
13.019771 77.64113299999997
13.010517 77.65941699999996
13.011383 77.64278300000001
13.0207408 77.6363043
13.024168 77.64403900000002
13.009727 77.623021
13.013033 77.63948499999992
13.010025 77.641838
13.023198 77.64764200000002
13.024549 77.63728200000003
13.02265 77.65767099999994
13.017031 77.647337
13.0128186 77.62579230000006
13.014875 77.65497200000004
13.0226523 77.6306525
13.022343 77.64300100000003
13.013785 77.65531399999998
13.0186489 77.63383629999998
13.0129018 77.63232820000007
13.01666 77.64840300000003
13.0195123 77.64252859999999
13.0189207 77.63640050000004
13.01875 77.63658299999997
13.015904 77.63786200000004
13.020783 77.63591700000006
13.022303 77.639002
13.020985 77.65706599999999
13.0104379 77.62501050000003
13.0133596 77.63555559999998
13.0102095 77.65752889999999
13.008543 77.63858400000004
13.019381 77.65877799999998
13.0096632 77.62353359999997
13.014056 77.63737279999998
13.009356 77.64181099999996
13.012726 77.62599999999998
13.0143108 77.63737809999998
13.00954949999999 77.6353206
13.0231509 77.63706520000005
13.0222343 77.63348760000008
13.0204873 77.64365850000002
13.0168678 77.65524979999998
13.0216503 77.64618900000005
13.009805 77.62356799999998
13.0193147 77.63670860000002
13.0110758 77.62473210000007
13.020627 77.64788499999997
13.014483 77.63934999999992
13.01625 77.63624700000003
13.015098 77.665257
13.006833 77.69836699999996
13.023551 77.70656699999995
13.0064277 77.62392369999998
13.0321852 77.61988880000001
13.00924 77.71179099999995
13.0019097 77.63220030000002
13.0151393 77.68081280000001
12.997217 77.61076700000001
13.032896 77.650938
13.0081668 77.67073010000001
13.001467 77.63038299999994
12.9986891 77.61256159999994
13.052608 77.64588400000002
13.000948 77.61301600000002
12.999289 77.61909400000002
12.997783 77.61638300000004
13.0305908 77.64931709999996
13.0116 77.67823299999998
13.0061642 77.65016200000002
13.0008699 77.61537750000002
13.018722 77.67822320000005
13.0464525 77.61850479999998
12.9972381 77.61159229999998
12.99125 77.59378300000003
13.040281 77.62897299999997
13.022294 77.71320700000001
13.0410331 77.61640460000001
13.024004 77.69151599999998
13.0086116 77.69437199999993
13.0494428 77.6456872
13.032336 77.61524299999996
13.033355 77.61774600000001
13.0007064 77.6163593
13.000616 77.61467800000003
13.026227 77.62646500000005
13.001939 77.63173299999994
13.0579139 77.59786129999998
13.010983 77.69746699999996
13.0370019 77.60635409999998
13.042567 77.57690000000002
13.0064277 77.62392369999998
12.9975641 77.62906459999999
12.9971004 77.62852440000006
13.025937 77.62692199999992
12.9954969 77.610949
13.0103314 77.70325419999995
13.017965 77.70471099999997
12.9980124 77.64788520000002
13.002488 77.61802
12.9919991 77.5902231
13.011538 77.67306699999995
13.003711 77.660932
13.043179 77.59949600000004
12.9925988 77.65451310000003
13.0006925 77.61321010000006
12.995371 77.61395100000004
12.998754 77.62343199999998
12.9990365 77.6157819
12.995141 77.62877200000003
13.00568 77.69897900000001
13.0256504 77.63881479999998
12.9983829 77.61542629999997
13.000551 77.61476800000003
13.048745 77.59232999999995
13.028987 77.72583299999997
12.991063 77.59361000000001
13.0004711 77.61599860000001
12.99804 77.61719400000004
13.010331 77.70325400000002
13.0015089 77.63029230000006
12.998518 77.62048099999993
13.0505209 77.59751649999998
13.0107724 77.69337459999997
13.057363 77.59804600000007
13.008385 77.696008
12.99231 77.61472300000003
13.0149924 77.67791710000006
13.0248605 77.65994619999992
13.011317 77.67566699999998
13.020248 77.673769
13.0119797 77.67942040000003
13.01275 77.67868299999998
13.011033 77.66636700000004
13.013077 77.67753600000003
13.024903 77.65887199999997
13.024209 77.69129599999997
13.012703 77.666518
13.011461 77.67185599999993
13.0126357 77.69557280000004
13.019962 77.67438000000004
13.020844 77.68475660000001
13.0163818 77.66841820000002
13.00845 77.69600000000003
13.0091991 77.71192070000006
13.0083016 77.6946312
13.010033 77.69751700000006
13.004349 77.69569899999999
13.009178 77.67054000000007
13.005883 77.70101699999998
13.004267 77.70901700000002
13.009917 77.697317
13.0139832 77.69750249999993
13.010183 77.69728299999997
13.005553 77.71036600000002
13.015208 77.70929899999999
13.008385 77.696008
13.006169 77.70568100000003
13.010914 77.69757000000004
13.0084641 77.69466069999999
13.007396 77.69775500000003
13.008539 77.69436599999995
13.016502 77.71853899999996
12.980056 77.61281800000006
12.981809 77.63729000000001
12.9814722 77.61921389999998
12.983054 77.64015900000004
12.9799564 77.61337370000001
12.9822512 77.63813589999995
12.9857809 77.62270650000005
12.9814722 77.61921389999998
12.9822126 77.63830929999995
13.0364132 77.73718980000001
12.982196 77.63827600000002
13.036533 77.64021200000002
12.9801093 77.63741800000003
12.982304 77.63880199999994
13.023296 77.70652199999995
13.031139 77.75709899999993
13.000963 77.61312799999996
13.0013951 77.62997689999997
12.9824151 77.63780329999997
13.097954 77.59619900000007
13.078224 77.55900199999996
13.103415 77.583302
13.050361 77.55303700000002
13.045628 77.51281799999992
13.077994 77.55667399999993
13.0415175 77.52091680000001
13.100341 77.59437100000002
13.0669 77.79829999999993
13.0948905 77.59411279999995
13.082916 77.495316
13.0407616 77.55262749999997
13.101956 77.59860300000003
13.056878 77.50735600000007
13.081743 77.55955300000005
13.082906 77.49543399999993
13.1048168 77.60024959999998
13.0897605 77.55667440000002
13.0684841 77.55999640000005
13.065544 77.55994099999998
13.040117 77.55733299999997
13.098288 77.57757400000003
13.0399748 77.51834839999992
13.078506 77.592669
13.082133 77.548767
13.0796345 77.55908969999996
13.043283 77.55404999999996
13.044908 77.56975499999999
13.0621452 77.591408
13.049024 77.546332
13.0419314 77.51521109999999
13.058997 77.54976099999999
13.074883 77.55823099999998
13.1086961 77.57591219999995
13.047236 77.51201500000002
13.0424761 77.54988270000001
13.068036 77.77866999999992
13.100765 77.58203100000003
13.041517 77.52091599999994
13.084934 77.55299200000002
13.081755 77.55954900000006
13.0805286 77.55948939999996
13.0664163 77.57021959999997
13.052765 77.54189900000006
13.064679 77.59296199999994
13.071672 77.56051100000002
13.114882 77.57357200000001
13.0424216 77.54963529999998
13.040202 77.51873699999999
13.064364 77.639005
13.0708669 77.63761820000002
13.078501 77.78830500000004
13.066367 77.59668299999998
13.0494742 77.64569210000002
13.0606618 77.60742920000007
13.0584532 77.64072579999993
13.099967 77.59794999999997
13.1097225 77.60764010000003
13.0503275 77.59747089999996
13.0631411 77.62067690000003
13.0661636 77.59727040000007
13.050067 77.5978
13.0521488 77.6461127
13.0568494 77.6444229
13.099481 77.59769299999994
13.072183 77.63351699999998
13.052372 77.60133300000007
13.073247 77.78652499999998
13.0728696 77.63353080000002
13.100226 77.59788300000002
13.073516 77.651523
13.1113785 77.60440640000002
13.055196 77.64222100000006
13.0627126 77.64950980000003
13.052913 77.60148600000002
13.098452 77.59851500000002
13.049409 77.60263699999996
13.1060003 77.60533229999999
13.1077949 77.60607759999994
13.091186 77.64502199999993
13.067861 77.63348900000005
13.050167 77.71595200000002
13.0606593 77.64119000000005
13.0900342 77.59202949999997
13.100546 77.58082999999999
13.069333 77.55650000000003
13.0671216 77.5537147
13.095775 77.57916999999998
13.066886 77.591003
13.087423 77.54763500000001
13.0582521 77.4685594
13.0652833 77.584385
13.082373 77.49994300000003
13.081815 77.51034400000003
13.050633 77.54235100000005
13.0585149 77.59317220000003
13.0487205 77.51852269999995
13.061367 77.59296700000004
13.0637693 77.53050699999994
13.1000533 77.59593949999999
13.099817 77.57651699999997
13.0722 77.56631700000003
13.051859 77.54157499999997
13.075283 77.557817
13.0601654 77.59315659999993
13.049375 77.51177800000005
13.0976954 77.57759570000007
13.058211 77.58700499999998
13.096832 77.59545389999994
13.051583 77.50856699999997
13.103783 77.57498299999997
13.049783 77.50701700000002
13.096993 77.588389
13.097262 77.582628
13.051859 77.54157499999997
13.098867 77.57666700000004
13.062733 77.58651699999996
13.0523995 77.52920489999997
13.0638 77.53058299999998
13.049222 77.50641999999993
13.0489369 77.55126339999993
13.063667 77.58671700000002
13.058217 77.50651700000003
13.056791 77.51894500000003
13.0521107 77.52883359999998
13.0946794 77.5941722
13.059433 77.55928300000005
13.0592087 77.54585040000006
13.065898 77.59272399999998
13.06302 77.573217
13.1018697 77.58573049999995
13.056433 77.50658299999998
13.107949 77.57690300000002
13.067941 77.47736299999997
13.099484 77.57514700000002
13.0544255 77.51087540000003
13.098781 77.56689000000006
13.098803 77.57717449999996
13.0601777 77.50553809999997
13.0498202 77.50706430000002
13.0501955 77.51633130000005
13.066583 77.50508300000001
13.079628 77.49703299999999
13.0577713 77.50738150000006
13.065675 77.55992600000002
13.054404 77.57943699999998
13.0556477 77.51039119999996
13.058085 77.55908799999997
13.065277 77.58446600000002
13.098586 77.58119499999998
13.0946609 77.58064309999997
13.0540433 77.51111070000002
13.080882 77.50072399999999
13.100486 77.59334799999999
13.066533 77.50513580000006
13.0956094 77.59367559999998
13.0910535 77.5787249
13.0503843 77.5083611
13.1037902 77.5837702
13.0487029 77.51791890000004
13.0488044 77.50756690000003
13.062693 77.58851500000003
13.0652325 77.580239
13.0610339 77.4606877
13.0515999 77.51494559999992
13.084547 77.56039299999998
13.0955976 77.59360850000007
13.066972 77.55373499999996
13.099365 77.579838
13.0637935 77.53055139999992
13.093983 77.57995830000004
13.061017 77.58736699999997
13.106584 77.57789500000001
13.051115 77.51027999999997
13.0566575 77.50667499999997
13.064104 77.593121
13.0591554 77.59312739999996
13.0520605 77.51409910000007
13.073183 77.50296700000001
13.0500217 77.51581269999997
13.056717 77.54703300000006
13.049621 77.494146
13.071142 77.56591000000003
13.062757 77.55901300000005
13.072685 77.50331699999992
13.0554501 77.53413580000006
13.061281 77.46146399999998
13.051333 77.551917
13.065736 77.45444299999997
13.0962434 77.58610120000003
13.0512965 77.51434010000003
13.0576494 77.50691010000003
13.0637067 77.57764399999996
13.104287 77.57658900000001
13.060636 77.55899199999999
13.103044 77.56990100000007
13.065829 77.53315700000007
13.120665 77.61663599999997
13.1376034 77.60324689999993
13.1376034 77.60324689999993
13.1215588 77.61276479999992
13.1376034 77.60324689999993
13.1376034 77.60324689999993
13.121167 77.60788100000002
13.121961 77.62886700000001
13.121397 77.61521300000004
13.119131 77.628287
13.0423903 77.76931259999992
13.028245 77.66262200000006
13.029091 77.66390899999999
13.0043265 77.75717899999995
12.999069 77.76022699999999
13.022813 77.71356190000006
13.0177425 77.72657140000001
13.020996 77.71033399999999
13.0228337 77.70620830000007
13.02234 77.71141
12.998805 77.76094599999999
13.01834 77.70431200000007
12.998612 77.76165300000002
13.0218374 77.69959300000005
13.022294 77.71320700000001
13.0022549 77.66130629999998
13.040449 77.55737199999999
13.0419996 77.57960969999999
13.042499 77.57189300000005
13.0400431 77.56695709999997
13.0435258 77.57057520000001
13.0401591 77.62427750000006
13.026289 77.606402
13.0075137 77.62203720000002
13.0071646 77.61248449999994
13.006833 77.59424999999999
13.007272 77.59386100000006
13.039674 77.51947799999994
13.047428 77.51970619999997
13.039567 77.60146699999996
13.0398863 77.55503190000002
13.0432221 77.5537716
13.0449357 77.56417799999997
13.043417 77.55408299999999
13.042523 77.57843500000001
13.0398572 77.55594020000001
13.042683 77.57708300000002
13.0381016 77.56265029999997
13.031874 77.55987700000003
13.039495 77.55731379999997
13.0345759 77.5568551
13.034474 77.55735000000004
13.035167 77.56065000000001
13.0305876 77.55789279999999
13.03577 77.59702199999992
13.0334828 77.59202949999997
13.044288 77.58160699999996
13.036234 77.59449500000005
13.034131 77.560206
13.030683 77.55996400000004
13.039975 77.59282899999994
13.0341477 77.56062470000006
13.0340389 77.55384470000001
13.040539 77.59043599999995
13.040388 77.60046599999998
13.034449 77.55630399999995
13.039123 77.59691199999997
13.0309756 77.56001379999998
13.0371311 77.59113079999997
13.033269 77.55879800000002
13.0341787 77.55997249999996
13.035752 77.56708900000001
13.0434947 77.5798522
13.0354686 77.56739889999994
13.0368293 77.57583069999998
13.030425 77.57043090000002
13.040148 77.57701199999997
13.0367277 77.58956
13.036684 77.59325899999999
13.037667 77.58948299999997
13.040148 77.57701199999997
13.042354 77.55710590000001
13.041151 77.55372999999997
13.035567 77.56748100000004
13.038619 77.59112400000004
13.0340836 77.56426409999995
13.0386174 77.5762747
13.034158 77.56806699999993
13.035069 77.57545299999992
13.0339513 77.55818320000003
13.041104 77.55743000000007
13.0357857 77.56696669999997
13.0384086 77.55462690000002
13.037251 77.5914583
13.031467 77.55985399999997
13.0372233 77.58919790000004
13.0387787 77.59216709999998
13.0305683 77.55710060000001
13.0306818 77.5600442
13.0411173 77.55758400000002
13.045208 77.57607200000007
13.035444 77.55939699999999
13.043283 77.55404999999996
13.033677 77.55566599999997
13.034449 77.55630399999995
13.035187 77.59572800000001
13.0327885 77.55780159999995
13.039968 77.57735500000001
13.0374457 77.58986809999999
13.035596 77.55465200000003
13.038433 77.57416699999999
13.036517 77.59089999999992
13.0432947 77.57350529999997
13.0315763 77.55956919999994
13.0433299 77.51822900000002
13.0462 77.52244999999994
13.04715 77.517067
13.0463512 77.52244169999994
13.0407616 77.55262749999997
13.04795 77.51774999999998
13.044633 77.54951699999992
13.039592 77.51818300000002
13.0432884 77.55156880000004
13.040773 77.51831900000002
13.0443 77.54956700000002
13.0454422 77.54767229999993
13.0430879 77.55175559999998
13.043729 77.54856500000005
13.039975 77.51834800000006
13.041895 77.553177
13.039994 77.51785300000006
13.039975 77.51834800000006
13.0444313 77.54765550000002
13.042283 77.51986699999998
13.0433299 77.51822900000002
13.040103 77.51751200000001
13.0399748 77.51834839999992
13.046976 77.55068540000002
13.039988 77.51835600000004
13.037329 77.54941499999995
13.0393735 77.55338600000005
13.0429511 77.55287509999994
13.0422984 77.54864889999999
13.040141 77.51772299999993
13.0452799 77.54949620000002
13.0420541 77.5459184
13.0461212 77.5161094
13.033453 77.51748999999995
13.0343779 77.5300009
13.034734 77.52453300000002
13.034343 77.52542100000005
13.0326477 77.52093400000001
13.0426167 77.51284190000001
13.04507 77.508553
13.0429831 77.51207099999999
13.046703 77.512879
13.0428586 77.5138584
13.047483 77.50803300000007
13.043159 77.51216299999999
13.036096 77.52562499999999
13.042906 77.51315
13.042603 77.51243699999998
13.0444042 77.51335940000001
13.045378 77.50808200000006
13.0458815 77.5158298