12.952693 77.58799299999998
12.9742742 77.58227880000004
12.9595738 77.56088049999994
12.9763103 77.58731069999999
12.9504907 77.56780030000004
12.9756466 77.58377539999992
12.981527 77.60004000000004
12.9666499 77.59908560000008
12.9715987 77.59456269999998
12.958333 77.58292900000004
12.981736 77.56014900000002
12.9828816 77.59712560000003
12.97424 77.61385900000005
12.9822242 77.55388440000002
12.9585449 77.51914209999995
12.9617594 77.52942059999998
12.9589703 77.52480839999998
12.9737241 77.54619509999998
12.953902 77.57297160000007
12.974664 77.58287180000002
12.9739938 77.6128185
12.971598 77.594562
12.9737688 77.54420800000003
12.9729778 77.58531640000001
12.9759897 77.61376689999997
12.9623096 77.5919791
12.9623187 77.54779639999992
12.9744624 77.58590119999997
12.9617123 77.53268479999997
12.9598434 77.5634953
12.9744928 77.56111529999998
12.9753154 77.53125720000003
12.954233 77.52229999999997
12.980728 77.60571500000003
12.9595611 77.58081440000001
12.9674797 77.57622379999998
12.981696 77.60115900000005
12.982027 77.59499900000003
12.9773177 77.5859041
12.966573 77.5924182
12.982237 77.60093200000006
12.981003 77.60219000000006
12.964185 77.55676429999994
12.982048 77.60119199999997
12.9663048 77.5805421
12.9518121 77.58155199999999
12.9727504 77.52919259999999
12.9745722 77.58620959999996
12.974233 77.53491699999995
12.9638269 77.6034737
12.969891 77.60484700000006
12.981003 77.60219000000006
12.9670965 77.54305709999994
12.9667858 77.53350560000001
12.9551214 77.57413300000007
12.9596826 77.56344439999998
12.9427448 77.50910079999994
12.961286 77.50514799999996
13.0005766 77.57373389999998
12.9464419 77.51065599999993
12.9502633 77.50205400000004
12.9895301 77.5546306
12.997491 77.60522779999997
12.946416 77.57881799999996
12.9795409 77.64525179999998
12.9865451 77.54608639999992
12.999191 77.58386300000006
12.991257 77.55531399999995
12.995582 77.55412899999999
12.9870377 77.54251780000004
12.9700819 77.64326970000002
12.996983 77.57156699999996
12.972591 77.61588000000006
12.9883105 77.5912237
12.9957948 77.55308839999998
12.9394647 77.59638189999998
12.9687095 77.6494467
12.9495745 77.54182839999999
12.9932729 77.61071199999992
12.9851382 77.56024509999997
12.9426016 77.5043392
12.98588 77.61718300000007
12.9858885 77.54935249999994
12.9414686 77.61781250000001
12.9433728 77.50315619999992
12.9459069 77.50713919999998
12.9415585 77.55825579999998
12.9460811 77.50527119999992
12.9466046 77.50357310000004
12.989556 77.55464729999994
12.984982 77.55334399999992
12.9970488 77.57130180000001
12.998958 77.61888599999997
12.9969885 77.57242840000004
12.9499523 77.57156609999993
12.990799 77.57555189999994
12.992541 77.54131080000002
13.0001985 77.56819730000007
12.986196 77.51178200000004
12.9984083 77.54092990000004
12.9780203 77.63618210000004
12.9936596 77.53174330000002
12.9890022 77.49960779999992
12.9470461 77.50982120000003
12.9983772 77.55781100000002
12.9705746 77.65306629999998
12.9451163 77.49628719999998
12.9908931 77.61935229999995
12.999289 77.55084770000008
12.990288 77.57182
12.9487054 77.57310699999994
12.9892024 77.5979079
12.978147 77.64064099999996
12.941606 77.51001629999996
12.995442 77.55296229999999
12.9830327 77.60943889999999
12.9391074 77.58607529999995
12.9503505 77.50209870000003
12.9498529 77.50618459999998
12.9431427 77.58121670000003
12.9428147 77.50404839999999
12.9447085 77.5703833
12.9435188 77.49416719999999
12.9456561 77.50903840000001
12.9412109 77.49268770000003
12.9983884 77.55371300000002
12.9416213 77.56576180000002
12.9919091 77.55744630000004
13.0007 77.5531449
12.944183 77.57219099999998
12.9466102 77.5084832
12.9663741 77.65687639999999
12.9442602 77.62055129999999
12.9763116 77.62832800000001
12.9960979 77.55567640000004
12.996652 77.56689370000004
12.9487433 77.56322709999995
13.0039723 77.60484700000006
12.9878313 77.51669879999997
12.9489098 77.5631363
12.9463292 77.50167850000003
12.983904 77.59461299999998
12.9446929 77.50313219999998
12.985155 77.5545502
12.9951022 77.5891775
12.954682 77.65039000000002
12.984226 77.56032099999993
12.9800858 77.63470660000007
12.9425519 77.59396790000005
12.9809026 77.50599950000003
13.0039736 77.54902620000007
12.9933512 77.54669669999998
12.984073 77.59970699999997
12.9527506 77.49574269999994
12.9551044 77.4923202
12.9984491 77.54097079999997
12.9944593 77.50824450000005
12.9942398 77.5308824
12.9976425 77.5706381
12.9956511 77.50116349999996
12.9420788 77.5760937
12.940692 77.59813740000004
12.987633 77.51505599999996
12.9681868 77.65385630000003
12.9386491 77.57557870000005
12.9957883 77.57169620000002
12.9921045 77.60559799999999
12.9423742 77.56628350000005
13.0814488 77.57693310000002
12.975338 77.74084600000003
13.0847246 77.48310319999996
12.9767415 77.69258539999998
13.0169189 77.56973679999999
12.9771267 77.6800015
13.024837 77.56343360000005
13.034655 77.60907099999997
13.031532 77.56552039999997
13.0712923 77.65039090000005
13.0215156 77.58482419999996
13.0774128 77.57962450000002
13.0151269 77.56810569999993
13.0583674 77.64941449999992
13.034262 77.53344100000004
13.0556512 77.66327649999994
13.0829893 77.48029250000002
13.0311567 77.64417879999996
13.0056031 77.58094310000001
13.0805834 77.57863099999997
13.0313347 77.56465809999997
13.0705743 77.49396980000006
13.0261205 77.63399099999992
12.9814488 77.76665389999994
13.0169006 77.56872390000001
13.0151209 77.56810870000004
13.004003 77.59284100000002
13.0279415 77.73322819999999
13.0053418 77.68613929999992
13.0186953 77.64726059999998
13.0707049 77.58016789999999
13.0945139 77.39111589999993
12.9729439 77.67736319999995
13.0303979 77.56511669999998
13.0339674 77.59801809999999
13.0169866 77.56590349999999
13.0208283 77.65495599999997
13.0591096 77.55661310000005
13.0170626 77.56557939999993
13.013859 77.5703102
13.0069425 77.63997180000001
13.024122 77.59294799999998
13.0724502 77.74328379999997
13.026286 77.63167440000007
13.0778794 77.57906559999992
13.0220355 77.55636329999993
13.0300922 77.58585149999999
12.9887304 77.47332749999998
13.0173135 77.57132469999999
13.0608443 77.46118509999997
13.0158161 77.60226130000001
13.0705625 77.49396849999994
13.0159484 77.56865519999997
13.0117498 77.7053654
13.0235435 77.56385209999996
13.0203632 77.59162900000001
13.0217064 77.6058286
13.0302816 77.56585840000002
13.0846408 77.48471619999998
13.0293369 77.56982429999994
13.0700491 77.5166921
13.008804 77.55752400000006
13.0083328 77.54730949999998
13.0351537 77.62235639999994
13.0205722 77.60177850000002
13.0162476 77.56861660000004
13.039714 77.62408700000003
13.0069866 77.69136900000001
13.029958 77.56475419999992
13.0015907 77.7584488
13.0388401 77.57544589999998
13.03062 77.56487670000001
13.023206 77.63235600000007
13.0299654 77.5631922
13.0196367 77.65623269999992
13.0175621 77.5410263
13.0061076 77.65067810000005
13.0224972 77.6485434
13.0080084 77.49880589999998
13.0044584 77.56923400000005
13.0743842 77.63353919999997
13.0430138 77.51192990000004
13.050523 77.59796299999994
13.0233085 77.55700869999998
13.075809 77.60337279999999
13.0778125 77.58211949999998
13.036084 77.56555260000005
13.0686455 77.5046605
13.066292 77.6489894
13.013169 77.69917370000007
13.0158396 77.57064070000001
13.030991 77.56492500000002
13.0150399 77.57159290000004
13.0305259 77.56553110000004
13.03189 77.56390439999996
13.0158344 77.57068370000002
13.0180714 77.53395619999992
13.0313204 77.5660858
13.01985 77.60888299999999
13.0436174 77.58131329999992
13.0309492 77.56478949999996
13.0132447 77.6609909
13.0110259 77.60369360000004
12.9728602 77.7603722
13.0306079 77.56525039999997
12.964676 77.71284600000001
13.010404 77.70555300000001
13.0845609 77.4858835
13.0291458 77.56112489999998
13.0308617 77.56468359999997
13.0748513 77.68036719999998
13.0739813 77.591275
13.0051172 77.55355880000002
13.0850222 77.54593490000002
13.085597 77.6317656
12.9697655 77.75118829999997
13.014925 77.57100820000005
13.113596 77.63474799999995
13.1058122 77.6659608
13.1064462 77.57230729999992
13.1114756 77.60551209999994
13.0991492 77.58775590000005
13.1247979 77.62088659999995
13.1244401 77.6207551
13.0973426 77.59328299999993
13.1237426 77.62007119999998
13.0988523 77.58505479999997
13.1289669 77.60510440000007
13.1279638 77.58793029999993
13.119187 77.61154169999998
13.0816102 77.5769305
13.0249729 77.5630099
13.0379628 77.59693979999997
13.0510095 77.59192940000003
13.0187377 77.67116729999998
13.022802 77.56732650000004
13.0993655 77.58147150000002
13.0336407 77.58385599999997
13.00415 77.59899710000002
13.01262 77.64190970000004
13.0309126 77.56487130000005
13.0186698 77.64377119999995
13.0135739 77.66180629999997
13.006966 77.69856189999996
13.0305748 77.56558359999997
13.0823601 77.54624190000004
13.0320925 77.55843270000003
13.1167942 77.63467850000006
13.0427525 77.59016989999998
13.0181001 77.5079002
13.0613721 77.5884479
13.0353785 77.5676125
13.015385 77.61994000000004
13.0549811 77.57227420000004
13.108299 77.57360459999995
13.0347114 77.52886130000002
13.0836403 77.48347039999999
13.0169414 77.56723769999996
13.0120817 77.54701320000004
13.0224799 77.65368190000004
13.0692196 77.56456019999996
13.0186593 77.50794139999994
13.0306827 77.56548020000002
13.023095 77.59278949999998
13.012803 77.64853270000003
13.099917 77.58792790000007
13.0576254 77.55010300000004
13.0329692 77.58523459999992
13.0987639 77.58580329999995
13.0139855 77.64871579999999
13.066744 77.50352329999998
13.0761837 77.52197209999997
13.1461016 77.51420970000004
13.1380359 77.4798346
13.1531143 77.60478749999993
13.1671853 77.55880730000001
13.1447852 77.45172500000001
13.169519 77.53611599999999
13.1467546 77.67063080000003
13.1893982 77.64747799999998
13.1438554 77.45194489999994
13.1437509 77.61574210000003
13.079055 77.7993232
13.0925202 77.39443299999994
12.9263565 77.59249210000007
12.9342678 77.53432629999998
12.920883 77.57746700000007
12.924832 77.55955300000005
12.9318729 77.58368440000004
12.9143434 77.58518559999993
12.920882 77.59325899999999
12.9283398 77.58696929999996
12.9325425 77.54057050000006
12.9097198 77.58128369999997
12.9090082 77.52082719999999
12.931073 77.57781
12.9300428 77.58596020000005
12.9334414 77.58304759999999
12.9270139 77.58880620000002
12.9166263 77.58565859999999
12.910635 77.57954999999993
12.915053 77.58592799999997
12.9368714 77.56253249999997
12.9229718 77.49883399999999
12.924177 77.49983580000003
12.9245462 77.56408269999997
12.936197 77.59392600000001
12.930064 77.58624800000007
12.9328637 77.58339060000003
12.931936 77.57406590000005
12.9071201 77.56557299999997
12.928651 77.55918989999998
12.905168 77.57996679999997
12.9287793 77.58242229999996
12.9133302 77.52289339999993
12.9284347 77.58172360000003
12.929976 77.58597600000007
12.916653 77.59483829999999
12.912204 77.56769740000004
12.927452 77.590597
12.9375067 77.54574309999998
12.8990553 77.58691099999999
12.9240097 77.57010160000004
12.9258824 77.55009440000003
12.930433 77.54976099999999
12.93295 77.58584599999995
12.932543 77.54476599999998
12.92293 77.49793279999994
12.9245336 77.50044120000007
12.9245351 77.5007276
12.9223215 77.49857650000001
12.9246541 77.500497
12.9242266 77.49997259999998
12.9237602 77.50127369999996
12.9292429 77.5672257
12.9222639 77.49853170000006
12.9231958 77.49997659999997
12.928693 77.55190500000003
12.9553514 77.45741529999998
12.9345271 77.5435215
12.9294068 77.5568528
12.9270095 77.58880469999997
12.929365 77.55692700000009
12.9327098 77.58356090000007
12.925848 77.55013800000006
12.933447 77.55368380000004
12.956409 77.47145499999999
12.904273 77.55506400000002
12.9217039 77.48404430000005
12.930623 77.55383600000005
12.9181432 77.57848349999995
12.9262893 77.55315810000002
12.9225875 77.48425480000003
12.925821 77.54935799999998
12.9259704 77.55012179999994
12.919866 77.56692450000003
12.926832 77.58912199999997
12.9354646 77.53474129999995
12.9323033 77.50112319999994
12.9057428 77.56302600000004
12.8953505 77.58757889999993
12.9030999 77.58528290000004
12.90453 77.57312720000004
12.927005 77.55191000000002
12.8794595 77.54406970000002
12.891559 77.56537679999997
12.875088 77.543814
12.885462 77.58446219999996
12.8945439 77.55533200000002
12.8935046 77.5581631
12.8886519 77.59186509999995
12.9360213 77.60600899999997
12.8625774 77.66491769999993
12.8947282 77.67515300000002
12.9098975 77.60278970000002
12.8628507 77.43784289999996
12.8601717 77.59025040000006
12.9169223 77.61938699999996
12.8904972 77.59740250000004
12.9230277 77.60648519999995
12.9363513 77.62715490000005
12.9187736 77.67009510000003
12.932524 77.61157700000001
12.9363644 77.62714719999997
12.9163354 77.61020059999998
12.9068513 77.60797579999996
12.934665 77.60517900000002
12.9039253 77.6026948
12.9221065 77.60051249999992
12.8661023 77.57816430000003
12.9332723 77.60494349999999
12.9269232 77.60177720000002
12.9363304 77.62699929999997
12.9143693 77.60239739999997
12.8586995 77.59633370000006
12.8470863 77.42636199999993
12.8687145 77.57932310000001
12.935554 77.61918070000002
12.9339593 77.60502399999996
12.9093046 77.60658799999999
12.9343991 77.619869
12.9315537 77.60481119999997
12.8988331 77.62553750000006
12.9338496 77.60506090000001
12.912383 77.66868090000003
12.9076188 77.62649379999993
12.8935998 77.60440110000002
12.9219022 77.62103100000002
12.9344604 77.60583369999995
12.898918 77.62554690000002
12.8756098 77.59542699999997
12.9095197 77.65058669999996
12.9187536 77.65139399999998
12.8594506 77.54259589999992
12.9332549 77.6050007
12.8941948 77.65284240000005
12.9301374 77.6232751
12.8874204 77.64134079999997
12.8282046 77.58880620000002
12.843393 77.66381100000001
12.8322367 77.68231579999997
12.8400582 77.68627479999998
12.8327448 77.68125770000006
12.8161919 77.68510689999994
12.9050307 77.60156660000007
12.8418178 77.58670210000002
12.9187736 77.67009510000003
12.927876 77.631847
12.9034486 77.62581410000007
12.8569265 77.45499999999993
12.9234162 77.65022019999992
12.787723 77.4979793
12.7648862 77.48848029999999
12.783574 77.49635699999999
12.7300971 77.70858950000002
12.731112 77.7078209
12.730479 77.70684499999993
12.9566372 77.73494219999998
12.9511049 77.6997639
12.6832358 77.71303650000004
12.958983 77.70159999999998
12.9086792 77.71574020000003
12.8116549 77.70822999999996
12.9551143 77.69780930000002
12.8249043 77.76612820000003
12.8574237 77.76157409999996
12.8446228 77.70222179999996
12.783846 77.75285389999999
12.8925973 77.82262620000006
12.9782837 77.67392719999998
12.9591167 77.70088609999993
12.9568871 77.70088750000002
12.936745 77.61042499999996
12.9358421 77.60591410000006
12.9325843 77.6050186
12.9292603 77.62394829999994
13.080106 77.80391510000004
12.9184778 77.69767279999996
12.962891 77.59672799999998
12.9590714 77.57473379999999
12.97481 77.5827339
12.970137 77.602891
12.9530075 77.58816560000002
12.9711185 77.60423190000006
12.9715987 77.59456269999998
12.9700948 77.60667089999993
12.9758503 77.58572819999995
12.953995 77.58642600000007
12.9726172 77.5853313
12.9737215 77.5858677
12.9623972 77.59346699999992
12.9719725 77.58567240000002
12.961206 77.58584100000007
12.964219 77.58739500000001
12.95516 77.57413150000002
12.9757429 77.55857809999998
12.9650476 77.60050709999996
12.97958 77.58389
12.9544509 77.57430199999999
12.9715987 77.59456269999998
12.9603218 77.60346700000002
12.9489778 77.57681100000002
12.9749826 77.58209110000007
12.9536616 77.57432080000001
12.9710191 77.57720810000001
12.965682 77.6031716
12.954217 77.573533
12.969499 77.59497499999998
12.982983 77.53744170000004
12.9833914 77.58686639999996
12.9627582 77.58683640000004
12.9757028 77.58397500000001
12.9748257 77.60175700000002
12.984077 77.56022499999995
12.9543193 77.574748
12.9646994 77.59583220000002
12.976929 77.54949699999997
12.970168 77.59466900000007
12.9810649 77.55876289999992
12.9793279 77.57344969999997
12.9540144 77.57421079999995
12.9667743 77.60960239999997
12.9541003 77.58573130000002
12.9843585 77.55610260000003
12.9753295 77.58021029999998
12.9764512 77.52328539999996
12.9568349 77.56330230000003
12.980492 77.53891799999997
12.9636557 77.57611279999992
12.9813051 77.55297300000007
12.9621934 77.59033590000001
12.9750802 77.58251259999997
12.9816841 77.60026169999992
12.977931 77.55082700000003
12.9746481 77.60971789999996
12.9616204 77.60629059999997
12.9505456 77.5737226
12.9797722 77.58582879999994
12.982292 77.60915
12.955825 77.56104099999993
12.97515 77.61456699999997
12.974993 77.61456699999997
12.974794 77.61453499999993
12.9612738 77.58511699999997
12.9568168 77.56409340000005
12.977609 77.55292899999995
12.955303 77.57802079999999
12.9753962 77.55699430000004
12.9612647 77.58517499999994
12.9498059 77.57479549999994
12.9488527 77.5730466
12.95199 77.55388100000005
12.9715987 77.59456269999998
12.9767421 77.58852609999997
12.9756145 77.59346210000001
12.975083 77.60495000000003
12.9603064 77.58736999999996
12.9715987 77.59456269999998
12.9633889 77.57381940000005
12.981106 77.55289700000003
12.9550695 77.57940239999994
12.9417731 77.56613779999998
12.9085145 77.56620529999998
12.9327213 77.61693860000003
12.9015007 77.63126569999997
12.933925 77.69250199999999
12.918037 77.59195
13.0233122 77.61424820000002
12.921417 77.60379999999998
12.9459224 77.5768213
12.9158609 77.64288469999997
12.9294819 77.62018250000006
12.944272 77.56999410000003
12.9351338 77.54726519999997
13.031497 77.56542000000002
12.991166 77.57519530000002
12.9846114 77.50152830000002
12.995562 77.55332169999997
13.0115565 77.56851259999996
12.9956482 77.59931559999995
12.942171 77.58023200000002
13.024952 77.70680300000004
13.0226786 77.63224149999996
12.9261199 77.5784314
12.9890597 77.57633540000006
12.9322159 77.58182569999997
12.9241629 77.49986209999997
13.0290391 77.56930369999998
13.0119854 77.5780489
13.019281 77.64223600000003
12.9282081 77.58692980000001
12.9278771 77.58083269999997
12.951824 77.50016579999999
12.936361 77.57827799999995
12.9406164 77.58086690000005
12.918019 77.59189400000002
13.033957 77.59729119999997
12.9075135 77.56771830000002
12.9830685 77.63844180000001
13.0110169 77.70174529999997
12.9957883 77.55327239999997
12.9011621 77.63074840000002
12.9847185 77.7168246
13.008488 77.71483799999999
12.9113095 77.58522470000003
12.9021902 77.51858199999992
12.9091907 77.62864890000003
12.967089 77.50448949999998
12.9666193 77.71176289999994
13.0085771 77.65098460000002
12.9000776 77.62768600000004
12.9338588 77.51665219999995
13.0297949 77.63144829999999
12.9575258 77.64376010000001
12.9987594 77.56162849999998
12.9634916 77.50591099999997
13.0263795 77.64132100000006
12.9412452 77.5674219
13.0152672 77.65346729999999
13.0023102 77.57009629999993
12.9273871 77.55156080000006
12.9122556 77.510175
13.0004756 77.62203720000002
12.9273743 77.63030930000002
12.936047 77.61488600000007
12.985485 77.54528900000003
12.9414489 77.55427129999998
12.90364 77.62996699999997
12.9781212 77.63303559999997
13.029427 77.58498459999998
13.0092019 77.55481570000006
12.915305 77.48101999999994
12.9266841 77.58322299999998
12.997093 77.60715299999993
13.007967 77.54669999999999
12.9576323 77.50286759999995
12.9317922 77.58073460000003
12.98233 77.61539100000005
12.907416 77.59736499999997
13.0311221 77.56516469999997
12.9937373 77.61112849999995
12.90741 77.59738700000003
13.0097338 77.65254449999998
12.94052 77.58093699999995
12.938586 77.62773100000004
13.0276278 77.58753920000004
13.0120941 77.54701030000001
12.9301571 77.58269949999999
13.032855 77.57157899999993
12.932745 77.58422399999995
12.8983601 77.61794650000002
12.998913 77.61547900000005
12.9757693 77.64602939999997
12.9352543 77.60586450000005
12.985522 77.64685699999995
12.958404 77.50030909999998
12.997449 77.67162299999995
13.0060409 77.65077710000003
12.906264 77.57454699999994
12.9349256 77.62818570000002
12.9763028 77.6659383
12.9272215 77.57342349999999
12.932594 77.58326
12.995729 77.541879
13.0505157 77.59793760000002
13.0443295 77.58045229999993
12.9858024 77.76296609999997
13.0354105 77.60557649999998
12.9559696 77.71705450000002
13.0497971 77.71563300000003
13.0480186 77.62196110000002
12.999562 77.67839279999998
13.0501273 77.59847509999997
13.042408 77.58226300000001
12.8912119 77.46556369999996
12.89651 77.46166019999998
12.888253 77.55080499999997
12.8614515 77.66470809999998
12.8743479 77.59262669999998
12.894655 77.67515300000002
13.0773473 77.81152369999995
12.8818593 77.44406400000003
13.0580395 77.64281499999993
13.0577874 77.57555500000001
12.887175 77.45085500000005
13.0806685 77.56659890000003
12.8811727 77.44431910000003
13.090245 77.54559999999992
13.0751504 77.66511620000006
13.0304874 77.56664920000003
12.866425 77.53420099999994
13.119876 77.55440999999996
13.1261458 77.51715949999993
12.8780221 77.51303250000001
12.871928 77.58248200000003
13.086417 77.63591700000006
12.8682531 77.61664880000001
13.1247271 77.6208838
13.049901 77.71539600000006
12.899983 77.62772500000005
12.995729 77.541879
12.9930596 77.58824219999997
12.9297256 77.61915049999993
12.9720225 77.63818300000003
12.929649 77.62246800000003
12.955677 77.63428199999998
12.9363017 77.6029158
12.9353305 77.58105380000006
12.9896463 77.59275530000002
12.9324303 77.60699699999998
12.9256811 77.62608810000006
12.9447745 77.60699269999998
12.9758101 77.64761659999999
12.976043 77.63601599999993
12.9307609 77.57443869999997
12.9886727 77.56852430000004
12.9351772 77.62425370000005
12.942065 77.60844339999994
12.991584 77.72030999999993
12.932783 77.58488299999999
12.958203 77.70067399999994
12.9676898 77.64197109999998
12.978683 77.64428599999997
12.9267059 77.56256469999994
12.9632453 77.63835449999999
12.9245462 77.56408269999997
12.92393 77.62912499999993
12.9245462 77.56408269999997
12.8602868 77.43714449999993
12.843566 77.66385700000001
12.8483977 77.46036079999999
12.995729 77.541879
12.913628 77.61484300000006
12.9175002 77.67154819999996
12.9077517 77.6319747
12.928388 77.58101499999998
12.9422256 77.5803085
12.93295 77.58441700000003
12.9301166 77.58628820000001
12.9342982 77.61535700000002
12.9158453 77.64292909999995
12.9087657 77.59248730000002
12.903105 77.58528799999999
12.939415 77.57818599999996
12.9116514 77.63181459999998
12.9097404 77.5812072
12.9055262 77.59128839999994
12.930053 77.58620500000006
12.9311204 77.57781030000001
12.9632453 77.63835449999999
12.975598 77.55692599999998
12.9911182 77.54964530000007
12.8286441 77.64776230000007
12.8251371 77.51486820000002
12.82667 77.55493339999998
12.995729 77.541879
12.8876335 77.69704660000002
12.8825127 77.62554290000003
12.8844318 77.61710599999992
12.8662186 77.65837179999994
12.8636991 77.656297
12.8510196 77.59350259999997
12.8661441 77.60076460000005
12.8494349 77.66247120000003
12.8574914 77.59851159999994
12.8446732 77.66324689999999
12.8448849 77.58807320000005
12.856339 77.58895239999993
12.8411787 77.66818999999998
12.8430611 77.66292180000005
12.8473373 77.67017499999997
12.8542482 77.66968999999995
12.8527046 77.66813769999999
12.8636991 77.656297
12.8688714 77.58192259999998
12.8792506 77.54487240000003
12.8345022 77.68359929999997
12.8320803 77.58787239999992
12.883268 77.54609900000003
12.8796626 77.59420390000002
12.894798 77.60269540000002
12.8483482 77.67490799999996
12.899059 77.71416299999999
12.861738 77.53186800000003
12.8980646 77.58504560000006
12.8800133 77.58023170000001
12.899366 77.71308799999997
12.8771067 77.56918610000002
12.8662186 77.65837179999994
12.8636991 77.656297
12.859455 77.65930630000003
12.8433728 77.67591479999999
12.8458049 77.67888399999993
12.844165 77.65857400000004
12.847298 77.67126099999996
12.8543194 77.6669776
12.8516557 77.67594910000003
12.842039 77.66330800000003
12.8547378 77.6709366
12.8516557 77.67594910000003
12.8516557 77.67594910000003
12.8516557 77.67594910000003
12.8516557 77.67594910000003
12.8516557 77.67594910000003
12.8542482 77.66968999999995
12.8636991 77.656297
12.8430611 77.66292180000005
12.85604 77.66386869999997
12.8542976 77.66658269999994
12.8636991 77.656297
12.8682531 77.61664880000001
12.8636991 77.656297
12.8636991 77.656297
12.8527046 77.66813769999999
12.8636991 77.656297
12.859455 77.65930630000003
12.8614515 77.66470809999998
12.8614515 77.66470809999998
12.8614515 77.66470809999998
12.8614515 77.66470809999998
12.8636991 77.656297
12.88042 77.58939699999996
12.9121934 77.65251
12.879458 77.76009299999998
12.9122101 77.65186059999996
12.902969 77.59798
12.912224 77.59232199999997
12.9129199 77.58200119999992
12.9136335 77.58124889999999
12.90804 77.58744899999999
12.9102354 77.59874579999996
12.9096498 77.58139370000004
12.9130449 77.62795649999998
12.9020907 77.57726179999997
12.902572 77.61966600000005
12.8780143 77.60232759999997
12.9123968 77.57720540000003
12.9149965 77.59694179999997
12.9143996 77.72410479999996
12.9140785 77.7237278
12.9165757 77.61011639999992
12.9149014 77.72393699999998
12.9225525 77.5928897
12.917762 77.59204999999997
12.914398 77.59980359999997
12.922577 77.63426500000003
12.9221986 77.60388799999998
12.9241319 77.73662960000001
12.9296819 77.63289750000001
12.9351485 77.62433669999996
12.9356564 77.62227510000002
12.9361693 77.58154639999998
12.935888 77.60705699999994
12.9376808 77.5709812
12.9365003 77.62879240000007
12.9365045 77.63213389999999
12.9283535 77.58684760000006
12.9236176 77.5697596
12.9336518 77.61449619999996
12.9250074 77.59380280000005
12.925016 77.59408499999995
12.9328931 77.61471630000005
12.9273176 77.56808419999993
12.9316458 77.60638519999998
12.9123968 77.57720540000003
12.915487 77.579703
12.9245092 77.57845250000003
12.9177939 77.57483400000001
12.928809 77.61055499999998
12.9318807 77.58221630000003
12.931043 77.584835
12.9274529 77.590597
12.9211287 77.61522939999998
12.9254076 77.58596450000005
12.9257053 77.61456190000001
12.9296711 77.58514209999998
12.9191443 77.60092959999997
12.9229587 77.61000220000005
12.9164439 77.60214059999998
12.934248 77.58281
12.924317 77.58595000000003
12.934925 77.60811899999999
12.935194 77.608161
12.9350743 77.6133304
12.924317 77.58595000000003
12.939819 77.58343390000005
12.9354068 77.58107510000002
12.9308645 77.61886849999996
12.9357651 77.60780369999998
12.9394049 77.594833
12.936282 77.61478899999997
12.9362174 77.61493040000005
12.935788 77.58773099999996
12.9365333 77.61860330000002
12.924317 77.58595000000003
12.941323 77.60742800000003
12.9497265 77.57515390000003
12.9460347 77.57859329999997
12.94277 77.57985600000006
12.9478362 77.60143790000006
12.9526146 77.57727120000004
12.9519598 77.5797844
12.9534485 77.57220110000003
12.9449177 77.57097599999997
12.9433024 77.57308620000003
12.9365333 77.61860330000002
12.9582918 77.58638470000005
12.956353 77.57411400000001
12.9555411 77.58797230000005
12.9562039 77.5850663
12.9433024 77.57308620000003
12.942065 77.60844339999994
12.928098 77.54144999999994
12.9311204 77.57781030000001
12.939697 77.62098609999998
12.9390683 77.62131580000005
12.942065 77.60844339999994
12.9700948 77.60667089999993
12.9442602 77.62055129999999
12.9292361 77.62420569999995
12.9290548 77.62391209999998
12.9365045 77.63213389999999
12.9510792 77.6226021
12.950946 77.62094000000002
12.941147 77.62535200000002
12.9300181 77.62357279999992
12.9308851 77.63270439999997
12.9346599 77.62927109999998
12.9269781 77.62121400000001
12.9260179 77.62541799999997
12.9365333 77.61860330000002
12.919513 77.621037
12.929436 77.59242399999994
12.9346599 77.62927109999998
12.9346599 77.62927109999998
12.9540944 77.63093939999999
12.9346599 77.62927109999998
12.995729 77.541879
12.962096 77.65245800000002
12.968965 77.65050799999995
12.967753 77.64220699999998
12.9708127 77.63563699999997
12.965914 77.61537799999996
12.9654062 77.6088608
12.9724612 77.64848849999998
12.9603368 77.64587949999998
12.974177 77.62616500000001
12.9712868 77.64500720000001
12.978281 77.63861500000007
12.973874 77.64304100000004
12.9701177 77.6480838
12.9728994 77.62946639999996
12.9684 77.65061700000001
12.9655455 77.64178770000001
12.9725623 77.63279829999999
12.9654295 77.61047660000008
12.9574595 77.63943670000003
12.9666322 77.60811790000002
12.9613885 77.63664919999997
12.9739279 77.63677189999999
12.9714422 77.64955669999995
12.961239 77.63729710000007
12.9696766 77.6303815
12.9770004 77.73028850000003
12.96909 77.701774
12.9716278 77.70459159999996
12.958201 77.70026400000006
12.977073 77.72499700000003
12.9764567 77.73007289999998
12.9789319 77.74801120000006
12.957 77.7002
12.979522 77.72818000000007
12.9436381 77.6912443
12.957292 77.70095400000002
13.0059479 77.65034620000006
13.0099446 77.69550329999993
13.023733 77.61256700000001
13.024523 77.64072499999997
13.024106 77.63744399999996
12.986326 77.60624200000007
12.9272215 77.57342349999999
13.0499329 77.72002099999997
13.0250978 77.71534040000006
13.052845 77.71722399999999
13.0222936 77.71320659999992
13.0055456 77.66019570000003
13.0224557 77.64659959999994
13.0152672 77.65346729999999
13.0228967 77.62960509999994
13.012623 77.64264500000002
13.0209484 77.62875789999998
13.0200455 77.64135529999999
13.0245231 77.64072579999993
13.0243954 77.63840140000002
13.0224557 77.64659959999994
13.0238806 77.61937510000007
13.020425 77.64334199999996
13.0046727 77.62284460000001
13.008154 77.62829999999997
13.0228004 77.63252420000003
13.017326 77.63623299999995
13.0140783 77.63735810000003
13.0145238 77.64683560000003
13.03716 77.64372800000001
13.0372967 77.61985119999997
13.026941 77.63277900000003
13.0291946 77.6339193
13.0288352 77.63260779999996
13.0291749 77.64114259999997
13.0259049 77.60585400000002
12.9980249 77.67739080000001
13.0040167 77.68777649999993
13.034622 77.60115799999994
13.035728 77.59727900000007
12.9997281 77.59536800000001
13.0248475 77.63109780000002
12.9990343 77.67973660000007
13.0250477 77.64247060000002
13.0048364 77.60308780000003
13.0291017 77.63248440000007
13.006915 77.59591120000005
12.9971773 77.6139101
13.0180616 77.59648689999995
13.0145238 77.64683560000003
13.0233315 77.58944399999996
13.0200444 77.58403840000005
13.0279715 77.58849750000002
13.0247425 77.59391200000005
13.0286737 77.5702258
12.9932754 77.58817440000007
13.0098427 77.57049319999999
13.0069359 77.56379040000002
13.0292569 77.56729399999995
12.9982283 77.57966869999996
13.013761 77.57533979999994
13.0087065 77.56961750000005
13.0046989 77.56424900000002
12.9935253 77.61978420000003
13.0328337 77.58538539999995
13.0299765 77.56405799999993
13.0054928 77.56350240000006
13.0305938 77.56568399999992
12.998027 77.57112099999995
12.9953048 77.57131800000002
13.0269861 77.63616249999995
12.9984998 77.56959180000001
13.0077696 77.56217300000003
13.024531 77.59287100000006
13.0218597 77.5671423
13.0284315 77.58192580000002
13.0073732 77.57954730000006
12.995239 77.60810200000003
13.024419 77.58361300000001
13.0090593 77.57053689999998
13.0089273 77.58015810000006
13.0135132 77.58092669999996
12.9971003 77.58083450000004
13.0018894 77.57356170000003
13.001896 77.57715050000002
13.0145238 77.64683560000003
13.0301496 77.56695709999997
13.001008 77.56397140000001
13.003773 77.59272299999998
13.0056646 77.56722330000002
13.0215757 77.58504820000007
13.0220393 77.5935561
13.0183562 77.57089020000001
13.0312432 77.57064209999999
13.0241648 77.585149
13.00091 77.57124569999996
13.0018858 77.56643600000007
13.000225 77.56847500000003
12.9944537 77.57131099999992
13.024531 77.59287100000006
13.0247425 77.59391200000005
13.0407616 77.55262749999997
13.0222003 77.55907239999999
13.0589275 77.5842543
13.0441175 77.54380100000003
13.021367 77.55611699999997
13.0377358 77.56798140000001
13.0476858 77.54430409999998
13.0398628 77.55582750000008
13.0362688 77.58952509999995
13.028485 77.552233
13.0461395 77.54625740000006
13.0242078 77.55718300000001
13.047713 77.59190390000003
13.0383998 77.55477780000001
13.024106 77.63744399999996
13.0444479 77.57157419999999
13.0377358 77.56798140000001
13.0589275 77.5842543
13.062033 77.59776
13.0683582 77.60925079999993
13.0689897 77.57716219999998
13.0665854 77.57228540000006
13.0685451 77.61094559999992
13.0730949 77.55260739999994
13.0696167 77.55921749999993
13.11317 77.57340399999998
13.0520191 77.52252939999994
13.1074673 77.57609130000003
13.0891948 77.54616220000003
13.1105677 77.49618080000005
13.0989677 77.58622170000001
13.083894 77.48393750000002
13.0545218 77.48328249999997
13.0491412 77.50810709999996
13.0676585 77.50467189999995
13.099129 77.58935399999996
13.0861773 77.6357375
13.1033435 77.61244839999995
13.1040984 77.63347150000004
13.0944536 77.5860123
13.1032912 77.61222569999995
13.086151 77.63559399999997
13.0994921 77.58804839999993
13.0696167 77.55921749999993
13.0853333 77.46476009999992
13.0754222 77.55907780000007
13.0893867 77.54599940000003
13.0447847 77.50877009999999
13.049621 77.494146
13.10197 77.58635909999998
13.0913811 77.48977479999996
13.0965312 77.59113419999994
13.041522 77.52464399999997
13.0619996 77.56235019999997
13.084223 77.59440510000002
13.062264 77.62617399999999
13.047713 77.59190390000003
13.0305939 77.53555210000002
13.0347357 77.53455510000003
13.035636 77.5053269
13.0548766 77.48172279999994
13.0355253 77.51508460000002
13.049621 77.494146
13.0284929 77.49602579999998
13.035636 77.5053269
13.035636 77.5053269
13.035561 77.51872600000002
13.0300634 77.4847555
13.049367 77.50563299999999
13.047789 77.49771299999998
13.0197188 77.5230669
13.0252225 77.50825950000001
13.042867 77.51611700000001
13.049621 77.494146
13.0091716 77.5548073
12.9981227 77.55859520000001
12.993825 77.49421099999995
13.0032 77.48476699999992
12.993093 77.58846399999993
12.9891848 77.50250440000002
12.9882887 77.54534220000005
12.9925127 77.55536289999998
13.00269 77.537194
12.9960773 77.54769069999998
13.0010807 77.54112080000004
12.9956845 77.55460089999997
12.9901992 77.57511699999998
12.99798 77.54378999999994
13.0362688 77.58952509999995
12.9537039 77.516258
12.958902 77.51559959999997
12.9802904 77.50562420000006
12.995729 77.541879
12.995729 77.541879
12.948404 77.64521400000001
12.9592607 77.66131819999998
12.995729 77.541879
12.939415 77.57818599999996
12.9365333 77.61860330000002
12.9403658 77.5623554
12.9290907 77.55212010000002
12.935993 77.55203200000005
12.9259679 77.54900480000003
12.94277 77.57985600000006
12.9603218 77.60346700000002
12.9646994 77.59583220000002
12.9870031 77.54264920000003
12.958404 77.50030909999998
12.6827335 77.7158958
13.1339275 77.56794400000001
12.995729 77.541879
12.9442602 77.62055129999999
12.94277 77.57985600000006
12.92393 77.62912499999993
12.9029901 77.60242219999998
12.9071916 77.63302090000002
12.9116514 77.63181459999998
12.915993 77.64283
12.9071838 77.56539169999996
12.9071201 77.56557299999997
12.9071332 77.56555430000003
12.914969 77.63225399999999
12.9061536 77.59363469999994
12.9142606 77.62317180000002
12.9049039 77.56825789999994
12.9093896 77.56483070000002
12.9105569 77.58205350000003
12.9110561 77.63528289999999
12.8908635 77.60057890000007
12.9071916 77.63302090000002
12.9124808 77.55737079999994
12.9220062 77.5672257
12.8993403 77.49615849999998
12.9187736 77.67009510000003
12.9568168 77.56409340000005
12.8527046 77.66813769999999
12.7547727 77.62425740000003
12.8333516 77.51241800000003
12.828343 77.58799499999998
12.8904972 77.59740250000004
12.8122852 77.70982939999999
12.8448849 77.58807320000005
12.856339 77.58895239999993
12.8771067 77.56918610000002
12.8527046 77.66813769999999
12.824166 77.60746399999994
12.8243819 77.6205837